1701352260329;4412887,44904,1,6666,382,105,32408,0,0,34534,8724,0,33310,8349,5,32240,0,0,132037,0,0,33290,8656,3,34452,4690,178,33288,0,0,33311,14807,0,33302,9093,10;
1701352260421;4412979,44904,1,6745,445,27,32408,0,0,34534,8721,0,33310,8315,5,32240,0,0,132037,0,0,33290,8655,3,34452,4689,176,33288,0,0,33311,14808,0,33302,9097,10;
1701352260451;4413083,44904,1,6747,445,25,32408,0,0,34534,8722,0,33310,8315,5,32240,0,0,132037,0,0,33290,8656,3,34452,4689,172,33288,0,0,33311,14803,0,33302,9093,10;
1701352260566;4413183,44904,1,6742,443,29,32408,0,0,34534,8722,0,33310,8316,5,32240,0,0,132037,0,0,33290,8655,3,34452,4689,173,33288,0,0,33311,14810,0,33302,9097,11;
1701352260746;4413379,44904,1,6656,374,118,32408,0,0,34534,8727,0,33310,8352,5,32240,0,0,132037,0,0,33290,8655,3,34452,4688,172,33288,0,0,33311,14777,0,33302,9096,11;
1701352261042;4413684,44904,1,6742,443,29,32408,0,0,34534,8729,0,33310,8316,5,32240,0,0,132037,0,0,33290,8655,3,34452,4689,173,33288,0,0,33311,14802,0,33302,9096,10;
1701352261245;4413882,44904,1,6740,441,32,32408,0,0,34534,8725,0,33310,8317,5,32240,0,0,132037,0,0,33290,8655,3,34452,4689,173,33288,0,0,33311,14771,0,33302,9097,10;
1701352261445;4414084,44904,1,6737,438,36,32408,0,0,34534,8732,0,33310,8318,5,32240,0,0,132037,0,0,33290,8655,3,34452,4688,171,33288,0,0,33311,14784,0,33302,9093,10;
1701352261647;4414282,44904,1,6742,443,29,32408,0,0,34534,8735,0,33310,8316,5,32240,0,0,132037,0,0,33290,8655,3,34452,4689,173,33288,0,0,33311,14781,0,33302,9096,12;
1701352261859;4414484,44904,1,6742,439,33,32408,0,0,34534,8740,0,33310,8318,5,32240,0,0,132037,0,0,33290,8657,3,34452,4688,171,33288,0,0,33311,14769,0,33302,9094,12;
1701352261947;4414580,44904,1,6745,442,29,32408,0,0,34534,8741,0,33310,8316,5,32240,0,0,132037,0,0,33290,8656,3,34452,4688,173,33288,0,0,33311,14792,0,33302,9095,12;
1701352262045;4414682,44904,1,6742,444,28,32408,0,0,34534,8737,0,33310,8315,5,32240,0,0,132037,0,0,33290,8654,3,34452,4689,176,33288,0,0,33311,14796,0,33302,9097,12;
1701352262286;4414784,44904,1,6737,440,35,32408,0,0,34534,8744,0,33310,8317,5,32240,0,0,132037,0,0,33290,8654,3,34452,4688,173,33288,0,0,33311,14806,0,33302,9095,12;
1701352262332;4414884,44904,1,6745,445,27,32408,0,0,34534,8740,0,33310,8315,5,32240,0,0,132037,0,0,33290,8655,3,34452,4689,173,33288,0,0,33311,14802,0,33302,9096,12;
1701352262365;4414979,44904,1,6658,376,113,32408,0,0,34534,8744,0,33310,8351,5,32240,0,0,132037,0,0,33290,8655,2,34452,4689,174,33288,0,0,33311,14813,0,33302,9095,12;
1701352262648;4415284,44904,1,6666,382,106,32408,0,0,34534,8731,0,33310,8348,5,32240,0,0,132037,0,0,33290,8655,3,34452,4689,178,33288,0,0,33311,14795,0,33302,9096,12;
1701352262952;4415583,44904,1,6747,445,25,32408,0,0,34534,8739,0,33310,8315,5,32240,0,0,132037,0,0,33290,8656,3,34452,4689,176,33288,0,0,33311,14813,0,33302,9099,13;
1701352263050;4415684,44904,1,6744,446,28,32408,0,0,34534,8739,0,33310,8314,5,32240,0,0,132037,0,0,33290,8654,3,34452,4688,175,33288,0,0,33311,14798,0,33302,9098,13;
1701352263149;4415785,44904,1,6740,442,32,32408,0,0,34534,8742,0,33310,8316,5,32240,0,0,132037,0,0,33290,8654,3,34452,4688,176,33288,0,0,33311,14816,0,33302,9099,13;
1701352263244;4415880,44904,1,6747,445,25,32408,0,0,34534,8743,0,33310,8315,5,32240,0,0,132037,0,0,33290,8656,3,34452,4689,179,33288,0,0,33311,14815,0,33302,9096,13;
1701352263541;4416184,44904,1,6663,380,108,32408,0,0,34534,8746,0,33310,8349,5,32240,0,0,132037,0,0,33290,8655,2,34452,4689,174,33288,0,0,33311,0,0,33302,9100,12;
1701352263651;4416279,44904,1,6747,443,26,32408,0,0,34534,8751,0,33310,8316,5,32240,0,0,132037,0,0,33290,8657,2,34452,4689,176,33288,0,0,33311,14819,0,33302,9097,11;
1701352263846;4416483,44904,1,6747,443,26,32408,0,0,34534,8747,0,33310,8316,5,32240,0,0,132037,0,0,33290,8657,2,34452,4689,178,33288,0,0,33311,14816,0,33302,9095,10;
1701352263950;4416584,44904,1,6666,381,107,32408,0,0,34534,8745,0,33310,8349,5,32240,0,0,132037,0,0,33290,8656,3,34452,4689,177,33288,0,0,33311,14811,0,33302,9093,9;
1701352264051;4416680,44904,1,6739,442,30,32408,0,0,34534,8744,0,33310,8317,5,32240,0,0,132037,0,0,33290,8655,2,34452,4690,180,33288,0,0,33311,0,0,33302,9097,9;
1701352264148;4416781,44904,1,6747,443,26,32408,0,0,34534,8745,0,33310,8316,5,32240,0,0,132037,0,0,33290,8657,2,34452,4689,180,33288,0,0,33311,14820,0,33302,9096,9;
1701352264248;4416882,44904,1,6745,443,28,32408,0,0,34534,8750,0,33310,8316,5,32240,0,0,132037,0,0,33290,8656,3,34452,4689,180,33288,0,0,33311,0,0,33302,9096,10;
1701352264350;4416984,44904,1,6747,445,25,32408,0,0,34534,8755,0,33310,8315,5,32240,0,0,132037,0,0,33290,8656,2,34452,4689,179,33288,0,0,33311,14817,0,33302,9094,10;
1701352264453;4417078,44904,1,6753,443,25,32408,0,0,34534,8744,0,33310,8316,5,32240,0,0,132037,0,0,33290,8659,2,34452,4688,177,33288,0,0,33311,0,0,33302,9095,11;
1701352264552;4417182,44904,1,6747,443,26,32408,0,0,34534,8747,0,33310,8316,5,32240,0,0,132037,0,0,33290,8657,3,34452,4689,177,33288,0,0,33311,0,0,33302,9100,11;
1701352264648;4417283,44904,1,6750,445,24,32408,0,0,34534,8742,0,33310,8315,5,32240,0,0,132037,0,0,33290,8657,2,34452,4689,176,33288,0,0,33311,0,0,33302,9097,12;
1701352264752;4417383,44904,1,6742,444,27,32408,0,0,34534,8746,0,33310,8316,5,32240,0,0,132037,0,0,33290,8655,2,34452,4690,178,33288,0,0,33311,0,0,33302,9098,12;
1701352264850;4417479,44904,1,6661,377,112,32408,0,0,34534,8743,0,33310,8351,5,32240,0,0,132037,0,0,33290,8656,3,34452,4689,181,33288,0,0,33311,14821,0,33302,9095,12;
1701352264965;4417582,44904,1,6745,445,27,32408,0,0,34534,8750,0,33310,8315,5,32240,0,0,132037,0,0,33290,8655,3,34452,4689,174,33288,0,0,33311,0,0,33302,9097,12;
1701352265149;4417784,44904,1,6742,444,28,32408,0,0,34534,8737,0,33310,8315,5,32240,0,0,132037,0,0,33290,8654,3,34452,4689,174,33288,0,0,33311,0,0,33302,9100,13;
1701352265346;4417983,44904,1,6749,449,22,32408,0,0,34534,8746,0,33310,8313,5,32240,0,0,132037,0,0,33290,8655,3,34452,4689,171,33288,0,0,33311,14803,0,33302,9099,13;
1701352265554;4418184,44904,1,6744,446,26,32408,0,0,34534,8743,0,33310,8314,5,32240,0,0,132037,0,0,33290,8654,3,34452,4689,172,33288,0,0,33311,14811,0,33302,9096,12;
1701352265951;4418584,44904,1,6661,377,112,32408,0,0,34534,8756,0,33310,8350,5,32240,0,0,132037,0,0,33290,8655,3,34452,4688,170,33288,0,0,33311,14810,0,33302,9098,12;
1701352266442;4419079,44904,1,6658,380,112,32408,0,0,34534,8749,0,33310,8348,5,32240,0,0,132037,0,0,33290,8652,3,34452,4688,170,33288,0,0,33311,0,0,33302,9096,12;
1701352266706;4419181,44904,1,6663,380,108,32408,0,0,34534,8749,0,33310,8349,5,32240,0,0,132037,0,0,33290,8655,3,34452,4689,172,33288,0,0,33311,14821,0,33302,9094,12;
1701352266735;4419282,44904,1,6747,447,24,32408,0,0,34534,8749,0,33310,8314,5,32240,0,0,132037,0,0,33290,8655,3,34452,4689,172,33288,0,0,33311,14784,0,33302,9098,12;
1701352266943;4419579,44904,1,6660,380,110,32408,0,0,34534,8744,0,33310,8349,5,32240,0,0,132037,0,0,33290,8654,3,34452,4689,176,33288,0,0,33311,14793,0,33302,9097,11;
1701352267252;4419884,44904,1,6661,379,111,32408,0,0,34534,8746,0,33310,8349,5,32240,0,0,132037,0,0,33290,8654,3,34452,4688,178,33288,0,0,33311,14769,0,33302,9099,12;
1701352267586;4420182,44904,1,6660,382,109,32408,0,0,34534,8744,0,33310,8348,5,32240,0,0,132037,0,0,33290,8653,3,34452,4689,177,33288,0,0,33311,14708,0,33302,9099,12;
1701352267746;4420384,44904,1,6747,448,23,32408,0,0,34534,8738,0,33310,8314,5,32240,0,0,132037,0,0,33290,8655,3,34452,4690,176,33288,0,0,33311,14722,0,33302,9096,13;
1701352267849;4420480,44904,1,6666,382,106,32408,0,0,34534,8741,0,33310,8348,5,32240,0,0,132037,0,0,33290,8655,3,34452,4689,178,33288,0,0,33311,14717,0,33302,9095,13;
1701352267948;4420581,44904,1,6656,376,115,32408,0,0,34534,8746,0,33310,8351,5,32240,0,0,132037,0,0,33290,8654,3,34452,4689,178,33288,0,0,33311,14675,0,33302,9098,13;
1701352268142;4420783,44904,1,6661,377,112,32408,0,0,34534,8746,0,33310,8351,5,32240,0,0,132037,0,0,33290,8656,3,34452,4689,176,33288,0,0,33311,14690,0,33302,9096,12;
1701352268343;4420982,44904,1,6742,441,30,32408,0,0,34534,8742,0,33310,8317,5,32240,0,0,132037,0,0,33290,8656,3,34452,4689,178,33288,0,0,33311,14689,0,33302,9097,12;
1701352268448;4421082,44904,1,6661,378,111,32408,0,0,34534,8750,0,33310,8350,5,32240,0,0,132037,0,0,33290,8655,3,34452,4689,177,33288,0,0,33311,14708,0,33302,9097,11;
1701352268551;4421185,44904,1,6747,443,26,32408,0,0,34534,8739,0,33310,8316,5,32240,0,0,132037,0,0,33290,8657,3,34452,4689,177,33288,0,0,33311,14685,0,33302,9097,11;
1701352268647;4421279,44904,1,6739,444,30,32408,0,0,34534,8747,0,33310,8315,5,32240,0,0,132037,0,0,33290,8653,3,34452,4689,176,33288,0,0,33311,14681,0,33302,9096,11;
1701352268745;4421382,44904,1,6735,437,36,32408,0,0,34534,8742,0,33310,8319,5,32240,0,0,132037,0,0,33290,8655,3,34452,4689,177,33288,0,0,33311,14705,0,33302,9098,11;
1701352268846;4421483,44904,1,6742,439,30,32408,0,0,34534,8743,0,33310,8319,5,32240,0,0,132037,0,0,33290,8658,3,34452,4690,179,33288,0,0,33311,14712,0,33302,9096,12;
1701352268945;4421584,44904,1,6740,439,32,32408,0,0,34534,8740,0,33310,8318,5,32240,0,0,132037,0,0,33290,8656,3,34452,4689,178,33288,0,0,33311,14700,0,33302,9095,12;
1701352269047;4421678,44904,1,6735,439,35,32408,0,0,34534,8745,0,33310,8318,5,32240,0,0,132037,0,0,33290,8654,3,34452,4689,177,33288,0,0,33311,14702,0,33302,9099,11;
1701352269243;4421886,44904,1,6735,439,35,32408,0,0,34534,8739,0,33310,8318,5,32240,0,0,132037,0,0,33290,8654,3,34452,4689,177,33288,0,0,33311,14736,0,33302,9099,11;
1701352269441;4422079,44904,1,6737,437,35,32408,0,0,34534,8743,0,33310,8319,5,32240,0,0,132037,0,0,33290,8656,3,34452,4689,175,33288,0,0,33311,14733,0,33302,9097,11;
1701352269708;4422181,44904,1,6740,439,32,32408,0,0,34534,8747,0,33310,8318,5,32240,0,0,132037,0,0,33290,8656,3,34452,4689,177,33288,0,0,33311,14733,0,33302,9100,11;
1701352269747;4422382,44904,1,6737,437,35,32408,0,0,34534,8740,0,33310,8319,4,32240,0,0,132037,0,0,33290,8656,3,34452,4689,177,33288,0,0,33311,14743,0,33302,9098,11;
1701352269856;4422481,44904,1,6732,437,38,32408,0,0,34534,8739,0,33310,8319,5,32240,0,0,132037,0,0,33290,8654,3,34452,4689,180,33288,0,0,33311,14765,0,33302,9096,11;
1701352269947;4422578,44904,1,6737,437,35,32408,0,0,34534,8737,0,33310,8319,5,32240,0,0,132037,0,0,33290,8656,3,34452,4689,179,33288,0,0,33311,14783,0,33302,9095,11;
1701352270045;4422681,44904,1,6737,439,34,32408,0,0,34534,8739,0,33310,8318,5,32240,0,0,132037,0,0,33290,8655,3,34452,4689,176,33288,0,0,33311,14775,0,33302,9096,11;
1701352270211;4422783,44904,1,6742,441,30,32408,0,0,34534,8741,0,33310,8317,5,32240,0,0,132037,0,0,33290,8656,3,34452,4689,176,33288,0,0,33311,14812,0,33302,9099,10;
1701352270346;4422979,44904,1,6740,439,32,32408,0,0,34534,8739,0,33310,8318,5,32240,0,0,132037,0,0,33290,8656,3,34452,4689,177,33288,0,0,33311,14771,0,33302,9097,12;
1701352270449;4423081,44904,1,6739,443,31,32408,0,0,34534,8739,0,33310,8316,5,32240,0,0,132037,0,0,33290,8654,3,34452,4689,179,33288,0,0,33311,14770,0,33302,9097,11;
1701352270643;4423284,44904,1,6747,445,25,32408,0,0,34534,8744,0,33310,8315,5,32240,0,0,132037,0,0,33290,8656,3,34452,4689,177,33288,0,0,33311,14809,0,33302,9096,12;
1701352270938;4423582,44904,1,6753,443,25,32408,0,0,34534,8747,0,33310,8316,5,32240,0,0,132037,0,0,33290,8659,3,34452,4688,173,33288,0,0,33311,0,0,33302,9098,13;
1701352271141;4423779,44904,1,6656,376,115,32408,0,0,34534,8741,0,33310,8351,5,32240,0,0,132037,0,0,33290,8654,3,34452,4689,175,33288,0,0,33311,14812,0,33302,9098,12;
1701352271246;4423883,44904,1,6744,446,25,32408,0,0,34534,8737,0,33310,8315,5,32240,0,0,132037,0,0,33290,8655,3,34452,4690,176,33288,0,0,33311,14811,0,33302,9097,12;
1701352271347;4423983,44904,1,6658,375,115,32408,0,0,34534,8742,0,33310,8351,5,32240,0,0,132037,0,0,33290,8655,3,34452,4688,173,33288,0,0,33311,0,0,33302,9097,11;
1701352271460;4424084,44904,1,6742,443,29,32408,0,0,34534,8732,0,33310,8316,5,32240,0,0,132037,0,0,33290,8655,3,34452,4689,174,33288,0,0,33311,14819,0,33302,9093,10;
1701352271547;4424179,44904,1,6658,378,112,32408,0,0,34534,8731,0,33310,8350,5,32240,0,0,132037,0,0,33290,8654,3,34452,4689,175,33288,0,0,33311,0,0,33302,9098,10;
1701352271646;4424283,44904,1,6663,379,110,32408,0,0,34534,8740,0,33310,8349,5,32240,0,0,132037,0,0,33290,8655,3,34452,4688,175,33288,0,0,33311,0,0,33302,9096,10;
1701352271744;4424382,44904,1,6663,379,110,32408,0,0,34534,8724,0,33310,8349,5,32240,0,0,132037,0,0,33290,8655,3,34452,4688,174,33288,0,0,33311,0,0,33302,9097,10;
1701352272050;4424681,44904,1,6666,382,106,32408,0,0,34534,8732,0,33310,8348,5,32240,0,0,132037,0,0,33290,8655,3,34452,4689,174,33288,0,0,33311,0,0,33302,9095,10;
1701352272248;4424884,44904,1,6666,381,107,32408,0,0,34534,8730,0,33310,8348,5,32240,0,0,132037,0,0,33290,8655,3,34452,4688,174,33288,0,0,33311,14820,0,33302,9093,10;
1701352272348;4424979,44904,1,6661,377,112,32408,0,0,34534,8728,0,33310,8350,5,32240,0,0,132037,0,0,33290,8655,3,34452,4688,173,33288,0,0,33311,14810,0,33302,9097,10;
1701352272651;4425284,44904,1,6666,381,107,32408,0,0,34534,8725,0,33310,8349,5,32240,0,0,132037,0,0,33290,8656,3,34452,4689,174,33288,0,0,33311,14809,0,33302,9096,12;
1701352272750;4425377,44904,1,6668,382,106,32408,0,0,34534,8734,0,33310,8348,5,32240,0,0,132037,0,0,33290,8656,3,34452,4688,173,33288,0,0,33311,14810,0,33302,9096,12;
1701352272842;4425481,44904,1,6745,444,29,32408,0,0,34534,8731,0,33310,8315,5,32240,0,0,132037,0,0,33290,8655,3,34452,4688,172,33288,0,0,33311,14816,0,33302,9099,13;
1701352272948;4425582,44904,1,6673,383,101,32408,0,0,34534,8737,0,33310,8348,5,32240,0,0,132037,0,0,33290,8658,3,34452,4689,173,33288,0,0,33311,14812,0,33302,9097,13;
1701352273046;4425684,44904,1,6666,381,107,32408,0,0,34534,8729,0,33310,8348,5,32240,0,0,132037,0,0,33290,8655,3,34452,4688,174,33288,0,0,33311,14805,0,33302,9098,12;
1701352273343;4425981,44904,1,6747,444,27,32408,0,0,34534,8740,0,33310,8315,5,32240,0,0,132037,0,0,33290,8656,3,34452,4688,175,33288,0,0,33311,14821,0,33302,9094,11;
1701352273445;4426082,44904,1,6750,446,25,32408,0,0,34534,8740,0,33310,8314,5,32240,0,0,132037,0,0,33290,8656,3,34452,4688,174,33288,0,0,33311,0,0,33302,9096,11;
1701352273547;4426183,44904,1,6745,444,29,32408,0,0,34534,8733,0,33310,8315,5,32240,0,0,132037,0,0,33290,8655,3,34452,4688,174,33288,0,0,33311,0,0,33302,9095,11;
1701352273745;4426383,44904,1,6663,379,109,32408,0,0,34534,8730,0,33310,8350,5,32240,0,0,132037,0,0,33290,8656,3,34452,4689,173,33288,0,0,33311,0,0,33302,9096,11;
1701352273847;4426481,44904,1,6742,444,30,32408,0,0,34534,8735,0,33310,8315,5,32240,0,0,132037,0,0,33290,8654,3,34452,4688,172,33288,0,0,33311,0,0,33302,9094,12;
1701352273945;4426582,44904,1,6661,378,113,32408,0,0,34534,8729,0,33310,8349,5,32240,0,0,132037,0,0,33290,8654,3,34452,4687,170,33288,0,0,33311,0,0,33302,9099,12;
1701352274043;4426678,44904,1,6745,445,27,32408,0,0,34534,8735,0,33310,8315,5,32240,0,0,132037,0,0,33290,8655,3,34452,4689,169,33288,0,0,33311,14809,0,33302,9097,12;
1701352274339;4426983,44904,1,6653,374,117,32408,0,0,34534,8720,0,33310,8352,5,32240,0,0,132037,0,0,33290,8654,3,34452,4689,171,33288,0,0,33311,14813,0,33302,9097,11;
1701352274444;4427083,44904,1,6671,384,103,32408,0,0,34534,8723,0,33310,8347,5,32240,0,0,132037,0,0,33290,8656,3,34452,4688,171,33288,0,0,33311,0,0,33302,9097,12;
1701352274641;4427281,44904,1,6666,382,106,32408,0,0,34534,8720,0,33310,8348,5,32240,0,0,132037,0,0,33290,8655,3,34452,4689,171,33288,0,0,33311,0,0,33302,9098,11;
1701352274746;4427383,44904,1,6653,373,119,32408,0,0,34534,8723,0,33310,8352,5,32240,0,0,132037,0,0,33290,8654,3,34452,4688,173,33288,0,0,33311,0,0,33302,9097,11;
1701352274847;4427482,44904,1,6663,379,110,32408,0,0,34534,8719,0,33310,8349,5,32240,0,0,132037,0,0,33290,8655,3,34452,4688,172,33288,0,0,33311,14822,0,33302,9098,11;
1701352274945;4427578,44904,1,6653,376,117,32408,0,0,34534,8719,0,33310,8350,5,32240,0,0,132037,0,0,33290,8652,3,34452,4688,171,33288,0,0,33311,14820,0,33302,9100,11;
1701352275045;4427683,44904,1,6742,442,31,32408,0,0,34534,8720,0,33310,8316,5,32240,0,0,132037,0,0,33290,8655,3,34452,4688,171,33288,0,0,33311,14817,0,33302,9097,11;
1701352275143;4427781,44904,1,6658,380,111,32408,0,0,34534,8719,0,33310,8349,5,32240,0,0,132037,0,0,33290,8653,3,34452,4689,174,33288,0,0,33311,14800,0,33302,9102,11;
1701352275245;4427882,44904,1,6660,380,110,32408,0,0,34534,8715,0,33310,8349,5,32240,0,0,132037,0,0,33290,8654,3,34452,4689,176,33288,0,0,33311,0,0,33302,9097,11;
1701352275349;4427983,44904,1,6648,377,118,32408,0,0,34534,8719,0,33310,8350,5,32240,0,0,132037,0,0,33290,8650,3,34452,4689,177,33288,0,0,33311,14798,0,33302,9097,11;
1701352275447;4428078,44904,1,6668,382,106,32408,0,0,34534,8722,0,33310,8348,5,32240,0,0,132037,0,0,33290,8656,3,34452,4688,175,33288,0,0,33311,14810,0,33302,9098,11;
1701352275546;4428180,44904,1,6665,384,105,32408,0,0,34534,8717,0,33310,8347,6,32240,0,0,132037,0,0,33290,8654,3,34452,4689,177,33288,0,0,33311,14790,0,33302,9097,11;
1701352275647;4428281,44904,1,6658,377,114,32408,0,0,34534,8715,0,33310,8350,5,32240,0,0,132037,0,0,33290,8654,3,34452,4688,177,33288,0,0,33311,14804,0,33302,9097,12;
1701352275746;4428383,44904,1,6658,378,112,32408,0,0,34534,8720,0,33310,8350,5,32240,0,0,132037,0,0,33290,8654,3,34452,4689,179,33288,0,0,33311,14815,0,33302,9097,12;
1701352275844;4428483,44904,1,6663,380,108,32408,0,0,34534,8723,0,33310,8349,6,32240,0,0,132037,0,0,33290,8655,3,34452,4689,178,33288,0,0,33311,0,0,33302,9097,13;
1701352276041;4428681,44904,1,6656,376,115,32408,0,0,34534,8723,0,33310,8351,5,32240,0,0,132037,0,0,33290,8654,3,34452,4689,176,33288,0,0,33311,14811,0,33302,9096,13;
1701352276146;4428781,44904,1,6663,384,106,32408,0,0,34534,8722,0,33310,8347,5,32240,0,0,132037,0,0,33290,8653,3,34452,4689,175,33288,0,0,33311,14813,0,33302,9097,13;
1701352276341;4428978,44904,1,6665,385,105,32408,0,0,34534,8724,0,33310,8346,5,32240,0,0,132037,0,0,33290,8653,3,34452,4688,174,33288,0,0,33311,14782,0,33302,9096,12;
1701352276540;4429181,44904,1,6655,377,116,32408,0,0,34534,8722,0,33310,8350,5,32240,0,0,132037,0,0,33290,8653,3,34452,4688,174,33288,0,0,33311,14802,0,33302,9100,11;
1701352276647;4429283,44904,1,6663,384,106,32408,0,0,34534,8727,0,33310,8347,5,32240,0,0,132037,0,0,33290,8653,3,34452,4689,175,33288,0,0,33311,14796,0,33302,9097,11;
1701352276744;4429378,44904,1,6663,383,108,32408,0,0,34534,8727,0,33310,8347,5,32240,0,0,132037,0,0,33290,8653,3,34452,4688,174,33288,0,0,33311,14804,0,33302,9098,10;
1701352276846;4429483,44904,1,6665,384,105,32408,0,0,34534,8728,0,33310,8347,5,32240,0,0,132037,0,0,33290,8654,3,34452,4689,174,33288,0,0,33311,14800,0,33302,9096,11;
1701352277150;4429782,44904,1,6744,446,26,32408,0,0,34534,8717,0,33310,8314,5,32240,0,0,132037,0,0,33290,8654,3,34452,4689,176,33288,0,0,33311,14795,0,33302,9096,11;
1701352277244;4429884,44904,1,6665,383,106,32408,0,0,34534,8723,0,33310,8347,5,32240,0,0,132037,0,0,33290,8654,3,34452,4688,174,33288,0,0,33311,14803,0,33302,9098,11;
1701352277535;4430181,44904,1,6663,379,110,32408,0,0,34534,8727,0,33310,8349,5,32240,0,0,132037,0,0,33290,8655,3,34452,4688,175,33288,0,0,33311,14783,0,33302,9098,11;
1701352277644;4430282,44904,1,6660,381,110,32408,0,0,34534,8729,0,33310,8348,5,32240,0,0,132037,0,0,33290,8653,3,34452,4688,175,33288,0,0,33311,14776,0,33302,9098,11;
1701352277839;4430481,44904,1,6655,378,114,32408,0,0,34534,8725,0,33310,8350,5,32240,0,0,132037,0,0,33290,8653,3,34452,4689,178,33288,0,0,33311,14771,0,33302,9099,11;
1701352277944;4430581,44904,1,6658,379,113,32408,0,0,34534,8731,0,33310,8349,5,32240,0,0,132037,0,0,33290,8653,3,34452,4688,177,33288,0,0,33311,14791,0,33302,9098,11;
1701352278040;4430682,44904,1,6744,446,26,32408,0,0,34534,8728,0,33310,8314,5,32240,0,0,132037,0,0,33290,8654,3,34452,4689,177,33288,0,0,33311,14783,0,33302,9098,12;
1701352278142;4430782,44904,1,6665,383,106,32408,0,0,34534,8728,0,33310,8347,5,32240,0,0,132037,0,0,33290,8654,3,34452,4688,174,33288,0,0,33311,14756,0,33302,9095,12;
1701352278539;4431182,44904,1,6661,380,112,32408,0,0,34534,8728,0,33310,8348,5,32240,0,0,132037,0,0,33290,8653,3,34452,4687,173,33288,0,0,33311,14740,0,33302,9097,10;
1701352278643;4431283,44904,1,6663,379,110,32408,0,0,34534,8724,0,33310,8349,5,32240,0,0,132037,0,0,33290,8655,3,34452,4688,170,33288,0,0,33311,14789,0,33302,9095,10;
1701352278838;4431481,44904,1,6658,379,113,32408,0,0,34534,8722,0,33310,8349,5,32240,0,0,132037,0,0,33290,8653,3,34452,4688,171,33288,0,0,33311,14769,0,33302,9096,10;
1701352278943;4431583,44904,1,6661,379,111,32408,0,0,34534,8731,0,33310,8349,5,32240,0,0,132037,0,0,33290,8654,3,34452,4688,172,33288,0,0,33311,14790,0,33302,9094,10;
1701352279054;4431681,44904,1,6658,376,116,32408,0,0,34534,8725,0,33310,8350,5,32240,0,0,132037,0,0,33290,8654,3,34452,4687,170,33288,0,0,33311,14807,0,33302,9096,10;
1701352279237;4431882,44904,1,6655,381,112,32408,0,0,34534,8716,0,33310,8348,6,32240,0,0,132037,0,0,33290,8651,3,34452,4689,173,33288,0,0,33311,14791,0,33302,9095,10;
1701352279342;4431981,44904,1,6658,377,114,32408,0,0,34534,8726,0,33310,8350,6,32240,0,0,132037,0,0,33290,8654,3,34452,4688,173,33288,0,0,33311,14773,0,33302,9098,10;
1701352279544;4432178,44904,1,6658,379,113,32408,0,0,34534,8718,0,33310,8349,6,32240,0,0,132037,0,0,33290,8653,3,34452,4688,172,33288,0,0,33311,14809,0,33302,9100,11;
1701352279645;4432283,44904,1,6658,380,111,32408,0,0,34534,8713,0,33310,8349,6,32240,0,0,132037,0,0,33290,8653,3,34452,4689,174,33288,0,0,33311,14789,0,33302,9097,11;
1701352279838;4432482,44904,1,6655,378,115,32408,0,0,34534,8716,0,33310,8349,6,32240,0,0,132037,0,0,33290,8652,3,34452,4688,174,33288,0,0,33311,14794,0,33302,9097,11;
1701352280037;4432680,44904,1,6655,380,114,32408,0,0,34534,8716,0,33310,8348,6,32240,0,0,132037,0,0,33290,8651,3,34452,4688,173,33288,0,0,33311,14774,0,33302,9097,11;
1701352280252;4432884,44904,1,6658,379,114,32408,0,0,34534,8708,0,33310,8348,5,32240,0,0,132037,0,0,33290,8652,3,34452,4687,173,33288,0,0,33311,14784,0,33302,9097,10;
1701352280437;4433081,44904,1,6655,377,116,32408,0,0,34534,8719,0,33310,8350,5,32240,0,0,132037,0,0,33290,8653,3,34452,4688,170,33288,0,0,33311,14780,0,33302,9096,11;
1701352280639;4433282,44904,1,6665,383,106,32408,0,0,34534,8712,0,33310,8347,5,32240,0,0,132037,0,0,33290,8654,3,34452,4688,172,33288,0,0,33311,14782,0,33302,9092,12;
1701352280741;4433378,44904,1,6653,379,114,32408,0,0,34534,8714,0,33310,8349,5,32240,0,0,132037,0,0,33290,8651,3,34452,4689,172,33288,0,0,33311,14789,0,33302,9096,11;
1701352280843;4433479,44904,1,6658,380,112,32408,0,0,34534,8713,0,33310,8348,5,32240,0,0,132037,0,0,33290,8652,3,34452,4688,173,33288,0,0,33311,14808,0,33302,9097,12;
1701352280942;4433581,44904,1,6660,381,110,32408,0,0,34534,8714,0,33310,8348,5,32240,0,0,132037,0,0,33290,8653,3,34452,4688,175,33288,0,0,33311,14769,0,33302,9098,11;
1701352281044;4433681,44904,1,6651,373,121,32408,0,0,34534,8715,0,33310,8352,5,32240,0,0,132037,0,0,33290,8653,3,34452,4688,176,33288,0,0,33311,14780,0,33302,9095,10;
1701352281142;4433782,44904,1,6660,382,109,32408,0,0,34534,8711,0,33310,8347,6,32240,0,0,132037,0,0,33290,8652,3,34452,4688,178,33288,0,0,33311,14770,0,33302,9096,9;
1701352281251;4433884,44904,1,6658,379,113,32408,0,0,34534,8717,0,33310,8349,5,32240,0,0,132037,0,0,33290,8653,3,34452,4688,178,33288,0,0,33311,14793,0,33302,9095,9;
1701352281345;4433979,44904,1,6655,380,114,32408,0,0,34534,8710,0,33310,8348,5,32240,0,0,132037,0,0,33290,8651,3,34452,4688,177,33288,0,0,33311,14795,0,33302,9095,9;
1701352281736;4434381,44904,1,6660,382,109,32408,0,0,34534,8720,0,33310,8347,5,32240,0,0,132037,0,0,33290,8652,3,34452,4688,177,33288,0,0,33311,14762,0,33302,9096,10;
1701352282046;4434677,44904,1,6663,381,109,32408,0,0,34534,8717,0,33310,8348,6,32240,0,0,132037,0,0,33290,8654,3,34452,4688,176,33288,0,0,33311,14742,0,33302,9097,11;
1701352282144;4434781,44904,1,6744,446,28,32408,0,0,34534,8719,0,33310,8314,6,32240,0,0,132037,0,0,33290,8654,3,34452,4688,175,33288,0,0,33311,14749,0,33302,9097,12;
1701352282242;4434881,44904,1,6658,376,116,32408,0,0,34534,8722,0,33310,8350,5,32240,0,0,132037,0,0,33290,8654,3,34452,4687,175,33288,0,0,33311,14758,0,33302,9099,11;
1701352282437;4435079,44904,1,6665,383,106,32408,0,0,34534,8730,0,33310,8347,6,32240,0,0,132037,0,0,33290,8654,3,34452,4688,171,33288,0,0,33311,14733,0,33302,9097,11;
1701352282543;4435180,44904,1,6666,382,108,32408,0,0,34534,8726,0,33310,8347,6,32240,0,0,132037,0,0,33290,8654,3,34452,4687,170,33288,0,0,33311,14753,0,33302,9094,10;
1701352282641;4435281,44904,1,6742,443,32,32408,0,0,34534,8734,0,33310,8315,5,32240,0,0,132037,0,0,33290,8654,2,34452,4687,167,33288,0,0,33311,14787,0,33302,9092,10;
1701352282742;4435382,44904,1,6656,376,117,32408,0,0,34534,8726,0,33310,8350,6,32240,0,0,132037,0,0,33290,8653,3,34452,4687,169,33288,0,0,33311,14759,0,33302,9095,10;
1701352282839;4435479,44904,1,6749,449,25,32408,0,0,34534,8725,0,33310,8312,5,32240,0,0,132037,0,0,33290,8654,3,34452,4687,168,33288,0,0,33311,14765,0,33302,9096,10;
1701352282941;4435582,44904,1,6747,447,25,32408,0,0,34534,8719,0,33310,8313,5,32240,0,0,132037,0,0,33290,8654,2,34452,4688,168,33288,0,0,33311,14780,0,33302,9095,10;
1701352283241;4435882,44904,1,6658,375,117,32408,0,0,34534,8722,0,33310,8351,5,32240,0,0,132037,0,0,33290,8655,3,34452,4687,168,33288,0,0,33311,14780,0,33302,9095,11;
1701352283340;4435982,44904,1,6663,382,110,32408,0,0,34534,8729,0,33310,8347,5,32240,0,0,132037,0,0,33290,8653,3,34452,4687,167,33288,0,0,33311,14786,0,33302,9093,11;
1701352283541;4436180,44904,1,6663,378,112,32408,0,0,34534,8727,0,33310,8349,5,32240,0,0,132037,0,0,33290,8655,3,34452,4687,174,33288,0,0,33311,14803,0,33302,9092,11;
1701352283743;4436380,44904,1,6661,376,116,32408,0,0,34534,8732,0,33310,8350,5,32240,0,0,132037,0,0,33290,8655,3,34452,4686,169,33288,0,0,33311,14776,0,33302,9091,12;
1701352284043;4436679,44904,1,6668,382,106,32408,0,0,34534,8735,0,33310,8348,5,32240,0,0,132037,0,0,33290,8656,2,34452,4688,176,33288,0,0,33311,14779,0,33302,9090,11;
1701352284241;4436881,44904,1,6651,372,123,32408,0,0,34534,8728,0,33310,8352,5,32240,0,0,132037,0,0,33290,8653,3,34452,4687,175,33288,0,0,33311,14791,0,33302,9094,10;
1701352284549;4437181,44904,1,6752,446,25,32408,0,0,34534,8738,0,33310,8314,5,32240,0,0,132037,0,0,33290,8657,3,34452,4687,173,33288,0,0,33311,14794,0,33302,9096,10;
1701352284643;4437281,44904,1,6663,379,110,32408,0,0,34534,8746,0,33310,8349,5,32240,0,0,132037,0,0,33290,8655,2,34452,4688,179,33288,0,0,33311,14787,0,33302,9096,10;
1701352284943;4437581,44904,1,6752,446,25,32408,0,0,34534,8745,0,33310,8314,5,32240,0,0,132037,0,0,33290,8657,3,34452,4687,175,33288,0,0,33311,14800,0,33302,9094,10;
1701352285044;4437683,44904,1,6661,375,115,32408,0,0,34534,8743,0,33310,8351,5,32240,0,0,132037,0,0,33290,8656,3,34452,4687,173,33288,0,0,33311,14819,0,33302,9096,11;
1701352285335;4437981,44904,1,6651,371,122,32408,0,0,34534,8735,0,33310,8353,5,32240,0,0,132037,0,0,33290,8654,3,34452,4688,175,33288,0,0,33311,14802,0,33302,9094,12;
1701352285456;4438081,44904,1,6661,375,115,32408,0,0,34534,8743,0,33310,8351,5,32240,0,0,132037,0,0,33290,8656,3,34452,4687,174,33288,0,0,33311,14792,0,33302,9095,11;
1701352285636;4438279,44904,1,6661,378,113,32408,0,0,34534,8741,0,33310,8349,6,32240,0,0,132037,0,0,33290,8654,3,34452,4687,180,33288,0,0,33311,14789,0,33302,9093,11;
1701352285755;4438382,44904,1,6653,377,118,32408,0,0,34534,8743,0,33310,8349,5,32240,0,0,132037,0,0,33290,8651,3,34452,4687,180,33288,0,0,33311,14814,0,33302,9095,11;
1701352285839;4438482,44904,1,6656,375,117,32408,0,0,34534,8744,0,33310,8351,5,32240,0,0,132037,0,0,33290,8654,3,34452,4688,178,33288,0,0,33311,14802,0,33302,9097,11;
1701352285941;4438577,44904,1,6666,381,107,32408,0,0,34534,8731,0,33310,8348,5,32240,0,0,132037,0,0,33290,8655,3,34452,4688,180,33288,0,0,33311,14799,0,33302,9095,12;
1701352286039;4438680,44904,1,6658,375,115,32408,0,0,34534,8758,0,33310,8351,5,32240,0,0,132037,0,0,33290,8655,3,34452,4688,176,33288,0,0,33311,14801,0,33302,9097,11;
1701352286144;4438781,44904,1,6666,380,108,32408,0,0,34534,8748,0,33310,8349,5,32240,0,0,132037,0,0,33290,8656,3,34452,4688,176,33288,0,0,33311,14802,0,33302,9093,11;
1701352286445;4439083,44904,1,6660,381,110,32408,0,0,34534,8744,0,33310,8348,5,32240,0,0,132037,0,0,33290,8653,3,34452,4688,175,33288,0,0,33311,14820,0,33302,9095,11;
1701352286542;4439180,44904,1,6661,377,114,32408,0,0,34534,8749,0,33310,8350,5,32240,0,0,132037,0,0,33290,8655,2,34452,4687,175,33288,0,0,33311,14806,0,33302,9095,11;
1701352286845;4439483,44904,1,6661,377,114,32408,0,0,34534,8741,0,33310,8350,5,32240,0,0,132037,0,0,33290,8655,3,34452,4687,171,33288,0,0,33311,14796,0,33302,9096,10;
1701352286941;4439582,44904,1,6663,379,110,32408,0,0,34534,8746,0,33310,8349,5,32240,0,0,132037,0,0,33290,8655,3,34452,4688,176,33288,0,0,33311,14812,0,33302,9092,10;
1701352287135;4439781,44904,1,6655,378,116,32408,0,0,34534,8753,0,33310,8349,5,32240,0,0,132037,0,0,33290,8652,3,34452,4687,175,33288,0,0,33311,14807,0,33302,9094,11;
1701352287250;4439881,44904,1,6752,448,22,32408,0,0,34534,8734,0,33310,8313,5,32240,0,0,132037,0,0,33290,8656,3,34452,4688,176,33288,0,0,33311,14815,0,33302,9094,11;
1701352287649;4440281,44904,1,6665,383,106,32408,0,0,34534,8731,0,33310,8347,5,32240,0,0,132037,0,0,33290,8654,3,34452,4688,175,33288,0,0,33311,14780,0,33302,9095,12;
1701352287856;4440481,44904,1,6655,377,116,32408,0,0,34534,8730,0,33310,8350,5,32240,0,0,132037,0,0,33290,8653,3,34452,4688,174,33288,0,0,33311,0,0,33302,9095,11;
1701352287954;4440583,44904,1,6658,378,115,32408,0,0,34534,8724,0,33310,8349,5,32240,0,0,132037,0,0,33290,8653,3,34452,4687,176,33288,0,0,33311,14787,0,33302,9096,12;
1701352288141;4440782,44904,1,6742,443,32,32408,0,0,34534,8726,0,33310,8315,5,32240,0,0,132037,0,0,33290,8654,3,34452,4687,173,33288,0,0,33311,14777,0,33302,9093,12;
1701352288433;4441077,44904,1,6734,442,36,32408,0,0,34534,8722,0,33310,8315,5,32240,0,0,132037,0,0,33290,8651,3,34452,4687,175,33288,0,0,33311,14786,0,33302,9095,12;
1701352288541;4441182,44904,1,6749,449,23,32408,0,0,34534,8732,0,33310,8312,5,32240,0,0,132037,0,0,33290,8654,3,34452,4688,179,33288,0,0,33311,14783,0,33302,9095,12;
1701352288641;4441281,44904,1,6739,446,31,32408,0,0,34534,8728,0,33310,8313,5,32240,0,0,132037,0,0,33290,8651,3,34452,4687,180,33288,0,0,33311,14789,0,33302,9099,12;
1701352289142;4441780,44904,1,6745,445,29,32408,0,0,34534,8730,0,33310,8314,5,32240,0,0,132037,0,0,33290,8654,3,34452,4687,173,33288,0,0,33311,14796,0,33302,9096,12;
1701352289242;4441881,44904,1,6742,447,28,32408,0,0,34534,8719,0,33310,8313,5,32240,0,0,132037,0,0,33290,8652,3,34452,4688,173,33288,0,0,33311,14787,0,33302,9092,12;
1701352289340;4441983,44904,1,6660,382,109,32408,0,0,34534,8728,0,33310,8347,5,32240,0,0,132037,0,0,33290,8652,3,34452,4688,174,33288,0,0,33311,0,0,33302,9095,12;
1701352289644;4442281,44904,1,6663,382,110,32408,0,0,34534,8730,0,33310,8347,5,32240,0,0,132037,0,0,33290,8653,3,34452,4687,174,33288,0,0,33311,14809,0,33302,9099,12;
1701352289736;4442376,44904,1,6655,378,115,32408,0,0,34534,8725,0,33310,8349,5,32240,0,0,132037,0,0,33290,8652,3,34452,4688,176,33288,0,0,33311,14819,0,33302,9096,11;
1701352289939;4442580,44904,1,6744,450,24,32408,0,0,34534,8730,0,33310,8312,5,32240,0,0,132037,0,0,33290,8652,3,34452,4689,177,33288,0,0,33311,14810,0,33302,9091,11;
1701352290051;4442681,44904,1,6661,378,113,32408,0,0,34534,8728,0,33310,8349,5,32240,0,0,132037,0,0,33290,8654,3,34452,4687,176,33288,0,0,33311,0,0,33302,9095,11;
1701352290139;4442777,44904,1,6665,384,107,32408,0,0,34534,8726,0,33310,8346,5,32240,0,0,132037,0,0,33290,8653,3,34452,4687,176,33288,0,0,33311,0,0,33302,9095,11;
1701352290245;4442879,44904,1,6658,378,115,32408,0,0,34534,8729,0,33310,8349,5,32240,0,0,132037,0,0,33290,8653,3,34452,4687,177,33288,0,0,33311,0,0,33302,9096,12;
1701352290645;4443279,44904,1,6663,384,107,32408,0,0,34534,8733,0,33310,8346,5,32240,0,0,132037,0,0,33290,8652,3,34452,4688,180,33288,0,0,33311,0,0,33302,9098,13;
1701352290741;4443381,44904,1,6668,383,105,32408,0,0,34534,8747,0,33310,8347,5,32240,0,0,132037,0,0,33290,8655,3,34452,4688,178,33288,0,0,33311,0,0,33302,9095,13;
1701352290943;4443577,44904,1,6745,445,29,32408,0,0,34534,8745,0,33310,8314,5,32240,0,0,132037,0,0,33290,8654,3,34452,4687,179,33288,0,0,33311,0,0,33302,9096,13;
1701352291044;4443681,44904,1,6752,448,22,32408,0,0,34534,8732,0,33310,8313,5,32240,0,0,132037,0,0,33290,8656,3,34452,4688,180,33288,0,0,33311,0,0,33302,9095,13;
1701352291551;4444180,44904,1,6750,448,24,32408,0,0,34534,8734,0,33310,8313,5,32240,0,0,132037,0,0,33290,8655,3,34452,4688,181,33288,0,0,33311,0,0,33302,9094,12;
1701352291637;4444281,44904,1,6660,382,109,32408,0,0,34534,8734,0,33310,8347,5,32240,0,0,132037,0,0,33290,8652,3,34452,4688,181,33288,0,0,33311,0,0,33302,9093,12;
1701352291747;4444377,44904,1,6663,382,107,32408,0,0,34534,8740,0,33310,8348,6,32240,0,0,132037,0,0,33290,8654,3,34452,4689,181,33288,0,0,33311,0,0,33302,9095,12;
1701352291850;4444480,44904,1,6655,379,113,32408,0,0,34534,8730,0,33310,8349,5,32240,0,0,132037,0,0,33290,8652,3,34452,4689,182,33288,0,0,33311,0,0,33302,9094,12;
1701352292042;4444681,44904,1,6671,385,101,32408,0,0,34534,8735,0,33310,8347,6,32240,0,0,132037,0,0,33290,8656,3,34452,4689,178,33288,0,0,33311,0,0,33302,9095,11;
