1701351350552;3503074,44904,1,896,535,461,32408,0,0,34534,0,0,33310,10596,4,32240,0,0,132037,0,0,33290,8925,2,34452,8581,21,33288,0,0,33311,12975,2,33302,4962,191;
1701351350713;3503176,44904,1,896,534,464,32408,0,0,34534,0,0,33310,10596,4,32240,0,0,132037,0,0,33290,8925,2,34452,8580,21,33288,0,0,33311,12977,2,33302,4961,189;
1701351350798;3503277,44904,1,901,542,441,32408,0,0,34534,0,0,33310,10594,4,32240,0,0,132037,0,0,33290,8925,2,34452,8582,21,33288,0,0,33311,12978,2,33302,4962,191;
1701351350883;3503379,44904,1,899,538,453,32408,0,0,34534,0,0,33310,10595,4,32240,0,0,132037,0,0,33290,8925,2,34452,8581,21,33288,0,0,33311,12975,2,33302,4961,190;
1701351350967;3503474,44904,1,896,532,467,32408,0,0,34534,0,0,33310,10597,4,32240,0,0,132037,0,0,33290,8926,2,34452,8580,21,33288,0,0,33311,12976,2,33302,4961,188;
1701351351069;3503576,44904,1,906,539,435,32408,0,0,34534,0,0,33310,10595,4,32240,0,0,132037,0,0,33290,8928,2,34452,8581,21,33288,0,0,33311,12975,2,33302,4961,185;
1701351351172;3503678,44904,1,901,540,443,32408,0,0,34534,0,0,33310,10595,4,32240,0,0,132037,0,0,33290,8926,2,34452,8582,21,33288,0,0,33311,12976,2,33302,4961,186;
1701351351281;3503778,44904,1,909,539,430,32408,0,0,34534,0,0,33310,10594,4,32240,0,0,132037,0,0,33290,8928,2,34452,8580,21,33288,0,0,33311,12974,2,33302,4961,186;
1701351351479;3503977,44904,1,899,537,457,32408,0,0,34534,0,0,33310,10594,4,32240,0,0,132037,0,0,33290,8924,2,34452,8579,21,33288,0,0,33311,12978,2,33302,4962,191;
1701351351567;3504077,44904,1,896,534,464,32408,0,0,34534,0,0,33310,10596,4,32240,0,0,132037,0,0,33290,8925,2,34452,8580,21,33288,0,0,33311,12975,2,33302,4962,191;
1701351351682;3504178,44904,1,906,537,439,32408,0,0,34534,0,0,33310,10595,4,32240,0,0,132037,0,0,33290,8928,2,34452,8580,21,33288,0,0,33311,12977,2,33302,4962,192;
1701351351769;3504279,44904,1,903,535,447,32408,0,0,34534,0,0,33310,10596,4,32240,0,0,132037,0,0,33290,8928,2,34452,8580,21,33288,0,0,33311,12976,2,33302,4962,193;
1701351351867;3504376,44904,1,893,538,460,32408,0,0,34534,0,0,33310,10596,4,32240,0,0,132037,0,0,33290,8924,2,34452,8583,21,33288,0,0,33311,12979,2,33302,4962,194;
1701351351969;3504476,44904,1,896,532,468,32408,0,0,34534,0,0,33310,10596,4,32240,0,0,132037,0,0,33290,8925,2,34452,8579,21,33288,0,0,33311,12976,2,33302,4962,195;
1701351352068;3504577,44904,1,896,534,464,32408,0,0,34534,0,0,33310,10596,4,32240,0,0,132037,0,0,33290,8925,2,34452,8580,21,33288,0,0,33311,12976,2,33302,4962,196;
1701351352264;3504774,44904,1,898,530,463,32408,0,0,34534,0,0,33310,10598,4,32240,0,0,132037,0,0,33290,8928,2,34452,8580,19,33288,0,0,33311,12980,2,33302,4963,197;
1701351352366;3504876,44904,1,891,533,475,32408,0,0,34534,0,0,33310,10597,4,32240,0,0,132037,0,0,33290,8924,2,34452,8581,20,33288,0,0,33311,12977,2,33302,4962,200;
1701351352468;3504977,44904,1,896,530,471,32408,0,0,34534,0,0,33310,10596,4,32240,0,0,132037,0,0,33290,8925,2,34452,8578,20,33288,0,0,33311,12974,2,33302,4962,199;
1701351352677;3505178,44904,1,892,534,465,32408,0,0,34534,0,0,33310,10598,3,32240,0,0,132037,0,0,33290,8926,2,34452,8583,19,33288,0,0,33311,12979,2,33302,4962,198;
1701351352769;3505274,44904,1,892,532,468,32408,0,0,34534,0,0,33310,10598,4,32240,0,0,132037,0,0,33290,8926,2,34452,8582,19,33288,0,0,33311,12978,2,33302,4963,201;
1701351352881;3505376,44904,1,898,533,457,32408,0,0,34534,0,0,33310,10597,4,32240,0,0,132037,0,0,33290,8927,2,34452,8581,19,33288,0,0,33311,12976,2,33302,4962,202;
1701351353061;3505577,44904,1,895,538,453,32408,0,0,34534,0,0,33310,10597,3,32240,0,0,132037,0,0,33290,8926,2,34452,8584,19,33288,0,0,33311,12979,2,33302,4963,202;
1701351353182;3505679,44904,1,893,529,475,32408,0,0,34534,0,0,33310,10598,4,32240,0,0,132037,0,0,33290,8926,2,34452,8580,19,33288,0,0,33311,12976,2,33302,4963,206;
1701351353280;3505781,44904,1,887,530,482,32408,0,0,34534,0,0,33310,10599,4,32240,0,0,132037,0,0,33290,8925,2,34452,8582,20,33288,0,0,33311,12976,2,33302,4962,207;
1701351353364;3505874,44904,1,893,531,473,32408,0,0,34534,0,0,33310,10597,4,32240,0,0,132037,0,0,33290,8925,2,34452,8580,21,33288,0,0,33311,12975,2,33302,4963,209;
1701351353466;3505977,44904,1,898,539,448,32408,0,0,34534,0,0,33310,10596,4,32240,0,0,132037,0,0,33290,8926,2,34452,8583,21,33288,0,0,33311,12974,2,33302,4962,207;
1701351353572;3506077,44904,1,893,531,473,32408,0,0,34534,0,0,33310,10597,4,32240,0,0,132037,0,0,33290,8925,2,34452,8580,21,33288,0,0,33311,12976,2,33302,4963,208;
1701351353675;3506174,44904,1,896,535,461,32408,0,0,34534,0,0,33310,10596,4,32240,0,0,132037,0,0,33290,8925,2,34452,8581,21,33288,0,0,33311,12976,2,33302,4963,208;
1701351353765;3506277,44904,1,892,532,468,32408,0,0,34534,0,0,33310,10598,4,32240,0,0,132037,0,0,33290,8926,2,34452,8582,21,33288,0,0,33311,12978,2,33302,4962,207;
1701351353874;3506377,44904,1,893,531,472,32408,0,0,34534,0,0,33310,10598,4,32240,0,0,132037,0,0,33290,8926,2,34452,8581,21,33288,0,0,33311,12976,2,33302,4963,207;
1701351353970;3506478,44904,1,895,533,463,32408,0,0,34534,0,0,33310,10597,4,32240,0,0,132037,0,0,33290,8926,2,34452,8581,22,33288,0,0,33311,12977,2,33302,4962,204;
1701351354066;3506573,44904,1,898,534,458,32408,0,0,34534,0,0,33310,10596,4,32240,0,0,132037,0,0,33290,8926,2,34452,8580,22,33288,0,0,33311,12974,2,33302,4963,203;
1701351354179;3506675,44904,1,890,529,481,32408,0,0,34534,0,0,33310,10598,4,32240,0,0,132037,0,0,33290,8925,2,34452,8580,22,33288,0,0,33311,12978,2,33302,4962,200;
1701351354268;3506777,44904,1,893,529,475,32408,0,0,34534,0,0,33310,10598,4,32240,0,0,132037,0,0,33290,8926,2,34452,8580,21,33288,0,0,33311,12976,2,33302,4962,198;
1701351354381;3506878,44904,1,885,524,497,32408,0,0,34534,0,0,33310,10600,4,32240,0,0,132037,0,0,33290,8925,2,34452,8580,21,33288,0,0,33311,12975,2,33302,4963,197;
1701351354484;3506978,44904,1,895,533,463,32408,0,0,34534,0,0,33310,10597,4,32240,0,0,132037,0,0,33290,8926,2,34452,8581,21,33288,0,0,33311,12973,2,33302,4961,192;
1701351354565;3507074,44904,1,889,528,479,32408,0,0,34534,0,0,33310,10600,4,32240,0,0,132037,0,0,33290,8927,2,34452,8582,21,33288,0,0,33311,12973,2,33302,4963,193;
1701351354665;3507176,44904,1,900,538,446,32408,0,0,34534,0,0,33310,10596,4,32240,0,0,132037,0,0,33290,8927,2,34452,8582,21,33288,0,0,33311,12976,2,33302,4962,192;
1701351354874;3507378,44904,1,896,530,470,32408,0,0,34534,0,0,33310,10597,4,32240,0,0,132037,0,0,33290,8926,2,34452,8579,21,33288,0,0,33311,12977,2,33302,4962,196;
1701351354969;3507474,44904,1,892,532,468,32408,0,0,34534,0,0,33310,10598,4,32240,0,0,132037,0,0,33290,8926,2,34452,8582,21,33288,0,0,33311,12975,3,33302,4962,196;
1701351355065;3507576,44904,1,890,530,476,32408,0,0,34534,0,0,33310,10599,4,32240,0,0,132037,0,0,33290,8926,2,34452,8582,21,33288,0,0,33311,12976,2,33302,4962,197;
1701351355180;3507678,44904,1,896,534,464,32408,0,0,34534,0,0,33310,10596,4,32240,0,0,132037,0,0,33290,8925,2,34452,8580,21,33288,0,0,33311,12976,2,33302,4962,198;
1701351355377;3507878,44904,1,895,529,469,32408,0,0,34534,0,0,33310,10598,3,32240,0,0,132037,0,0,33290,8927,2,34452,8580,20,33288,0,0,33311,12980,2,33302,4963,199;
1701351355463;3507973,44904,1,893,531,472,32408,0,0,34534,0,0,33310,10598,4,32240,0,0,132037,0,0,33290,8926,2,34452,8581,20,33288,0,0,33311,12976,2,33302,4963,199;
1701351355672;3508178,44904,1,896,530,470,32408,0,0,34534,0,0,33310,10597,4,32240,0,0,132037,0,0,33290,8926,2,34452,8579,20,33288,0,0,33311,12978,2,33302,4961,193;
1701351355768;3508277,44904,1,897,531,459,32408,0,0,34534,0,0,33310,10599,4,32240,0,0,132037,0,0,33290,8929,2,34452,8582,20,33288,0,0,33311,12980,2,33302,4962,192;
1701351355874;3508379,44904,1,895,533,463,32408,0,0,34534,0,0,33310,10597,4,32240,0,0,132037,0,0,33290,8926,2,34452,8581,20,33288,0,0,33311,12976,2,33302,4962,193;
1701351355975;3508479,44904,1,893,531,473,32408,0,0,34534,0,0,33310,10597,4,32240,0,0,132037,0,0,33290,8925,2,34452,8580,21,33288,0,0,33311,12978,2,33302,4963,195;
1701351356067;3508574,44904,1,898,532,461,32408,0,0,34534,0,0,33310,10597,4,32240,0,0,132037,0,0,33290,8927,2,34452,8580,21,33288,0,0,33311,12977,2,33302,4962,194;
1701351356173;3508677,44904,1,890,528,480,32408,0,0,34534,0,0,33310,10599,4,32240,0,0,132037,0,0,33290,8926,2,34452,8581,21,33288,0,0,33311,12979,2,33302,4962,195;
1701351356273;3508779,44904,1,898,532,461,32408,0,0,34534,0,0,33310,10597,4,32240,0,0,132037,0,0,33290,8927,2,34452,8580,21,33288,0,0,33311,12977,2,33302,4962,194;
1701351356365;3508874,44904,1,895,529,469,32408,0,0,34534,0,0,33310,10598,4,32240,0,0,132037,0,0,33290,8927,2,34452,8580,21,33288,0,0,33311,12977,2,33302,4962,193;
1701351356575;3509077,44904,1,896,534,464,32408,0,0,34534,0,0,33310,10596,4,32240,0,0,132037,0,0,33290,8925,2,34452,8580,21,33288,0,0,33311,12978,2,33302,4962,196;
1701351356677;3509177,44904,1,893,531,473,32408,0,0,34534,0,0,33310,10597,4,32240,0,0,132037,0,0,33290,8925,2,34452,8580,20,33288,0,0,33311,12979,2,33302,4962,198;
1701351356763;3509273,44904,1,896,527,477,32408,0,0,34534,0,0,33310,10597,4,32240,0,0,132037,0,0,33290,8926,2,34452,8577,20,33288,0,0,33311,12979,2,33302,4962,198;
1701351356868;3509376,44904,1,897,531,460,32408,0,0,34534,0,0,33310,10598,4,32240,0,0,132037,0,0,33290,8928,2,34452,8581,20,33288,0,0,33311,12977,2,33302,4962,196;
1701351356964;3509477,44904,1,895,529,469,32408,0,0,34534,0,0,33310,10598,4,32240,0,0,132037,0,0,33290,8927,2,34452,8580,20,33288,0,0,33311,12974,2,33302,4962,197;
1701351357162;3509674,44904,1,901,534,453,32408,0,0,34534,0,0,33310,10596,4,32240,0,0,132037,0,0,33290,8927,2,34452,8580,21,33288,0,0,33311,12976,2,33302,4962,199;
1701351357279;3509776,44904,1,901,536,449,32408,0,0,34534,0,0,33310,10596,4,32240,0,0,132037,0,0,33290,8927,2,34452,8581,21,33288,0,0,33311,12974,2,33302,4962,199;
1701351357475;3509977,44904,1,893,529,475,32408,0,0,34534,0,0,33310,10598,4,32240,0,0,132037,0,0,33290,8926,2,34452,8580,20,33288,0,0,33311,12976,2,33302,4962,201;
1701351357563;3510073,44904,1,896,532,467,32408,0,0,34534,0,0,33310,10597,4,32240,0,0,132037,0,0,33290,8926,2,34452,8580,20,33288,0,0,33311,12975,2,33302,4963,202;
1701351357679;3510175,44904,1,893,529,475,32408,0,0,34534,0,0,33310,10598,4,32240,0,0,132037,0,0,33290,8926,2,34452,8580,20,33288,0,0,33311,12976,2,33302,4961,201;
1701351357779;3510278,44904,1,893,529,475,32408,0,0,34534,0,0,33310,10598,4,32240,0,0,132037,0,0,33290,8926,2,34452,8580,20,33288,0,0,33311,12978,2,33302,4963,202;
1701351358071;3510574,44904,1,893,527,478,32408,0,0,34534,0,0,33310,10598,4,32240,0,0,132037,0,0,33290,8926,2,34452,8579,19,33288,0,0,33311,12979,2,33302,4962,197;
1701351358177;3510675,44904,1,901,535,454,32408,0,0,34534,0,0,33310,10595,4,32240,0,0,132037,0,0,33290,8926,2,34452,8579,19,33288,0,0,33311,12976,2,33302,4962,198;
1701351358278;3510776,44904,1,894,532,473,32408,0,0,34534,0,0,33310,10596,4,32240,0,0,132037,0,0,33290,8924,2,34452,8579,20,33288,0,0,33311,12977,2,33302,4962,196;
1701351358475;3510976,44904,1,898,534,458,32408,0,0,34534,0,0,33310,10596,4,32240,0,0,132037,0,0,33290,8926,2,34452,8580,20,33288,0,0,33311,12979,2,33302,4962,191;
1701351358579;3511077,44904,1,901,529,462,32408,0,0,34534,0,0,33310,10597,4,32240,0,0,132037,0,0,33290,8928,2,34452,8578,20,33288,0,0,33311,12977,2,33302,4962,188;
1701351358663;3511173,44904,1,901,536,449,32408,0,0,34534,0,0,33310,10596,4,32240,0,0,132037,0,0,33290,8927,2,34452,8581,20,33288,0,0,33311,12980,2,33302,4961,186;
1701351358873;3511376,44904,1,896,527,477,32408,0,0,34534,0,0,33310,10597,4,32240,0,0,132037,0,0,33290,8926,2,34452,8577,21,33288,0,0,33311,12977,2,33302,4962,189;
1701351358979;3511477,44904,1,903,532,449,32408,0,0,34534,0,0,33310,10597,4,32240,0,0,132037,0,0,33290,8929,2,34452,8580,21,33288,0,0,33311,12977,2,33302,4961,188;
1701351359064;3511573,44904,1,903,536,443,32408,0,0,34534,0,0,33310,10596,4,32240,0,0,132037,0,0,33290,8928,2,34452,8581,21,33288,0,0,33311,12977,2,33302,4962,189;
1701351359165;3511676,44904,1,893,530,476,32408,0,0,34534,0,0,33310,10597,4,32240,0,0,132037,0,0,33290,8925,2,34452,8579,21,33288,0,0,33311,12977,2,33302,4961,189;
1701351359279;3511777,44904,1,898,535,454,32408,0,0,34534,0,0,33310,10597,4,32240,0,0,132037,0,0,33290,8927,2,34452,8582,20,33288,0,0,33311,12981,2,33302,4962,187;
1701351359378;3511877,44904,1,899,536,456,32408,0,0,34534,0,0,33310,10595,4,32240,0,0,132037,0,0,33290,8925,2,34452,8580,20,33288,0,0,33311,12980,2,33302,4961,190;
1701351359465;3511973,44904,1,899,534,459,32408,0,0,34534,0,0,33310,10595,4,32240,0,0,132037,0,0,33290,8925,2,34452,8579,20,33288,0,0,33311,12980,2,33302,4963,191;
1701351359564;3512076,44904,1,896,534,464,32408,0,0,34534,0,0,33310,10596,4,32240,0,0,132037,0,0,33290,8925,2,34452,8580,20,33288,0,0,33311,12978,2,33302,4961,191;
1701351359666;3512176,44904,1,893,533,469,32408,0,0,34534,0,0,33310,10597,4,32240,0,0,132037,0,0,33290,8925,2,34452,8581,21,33288,0,0,33311,12980,2,33302,4962,191;
1701351359779;3512278,44904,1,904,535,448,32408,0,0,34534,0,0,33310,10595,4,32240,0,0,132037,0,0,33290,8927,2,34452,8579,20,33288,0,0,33311,12976,2,33302,4962,191;
1701351359864;3512373,44904,1,900,532,455,32408,0,0,34534,0,0,33310,10597,4,32240,0,0,132037,0,0,33290,8928,2,34452,8580,20,33288,0,0,33311,12980,2,33302,4962,190;
1701351359966;3512476,44904,1,898,530,463,32408,0,0,34534,0,0,33310,10598,4,32240,0,0,132037,0,0,33290,8928,2,34452,8580,20,33288,0,0,33311,12978,2,33302,4961,188;
1701351360079;3512576,44904,1,896,528,473,32408,0,0,34534,0,0,33310,10597,4,32240,0,0,132037,0,0,33290,8926,2,34452,8578,20,33288,0,0,33311,12979,2,33302,4962,188;
1701351360259;3512772,44904,1,898,532,461,32408,0,0,34534,0,0,33310,10597,4,32240,0,0,132037,0,0,33290,8927,2,34452,8580,20,33288,0,0,33311,12978,2,33302,4962,186;
1701351360378;3512876,44904,1,898,537,452,32408,0,0,34534,0,0,33310,10596,4,32240,0,0,132037,0,0,33290,8926,2,34452,8582,20,33288,0,0,33311,12979,2,33302,4961,185;
1701351360473;3512977,44904,1,893,531,473,32408,0,0,34534,0,0,33310,10597,4,32240,0,0,132037,0,0,33290,8925,2,34452,8580,20,33288,0,0,33311,12975,2,33302,4961,183;
1701351360659;3513173,44904,1,896,534,464,32408,0,0,34534,0,0,33310,10596,4,32240,0,0,132037,0,0,33290,8925,2,34452,8580,21,33288,0,0,33311,12977,2,33302,4962,183;
1701351360775;3513274,44904,1,885,524,497,32408,0,0,34534,0,0,33310,10600,4,32240,0,0,132037,0,0,33290,8925,2,34452,8580,21,33288,0,0,33311,12980,2,33302,4960,182;
1701351360880;3513378,44904,1,896,535,461,32408,0,0,34534,0,0,33310,10596,4,32240,0,0,132037,0,0,33290,8925,2,34452,8581,21,33288,0,0,33311,12977,2,33302,4962,184;
1701351360977;3513477,44904,1,901,538,447,32408,0,0,34534,0,0,33310,10595,4,32240,0,0,132037,0,0,33290,8926,2,34452,8581,22,33288,0,0,33311,12975,2,33302,4962,186;
1701351361079;3513578,44904,1,890,527,483,32408,0,0,34534,0,0,33310,10599,4,32240,0,0,132037,0,0,33290,8926,2,34452,8580,22,33288,0,0,33311,12978,2,33302,4962,186;
1701351361169;3513680,44904,1,895,533,463,32408,0,0,34534,0,0,33310,10597,4,32240,0,0,132037,0,0,33290,8926,2,34452,8581,22,33288,0,0,33311,12977,2,33302,4962,188;
1701351361270;3513773,44904,1,901,534,453,32408,0,0,34534,0,0,33310,10596,4,32240,0,0,132037,0,0,33290,8927,2,34452,8580,21,33288,0,0,33311,12976,2,33302,4962,189;
1701351361378;3513876,44904,1,895,529,469,32408,0,0,34534,0,0,33310,10598,4,32240,0,0,132037,0,0,33290,8927,2,34452,8580,21,33288,0,0,33311,12976,2,33302,4962,187;
1701351361576;3514078,44904,1,898,533,457,32408,0,0,34534,0,0,33310,10597,4,32240,0,0,132037,0,0,33290,8927,2,34452,8581,20,33288,0,0,33311,12979,2,33302,4961,183;
1701351361678;3514173,44904,1,901,533,456,32408,0,0,34534,0,0,33310,10596,4,32240,0,0,132037,0,0,33290,8927,2,34452,8579,21,33288,0,0,33311,12980,2,33302,4961,183;
1701351361779;3514275,44904,1,901,533,456,32408,0,0,34534,0,0,33310,10596,4,32240,0,0,132037,0,0,33290,8927,2,34452,8579,21,33288,0,0,33311,12978,2,33302,4961,183;
1701351361972;3514477,44904,1,893,533,469,32408,0,0,34534,0,0,33310,10597,4,32240,0,0,132037,0,0,33290,8925,2,34452,8581,21,33288,0,0,33311,12976,2,33302,4961,184;
1701351362171;3514676,44904,1,898,539,449,32408,0,0,34534,0,0,33310,10595,4,32240,0,0,132037,0,0,33290,8925,2,34452,8582,22,33288,0,0,33311,12978,2,33302,4962,186;
1701351362277;3514778,44904,1,894,536,468,32408,0,0,34534,0,0,33310,10595,4,32240,0,0,132037,0,0,33290,8923,2,34452,8580,22,33288,0,0,33311,12978,2,33302,4962,187;
1701351362378;3514877,44904,1,896,535,461,32408,0,0,34534,0,0,33310,10596,4,32240,0,0,132037,0,0,33290,8925,2,34452,8581,22,33288,0,0,33311,12978,2,33302,4962,189;
1701351362461;3514973,44904,1,897,540,456,32408,0,0,34534,0,0,33310,10594,4,32240,0,0,132037,0,0,33290,8923,2,34452,8581,21,33288,0,0,33311,12976,2,33302,4962,188;
1701351362577;3515075,44904,1,801,456,754,32408,0,0,34534,0,0,33310,10628,4,32240,0,0,132037,0,0,33290,8923,2,34452,8580,22,33288,0,0,33311,12976,2,33302,4962,189;
1701351362673;3515176,44904,1,893,533,469,32408,0,0,34534,0,0,33310,10597,4,32240,0,0,132037,0,0,33290,8925,2,34452,8581,22,33288,0,0,33311,12979,2,33302,4962,188;
1701351362778;3515278,44904,1,901,540,444,32408,0,0,34534,0,0,33310,10594,4,32240,0,0,132037,0,0,33290,8925,2,34452,8581,21,33288,0,0,33311,12979,2,33302,4962,186;
1701351362865;3515373,44904,1,893,533,469,32408,0,0,34534,0,0,33310,10597,4,32240,0,0,132037,0,0,33290,8925,2,34452,8581,21,33288,0,0,33311,12976,2,33302,4962,182;
1701351362971;3515475,44904,1,893,531,473,32408,0,0,34534,0,0,33310,10597,4,32240,0,0,132037,0,0,33290,8925,2,34452,8580,21,33288,0,0,33311,12977,2,33302,4962,182;
1701351363075;3515578,44904,1,890,530,477,32408,0,0,34534,0,0,33310,10598,4,32240,0,0,132037,0,0,33290,8925,2,34452,8581,21,33288,0,0,33311,12977,2,33302,4962,183;
1701351363174;3515677,44904,1,890,530,477,32408,0,0,34534,0,0,33310,10598,4,32240,0,0,132037,0,0,33290,8925,2,34452,8581,21,33288,0,0,33311,12977,2,33302,4962,183;
1701351363263;3515773,44904,1,898,534,458,32408,0,0,34534,0,0,33310,10596,4,32240,0,0,132037,0,0,33290,8926,2,34452,8580,21,33288,0,0,33311,12975,2,33302,4961,181;
1701351363470;3515976,44904,1,895,533,463,32408,0,0,34534,0,0,33310,10597,4,32240,0,0,132037,0,0,33290,8926,2,34452,8581,21,33288,0,0,33311,12976,2,33302,4962,182;
1701351363576;3516076,44904,1,893,530,476,32408,0,0,34534,0,0,33310,10597,4,32240,0,0,132037,0,0,33290,8925,2,34452,8579,21,33288,0,0,33311,12975,2,33302,4961,182;
1701351363677;3516178,44904,1,896,534,464,32408,0,0,34534,0,0,33310,10596,4,32240,0,0,132037,0,0,33290,8925,2,34452,8580,21,33288,0,0,33311,12977,2,33302,4962,184;
1701351363776;3516278,44904,1,896,534,464,32408,0,0,34534,0,0,33310,10596,4,32240,0,0,132037,0,0,33290,8925,2,34452,8580,21,33288,0,0,33311,12978,2,33302,4961,186;
1701351363884;3516380,44904,1,896,535,461,32408,0,0,34534,0,0,33310,10596,4,32240,0,0,132037,0,0,33290,8925,2,34452,8581,21,33288,0,0,33311,12978,2,33302,4962,188;
1701351364058;3516576,44904,1,898,536,455,32408,0,0,34534,0,0,33310,10596,4,32240,0,0,132037,0,0,33290,8926,2,34452,8581,20,33288,0,0,33311,12979,2,33302,4962,189;
1701351364164;3516676,44904,1,901,534,453,32408,0,0,34534,0,0,33310,10596,4,32240,0,0,132037,0,0,33290,8927,2,34452,8580,20,33288,0,0,33311,12978,2,33302,4962,190;
1701351364274;3516777,44904,1,895,529,469,32408,0,0,34534,0,0,33310,10598,4,32240,0,0,132037,0,0,33290,8927,2,34452,8580,20,33288,0,0,33311,12977,2,33302,4961,190;
1701351364360;3516872,44904,1,801,450,763,32408,0,0,34534,0,0,33310,10630,4,32240,0,0,132037,0,0,33290,8925,2,34452,8579,21,33288,0,0,33311,12978,2,33302,4962,191;
1701351364477;3516975,44904,1,894,533,470,32408,0,0,34534,0,0,33310,10596,4,32240,0,0,132037,0,0,33290,8924,2,34452,8580,20,33288,0,0,33311,12978,2,33302,4961,190;
1701351364576;3517076,44904,1,893,530,476,32408,0,0,34534,0,0,33310,10597,4,32240,0,0,132037,0,0,33290,8925,2,34452,8579,21,33288,0,0,33311,12979,2,33302,4962,191;
1701351364770;3517272,44904,1,893,531,473,32408,0,0,34534,0,0,33310,10597,4,32240,0,0,132037,0,0,33290,8925,2,34452,8580,21,33288,0,0,33311,12980,2,33302,4962,192;
1701351364972;3517476,44904,1,898,535,454,32408,0,0,34534,0,0,33310,10597,4,32240,0,0,132037,0,0,33290,8927,2,34452,8582,22,33288,0,0,33311,12978,2,33302,4962,191;
1701351365154;3517672,44904,1,896,534,464,32408,0,0,34534,0,0,33310,10596,4,32240,0,0,132037,0,0,33290,8925,2,34452,8580,22,33288,0,0,33311,12977,2,33302,4962,191;
1701351365464;3517976,44904,1,903,536,443,32408,0,0,34534,0,0,33310,10596,4,32240,0,0,132037,0,0,33290,8928,2,34452,8581,21,33288,0,0,33311,12978,2,33302,4963,189;
1701351365671;3518178,44904,1,899,534,459,32408,0,0,34534,0,0,33310,10595,4,32240,0,0,132037,0,0,33290,8925,2,34452,8579,20,33288,0,0,33311,12976,2,33302,4962,189;
1701351365776;3518276,44904,1,901,534,453,32408,0,0,34534,0,0,33310,10596,4,32240,0,0,132037,0,0,33290,8927,2,34452,8580,21,33288,0,0,33311,12981,2,33302,4962,191;
1701351365880;3518377,44904,1,805,456,740,32408,0,0,34534,0,0,33310,10629,4,32240,0,0,132037,0,0,33290,8926,2,34452,8581,21,33288,0,0,33311,12977,2,33302,4962,191;
1701351366167;3518676,44904,1,901,533,456,32408,0,0,34534,0,0,33310,10596,4,32240,0,0,132037,0,0,33290,8927,2,34452,8579,21,33288,0,0,33311,12981,2,33302,4962,192;
1701351366464;3518973,44904,1,904,537,445,32408,0,0,34534,0,0,33310,10594,4,32240,0,0,132037,0,0,33290,8926,2,34452,8579,21,33288,0,0,33311,12979,2,33302,4963,199;
1701351366579;3519075,44904,1,898,534,458,32408,0,0,34534,0,0,33310,10596,4,32240,0,0,132037,0,0,33290,8926,2,34452,8580,21,33288,0,0,33311,12978,2,33302,4963,199;
1701351366975;3519475,44904,1,903,533,450,32408,0,0,34534,0,0,33310,10596,4,32240,0,0,132037,0,0,33290,8928,2,34452,8579,20,33288,0,0,33311,12980,2,33302,4962,195;
1701351367075;3519577,44904,1,896,532,468,32408,0,0,34534,0,0,33310,10596,4,32240,0,0,132037,0,0,33290,8925,2,34452,8579,20,33288,0,0,33311,12978,2,33302,4961,194;
1701351367169;3519676,44904,1,901,538,447,32408,0,0,34534,0,0,33310,10595,4,32240,0,0,132037,0,0,33290,8926,2,34452,8581,20,33288,0,0,33311,12977,2,33302,4962,194;
1701351367262;3519772,44904,1,896,532,468,32408,0,0,34534,0,0,33310,10596,4,32240,0,0,132037,0,0,33290,8925,2,34452,8579,21,33288,0,0,33311,12981,2,33302,4962,195;
1701351367371;3519875,44904,1,901,536,449,32408,0,0,34534,0,0,33310,10596,4,32240,0,0,132037,0,0,33290,8927,2,34452,8581,21,33288,0,0,33311,12978,2,33302,4962,194;
1701351367476;3519975,44904,1,906,537,439,32408,0,0,34534,0,0,33310,10595,4,32240,0,0,132037,0,0,33290,8928,2,34452,8580,20,33288,0,0,33311,12980,2,33302,4963,195;
1701351367575;3520076,44904,1,899,533,463,32408,0,0,34534,0,0,33310,10595,4,32240,0,0,132037,0,0,33290,8925,2,34452,8578,20,33288,0,0,33311,12981,2,33302,4962,195;
1701351367865;3520375,44904,1,896,532,468,32408,0,0,34534,0,0,33310,10596,4,32240,0,0,132037,0,0,33290,8925,2,34452,8579,19,33288,0,0,33311,12980,2,33302,4962,195;
1701351367967;3520475,44904,1,800,452,754,32408,0,0,34534,0,0,33310,10631,4,32240,0,0,132037,0,0,33290,8926,2,34452,8582,19,33288,0,0,33311,12982,2,33302,4962,195;
1701351368074;3520577,44904,1,899,533,463,32408,0,0,34534,0,0,33310,10595,4,32240,0,0,132037,0,0,33290,8925,2,34452,8578,19,33288,0,0,33311,12980,2,33302,4962,195;
1701351368271;3520775,44904,1,887,534,477,32408,0,0,34534,0,0,33310,10598,4,32240,0,0,132037,0,0,33290,8924,2,34452,8583,19,33288,0,0,33311,12980,2,33302,4962,194;
1701351368374;3520876,44904,1,894,533,470,32408,0,0,34534,0,0,33310,10596,4,32240,0,0,132037,0,0,33290,8924,2,34452,8580,19,33288,0,0,33311,12984,2,33302,4962,194;
1701351368465;3520977,44904,1,896,532,468,32408,0,0,34534,0,0,33310,10596,4,32240,0,0,132037,0,0,33290,8925,2,34452,8579,19,33288,0,0,33311,12982,2,33302,4962,194;
1701351368668;3521175,44904,1,798,453,762,32408,0,0,34534,0,0,33310,10630,4,32240,0,0,132037,0,0,33290,8924,2,34452,8581,20,33288,0,0,33311,12983,2,33302,4962,194;
1701351368782;3521276,44904,1,899,536,456,32408,0,0,34534,0,0,33310,10595,4,32240,0,0,132037,0,0,33290,8925,2,34452,8580,21,33288,0,0,33311,12980,2,33302,4963,196;
1701351368875;3521379,44904,1,896,534,464,32408,0,0,34534,0,0,33310,10596,4,32240,0,0,132037,0,0,33290,8925,2,34452,8580,20,33288,0,0,33311,12982,2,33302,4962,195;
1701351369054;3521573,44904,1,896,528,473,32408,0,0,34534,0,0,33310,10597,4,32240,0,0,132037,0,0,33290,8926,2,34452,8578,20,33288,0,0,33311,12981,2,33302,4962,194;
1701351369173;3521675,44904,1,892,528,486,32408,0,0,34534,0,0,33310,10596,4,32240,0,0,132037,0,0,33290,8923,2,34452,8577,20,33288,0,0,33311,12981,2,33302,4962,192;
1701351369276;3521778,44904,1,896,530,470,32408,0,0,34534,0,0,33310,10597,4,32240,0,0,132037,0,0,33290,8926,2,34452,8579,19,33288,0,0,33311,12983,2,33302,4962,192;
1701351369471;3521977,44904,1,899,534,459,32408,0,0,34534,0,0,33310,10595,4,32240,0,0,132037,0,0,33290,8925,2,34452,8579,20,33288,0,0,33311,12983,2,33302,4962,188;
1701351369573;3522073,44904,1,891,533,475,32408,0,0,34534,0,0,33310,10597,4,32240,0,0,132037,0,0,33290,8924,2,34452,8581,21,33288,0,0,33311,12983,2,33302,4962,186;
1701351369674;3522176,44904,1,890,530,477,32408,0,0,34534,0,0,33310,10598,4,32240,0,0,132037,0,0,33290,8925,2,34452,8581,21,33288,0,0,33311,12979,2,33302,4962,184;
1701351369775;3522276,44904,1,890,529,481,32408,0,0,34534,0,0,33310,10598,4,32240,0,0,132037,0,0,33290,8925,2,34452,8580,20,33288,0,0,33311,12981,2,33302,4962,184;
1701351369969;3522473,44904,1,893,531,473,32408,0,0,34534,0,0,33310,10597,4,32240,0,0,132037,0,0,33290,8925,2,34452,8580,21,33288,0,0,33311,12984,2,33302,4962,183;
1701351370070;3522574,44904,1,896,534,464,32408,0,0,34534,0,0,33310,10596,4,32240,0,0,132037,0,0,33290,8925,2,34452,8580,20,33288,0,0,33311,12980,2,33302,4962,183;
1701351370175;3522674,44904,1,896,534,464,32408,0,0,34534,0,0,33310,10596,4,32240,0,0,132037,0,0,33290,8925,2,34452,8580,19,33288,0,0,33311,12982,2,33302,4962,184;
1701351370277;3522776,44904,1,901,533,456,32408,0,0,34534,0,0,33310,10596,4,32240,0,0,132037,0,0,33290,8927,2,34452,8579,19,33288,0,0,33311,12982,2,33302,4962,184;
1701351370658;3523176,44904,1,891,535,473,32408,0,0,34534,0,0,33310,10596,4,32240,0,0,132037,0,0,33290,8923,2,34452,8581,20,33288,0,0,33311,12978,2,33302,4962,185;
1701351370962;3523477,44904,1,896,535,461,32408,0,0,34534,0,0,33310,10596,4,32240,0,0,132037,0,0,33290,8925,2,34452,8581,19,33288,0,0,33311,12977,2,33302,4962,185;
1701351371073;3523576,44904,1,901,533,456,32408,0,0,34534,0,0,33310,10596,4,32240,0,0,132037,0,0,33290,8927,2,34452,8579,20,33288,0,0,33311,12978,2,33302,4962,186;
1701351371160;3523672,44904,1,901,533,456,32408,0,0,34534,0,0,33310,10596,4,32240,0,0,132037,0,0,33290,8927,2,34452,8579,20,33288,0,0,33311,12979,2,33302,4961,185;
1701351371366;3523875,44904,1,899,529,469,32408,0,0,34534,0,0,33310,10596,4,32240,0,0,132037,0,0,33290,8926,2,34452,8577,20,33288,0,0,33311,12976,2,33302,4961,185;
1701351371664;3524176,44904,1,899,532,462,32408,0,0,34534,0,0,33310,10596,4,32240,0,0,132037,0,0,33290,8926,2,34452,8579,21,33288,0,0,33311,12978,2,33302,4963,186;
1701351371874;3524378,44904,1,811,457,729,32408,0,0,34534,0,0,33310,10627,4,32240,0,0,132037,0,0,33290,8926,2,34452,8579,21,33288,0,0,33311,12978,2,33302,4962,186;
1701351372008;3524473,44904,1,899,536,456,32408,0,0,34534,0,0,33310,10595,4,32240,0,0,132037,0,0,33290,8925,2,34452,8580,21,33288,0,0,33311,12980,2,33302,4962,187;
1701351372094;3524574,44904,1,899,532,462,32408,0,0,34534,0,0,33310,10596,4,32240,0,0,132037,0,0,33290,8926,2,34452,8579,21,33288,0,0,33311,12976,2,33302,4961,188;
1701351372206;3524675,44904,1,904,539,442,32408,0,0,34534,0,0,33310,10594,4,32240,0,0,132037,0,0,33290,8926,2,34452,8580,21,33288,0,0,33311,12980,2,33302,4962,189;
1701351372278;3524777,44904,1,906,535,442,32408,0,0,34534,0,0,33310,10595,4,32240,0,0,132037,0,0,33290,8928,2,34452,8579,21,33288,0,0,33311,12979,2,33302,4961,187;
1701351372373;3524877,44904,1,899,531,466,32408,0,0,34534,0,0,33310,10595,4,32240,0,0,132037,0,0,33290,8925,2,34452,8577,21,33288,0,0,33311,12978,2,33302,4962,191;
1701351372476;3524973,44904,1,901,533,456,32408,0,0,34534,0,0,33310,10596,4,32240,0,0,132037,0,0,33290,8927,2,34452,8579,21,33288,0,0,33311,12979,2,33302,4962,192;
1701351372667;3525175,44904,1,898,534,458,32408,0,0,34534,0,0,33310,10596,4,32240,0,0,132037,0,0,33290,8926,2,34452,8580,22,33288,0,0,33311,12978,2,33302,4963,191;
1701351372766;3525271,44904,1,900,538,446,32408,0,0,34534,0,0,33310,10596,4,32240,0,0,132037,0,0,33290,8927,2,34452,8582,22,33288,0,0,33311,12979,2,33302,4962,190;
1701351372868;3525374,44904,1,900,535,460,32408,0,0,34534,0,0,33310,10594,4,32240,0,0,132037,0,0,33290,8924,2,34452,8578,22,33288,0,0,33311,12980,2,33302,4962,190;
1701351373367;3525875,44904,1,896,534,464,32408,0,0,34534,0,0,33310,10596,4,32240,0,0,132037,0,0,33290,8925,2,34452,8580,21,33288,0,0,33311,12980,2,33302,4962,195;
1701351373466;3525976,44904,1,888,529,488,32408,0,0,34534,0,0,33310,10597,4,32240,0,0,132037,0,0,33290,8923,2,34452,8579,21,33288,0,0,33311,12978,2,33302,4962,197;
1701351373667;3526174,44904,1,891,533,475,32408,0,0,34534,0,0,33310,10597,4,32240,0,0,132037,0,0,33290,8924,2,34452,8581,21,33288,0,0,33311,12976,2,33302,4962,195;
1701351373873;3526377,44904,1,889,531,485,32408,0,0,34534,0,0,33310,10596,4,32240,0,0,132037,0,0,33290,8922,2,34452,8579,20,33288,0,0,33311,12979,2,33302,4962,194;
1701351373958;3526471,44904,1,891,531,478,32408,0,0,34534,0,0,33310,10597,4,32240,0,0,132037,0,0,33290,8924,2,34452,8580,21,33288,0,0,33311,12978,2,33302,4962,192;
1701351374168;3526674,44904,1,901,531,459,32408,0,0,34534,0,0,33310,10596,4,32240,0,0,132037,0,0,33290,8927,2,34452,8578,20,33288,0,0,33311,12980,2,33302,4962,189;
1701351374367;3526871,44904,1,898,533,457,32408,0,0,34534,0,0,33310,10597,4,32240,0,0,132037,0,0,33290,8927,2,34452,8581,20,33288,0,0,33311,12979,2,33302,4962,187;
1701351374477;3526975,44904,1,895,533,462,32408,0,0,34534,0,0,33310,10598,4,32240,0,0,132037,0,0,33290,8927,2,34452,8582,21,33288,0,0,33311,12977,2,33302,4961,185;
1701351374667;3527176,44904,1,901,531,459,32408,0,0,34534,0,0,33310,10596,4,32240,0,0,132037,0,0,33290,8927,2,34452,8578,23,33288,0,0,33311,12978,2,33302,4962,190;
1701351374866;3527375,44904,1,895,533,463,32408,0,0,34534,0,0,33310,10597,4,32240,0,0,132037,0,0,33290,8926,2,34452,8581,22,33288,0,0,33311,12976,2,33302,4961,187;
1701351375066;3527575,44904,1,901,534,453,32408,0,0,34534,0,0,33310,10596,4,32240,0,0,132037,0,0,33290,8927,1,34452,8580,22,33288,0,0,33311,12978,2,33302,4961,184;
1701351375171;3527671,44904,1,899,536,456,32408,0,0,34534,0,0,33310,10595,4,32240,0,0,132037,0,0,33290,8925,1,34452,8580,22,33288,0,0,33311,12978,2,33302,4962,183;
1701351375366;3527874,44904,1,896,532,468,32408,0,0,34534,0,0,33310,10596,4,32240,0,0,132037,0,0,33290,8925,1,34452,8579,22,33288,0,0,33311,12982,2,33302,4961,181;
1701351375872;3528173,44904,1,898,530,463,32408,0,0,34534,0,0,33310,10598,4,32240,0,0,132037,0,0,33290,8928,1,34452,8580,21,33288,0,0,33311,12978,2,33302,4961,185;
1701351375891;3528274,44904,1,898,532,461,32408,0,0,34534,0,0,33310,10597,4,32240,0,0,132037,0,0,33290,8927,1,34452,8580,21,33288,0,0,33311,12978,2,33302,4962,183;
1701351375907;3528375,44904,1,900,534,452,32408,0,0,34534,0,0,33310,10597,4,32240,0,0,132037,0,0,33290,8928,1,34452,8581,21,33288,0,0,33311,12979,2,33302,4961,185;
1701351376161;3528675,44904,1,896,532,467,32408,0,0,34534,0,0,33310,10597,4,32240,0,0,132037,0,0,33290,8926,1,34452,8580,21,33288,0,0,33311,12978,2,33302,4962,184;
1701351376367;3528871,44904,1,896,534,464,32408,0,0,34534,0,0,33310,10596,4,32240,0,0,132037,0,0,33290,8925,2,34452,8580,21,33288,0,0,33311,12978,2,33302,4962,185;
1701351376567;3529075,44904,1,901,534,453,32408,0,0,34534,0,0,33310,10596,4,32240,0,0,132037,0,0,33290,8927,1,34452,8580,21,33288,0,0,33311,12979,2,33302,4962,186;
1701351376674;3529176,44904,1,896,530,470,32408,0,0,34534,0,0,33310,10597,4,32240,0,0,132037,0,0,33290,8926,2,34452,8579,20,33288,0,0,33311,12978,2,33302,4962,187;
1701351376929;3529272,44904,1,900,530,457,32408,0,0,34534,0,0,33310,10598,4,32240,0,0,132037,0,0,33290,8929,2,34452,8580,21,33288,0,0,33311,12980,2,33302,4961,185;
1701351377163;3529676,44904,1,898,528,468,32408,0,0,34534,0,0,33310,10597,4,32240,0,0,132037,0,0,33290,8927,2,34452,8578,21,33288,0,0,33311,12975,2,33302,4962,188;
1701351377270;3529772,44904,1,901,534,453,32408,0,0,34534,0,0,33310,10596,4,32240,0,0,132037,0,0,33290,8927,2,34452,8580,21,33288,0,0,33311,12975,2,33302,4962,188;
1701351377372;3529874,44904,1,893,533,469,32408,0,0,34534,0,0,33310,10597,4,32240,0,0,132037,0,0,33290,8925,2,34452,8581,21,33288,0,0,33311,12978,2,33302,4961,188;
1701351377475;3529975,44904,1,903,535,447,32408,0,0,34534,0,0,33310,10596,4,32240,0,0,132037,0,0,33290,8928,2,34452,8580,21,33288,0,0,33311,12980,2,33302,4962,188;
1701351377866;3530375,44904,1,893,528,479,32408,0,0,34534,0,0,33310,10597,4,32240,0,0,132037,0,0,33290,8925,1,34452,8578,21,33288,0,0,33311,12977,2,33302,4962,187;
1701351377974;3530475,44904,1,901,535,454,32408,0,0,34534,0,0,33310,10595,4,32240,0,0,132037,0,0,33290,8926,2,34452,8579,21,33288,0,0,33311,12980,2,33302,4962,187;
