1701351659586;3812146,44904,1,1796,414,362,32408,0,0,34534,8733,0,33310,10147,3,32240,0,0,132037,0,0,33290,8733,3,34452,7868,28,33288,0,0,33311,13218,0,33302,5354,132;
1701351659823;3812344,44904,1,1796,410,367,32408,0,0,34534,8738,0,33310,10148,3,32240,0,0,132037,0,0,33290,8734,3,34452,7867,27,33288,0,0,33311,13213,0,33302,5353,128;
1701351659993;3812545,44904,1,1798,411,362,32408,0,0,34534,8734,0,33310,10148,3,32240,0,0,132037,0,0,33290,8735,3,34452,7867,27,33288,0,0,33311,13210,0,33302,5354,126;
1701351660100;3812645,44904,1,1803,415,347,32408,0,0,34534,8737,0,33310,10147,3,32240,0,0,132037,0,0,33290,8737,3,34452,7868,27,33288,0,0,33311,13208,0,33302,5354,126;
1701351660208;3812746,44904,1,1801,414,352,32408,0,0,34534,8739,0,33310,10147,4,32240,0,0,132037,0,0,33290,8735,3,34452,7868,27,33288,0,0,33311,13204,0,33302,5353,127;
1701351660504;3813045,44904,1,1798,406,366,32408,0,0,34534,8740,0,33310,10150,3,32240,0,0,132037,0,0,33290,8738,3,34452,7867,27,33288,0,0,33311,13207,0,33302,5354,127;
1701351660683;3813241,44904,1,1793,407,373,32408,0,0,34534,8740,0,33310,10150,3,32240,0,0,132037,0,0,33290,8735,3,34452,7868,27,33288,0,0,33311,13204,0,33302,5353,123;
1701351660804;3813345,44904,1,1790,406,381,32408,0,0,34534,8735,0,33310,10150,3,32240,0,0,132037,0,0,33290,8734,3,34452,7867,28,33288,0,0,33311,13195,0,33302,5353,123;
1701351660935;3813445,44904,1,1790,412,370,32408,0,0,34534,8728,0,33310,10149,3,32240,0,0,132037,0,0,33290,8733,3,34452,7870,28,33288,0,0,33311,13201,0,33302,5354,121;
1701351661086;3813641,44904,1,1786,392,414,32408,0,0,34534,8742,0,33310,10152,3,32240,0,0,132037,0,0,33290,8734,3,34452,7861,27,33288,0,0,33311,13200,0,33302,5354,121;
1701351661391;3813946,44904,1,1873,415,214,32408,0,0,34534,8729,0,33310,10150,3,32240,0,0,132037,0,0,33290,8769,3,34452,7867,28,33288,0,0,33311,13205,0,33302,5354,126;
1701351661502;3814042,44904,1,1794,408,375,32408,0,0,34534,8725,0,33310,10148,3,32240,0,0,132037,0,0,33290,8733,3,34452,7866,28,33288,0,0,33311,13210,0,33302,5354,126;
1701351661602;3814145,44904,1,1780,404,400,32408,0,0,34534,8723,0,33310,10151,3,32240,0,0,132037,0,0,33290,8731,3,34452,7868,28,33288,0,0,33311,13211,0,33302,5354,129;
1701351661705;3814246,44904,1,1793,406,377,32408,0,0,34534,8732,0,33310,10149,3,32240,0,0,132037,0,0,33290,8734,3,34452,7866,29,33288,0,0,33311,13227,0,33302,5354,129;
1701351661801;3814347,44904,1,1787,405,385,32408,0,0,34534,8727,0,33310,10151,3,32240,0,0,132037,0,0,33290,8734,3,34452,7868,28,33288,0,0,33311,13210,0,33302,5353,130;
1701351661894;3814441,44904,1,1788,403,388,32408,0,0,34534,8729,0,33310,10151,3,32240,0,0,132037,0,0,33290,8734,3,34452,7867,29,33288,0,0,33311,13211,0,33302,5355,131;
1701351662003;3814546,44904,1,1785,401,395,32408,0,0,34534,8727,0,33310,10152,3,32240,0,0,132037,0,0,33290,8734,3,34452,7867,29,33288,0,0,33311,13219,0,33302,5353,129;
1701351662209;3814745,44904,1,1783,401,402,32408,0,0,34534,8728,0,33310,10151,3,32240,0,0,132037,0,0,33290,8732,3,34452,7866,29,33288,0,0,33311,13211,0,33302,5353,127;
1701351662396;3814947,44904,1,1785,402,392,32408,0,0,34534,8722,0,33310,10152,3,32240,0,0,132037,0,0,33290,8734,3,34452,7868,28,33288,0,0,33311,13195,0,33302,5354,123;
1701351662502;3815043,44904,1,1783,404,395,32408,0,0,34534,8726,0,33310,10151,3,32240,0,0,132037,0,0,33290,8732,3,34452,7868,28,33288,0,0,33311,13201,0,33302,5354,122;
1701351662697;3815246,44904,1,1789,408,385,32408,0,0,34534,8723,0,33310,10148,3,32240,0,0,132037,0,0,33290,8731,3,34452,7866,27,33288,0,0,33311,13190,0,33302,5355,124;
1701351662801;3815341,44904,1,1783,405,396,32408,0,0,34534,8725,0,33310,10150,3,32240,0,0,132037,0,0,33290,8731,3,34452,7867,27,33288,0,0,33311,13194,0,33302,5354,126;
1701351663000;3815546,44904,1,1788,407,384,32408,0,0,34534,8718,0,33310,10149,4,32240,0,0,132037,0,0,33290,8732,3,34452,7867,28,33288,0,0,33311,13198,0,33302,5354,127;
1701351663092;3815645,44904,1,1698,332,628,32408,0,0,34534,8724,0,33310,10182,3,32240,0,0,132037,0,0,33290,8732,3,34452,7868,28,33288,0,0,33311,13198,0,33302,5354,126;
1701351663296;3815848,44904,1,1789,408,385,32408,0,0,34534,8720,0,33310,10148,3,32240,0,0,132037,0,0,33290,8731,3,34452,7866,27,33288,0,0,33311,13210,0,33302,5354,128;
1701351663588;3816143,44904,1,1794,408,375,32408,0,0,34534,8733,0,33310,10148,3,32240,0,0,132037,0,0,33290,8733,3,34452,7866,26,33288,0,0,33311,13228,0,33302,5354,130;
1701351663703;3816244,44904,1,1788,404,389,32408,0,0,34534,8730,0,33310,10150,3,32240,0,0,132037,0,0,33290,8733,3,34452,7866,26,33288,0,0,33311,13245,0,33302,5353,130;
1701351663793;3816345,44904,1,1791,404,384,32408,0,0,34534,8729,0,33310,10150,3,32240,0,0,132037,0,0,33290,8734,3,34452,7866,27,33288,0,0,33311,13241,0,33302,5354,132;
1701351663996;3816541,44904,1,1785,403,393,32408,0,0,34534,8728,0,33310,10151,3,32240,0,0,132037,0,0,33290,8733,3,34452,7867,27,33288,0,0,33311,13271,0,33302,5353,133;
1701351664194;3816746,44904,1,1791,411,374,32408,0,0,34534,8724,0,33310,10148,3,32240,0,0,132037,0,0,33290,8732,3,34452,7868,27,33288,0,0,33311,13243,0,33302,5354,133;
1701351664301;3816846,44904,1,1796,414,362,32408,0,0,34534,8724,0,33310,10147,3,32240,0,0,132037,0,0,33290,8733,3,34452,7868,28,33288,0,0,33311,13241,0,33302,5354,132;
1701351664496;3817045,44904,1,1791,411,374,32408,0,0,34534,8730,0,33310,10148,3,32240,0,0,132037,0,0,33290,8732,3,34452,7868,29,33288,0,0,33311,13216,0,33302,5354,133;
1701351664800;3817346,44904,1,1804,417,345,32408,0,0,34534,8731,0,33310,10145,3,32240,0,0,132037,0,0,33290,8734,3,34452,7867,30,33288,0,0,33311,13205,0,33302,5354,134;
1701351664903;3817443,44904,1,1705,333,612,32408,0,0,34534,8729,0,33310,10181,3,32240,0,0,132037,0,0,33290,8734,3,34452,7867,30,33288,0,0,33311,13198,0,33302,5354,134;
1701351664989;3817543,44904,1,1791,408,379,32408,0,0,34534,8725,0,33310,10149,3,32240,0,0,132037,0,0,33290,8733,3,34452,7867,29,33288,0,0,33311,13194,0,33302,5353,132;
1701351665104;3817644,44904,1,1796,409,370,32408,0,0,34534,8724,0,33310,10148,3,32240,0,0,132037,0,0,33290,8734,3,34452,7866,29,33288,0,0,33311,13188,0,33302,5354,130;
1701351665206;3817747,44904,1,1791,408,380,32408,0,0,34534,8731,0,33310,10148,3,32240,0,0,132037,0,0,33290,8732,3,34452,7866,29,33288,0,0,33311,13185,0,33302,5354,129;
1701351665290;3817842,44904,1,1791,409,376,32408,0,0,34534,8727,0,33310,10149,3,32240,0,0,132037,0,0,33290,8733,3,34452,7868,29,33288,0,0,33311,13183,1,33302,5355,130;
1701351665388;3817943,44904,1,1790,407,378,32408,0,0,34534,8721,0,33310,10150,3,32240,0,0,132037,0,0,33290,8734,3,34452,7868,29,33288,0,0,33311,13179,1,33302,5353,128;
1701351665502;3818044,44904,1,1783,403,398,32408,0,0,34534,8723,0,33310,10151,2,32240,0,0,132037,0,0,33290,8732,3,34452,7867,29,33288,0,0,33311,13182,1,33302,5354,129;
1701351665605;3818147,44904,1,1780,399,409,32408,0,0,34534,8721,0,33310,10152,3,32240,0,0,132037,0,0,33290,8732,3,34452,7866,30,33288,0,0,33311,13182,1,33302,5354,131;
1701351665691;3818240,44904,1,1788,407,383,32408,0,0,34534,8722,0,33310,10150,3,32240,0,0,132037,0,0,33290,8733,3,34452,7868,30,33288,0,0,33311,13183,1,33302,5354,132;
1701351665903;3818445,44904,1,1788,405,386,32408,0,0,34534,8719,0,33310,10150,2,32240,0,0,132037,0,0,33290,8733,3,34452,7867,28,33288,0,0,33311,13181,1,33302,5354,132;
1701351666005;3818546,44904,1,1787,400,394,32408,0,0,34534,8720,0,33310,10152,3,32240,0,0,132037,0,0,33290,8735,3,34452,7866,29,33288,0,0,33311,13179,1,33302,5354,134;
1701351666201;3818745,44904,1,1791,406,382,32408,0,0,34534,8722,0,33310,10149,3,32240,0,0,132037,0,0,33290,8733,3,34452,7866,29,33288,0,0,33311,13185,1,33302,5353,134;
1701351666490;3819041,44904,1,1794,408,375,32408,0,0,34534,8728,0,33310,10148,3,32240,0,0,132037,0,0,33290,8733,3,34452,7866,29,33288,0,0,33311,13183,1,33302,5354,133;
1701351666602;3819144,44904,1,1793,406,377,32408,0,0,34534,8730,0,33310,10149,3,32240,0,0,132037,0,0,33290,8734,3,34452,7866,28,33288,0,0,33311,13182,1,33302,5354,133;
1701351666802;3819345,44904,1,1780,402,403,32408,0,0,34534,8729,0,33310,10151,3,32240,0,0,132037,0,0,33290,8731,3,34452,7867,29,33288,0,0,33311,13182,1,33302,5355,133;
1701351666884;3819442,44904,1,1788,403,388,32408,0,0,34534,8731,0,33310,10151,2,32240,0,0,132037,0,0,33290,8734,3,34452,7867,29,33288,0,0,33311,13179,1,33302,5354,130;
1701351667001;3819544,44904,1,1793,408,374,32408,0,0,34534,8731,0,33310,10149,2,32240,0,0,132037,0,0,33290,8734,3,34452,7867,29,33288,0,0,33311,13180,1,33302,5354,130;
1701351667102;3819645,44904,1,1782,402,397,32408,0,0,34534,8732,0,33310,10152,2,32240,0,0,132037,0,0,33290,8733,3,34452,7868,29,33288,0,0,33311,13183,1,33302,5354,131;
1701351667201;3819746,44904,1,1793,404,379,32408,0,0,34534,8729,0,33310,10150,3,32240,0,0,132037,0,0,33290,8735,3,34452,7866,30,33288,0,0,33311,13187,1,33302,5353,131;
1701351667398;3819943,44904,1,1793,408,374,32408,0,0,34534,8734,0,33310,10149,2,32240,0,0,132037,0,0,33290,8734,3,34452,7867,29,33288,0,0,33311,13188,0,33302,5355,129;
1701351667499;3820043,44904,1,1788,404,389,32408,0,0,34534,8737,0,33310,10150,2,32240,0,0,132037,0,0,33290,8733,3,34452,7866,28,33288,0,0,33311,13186,0,33302,5354,128;
1701351667603;3820145,44904,1,1786,407,389,32408,0,0,34534,8735,0,33310,10149,2,32240,0,0,132037,0,0,33290,8731,3,34452,7867,28,33288,0,0,33311,13186,0,33302,5354,129;
1701351667707;3820246,44904,1,1794,408,375,32408,0,0,34534,8728,0,33310,10148,2,32240,0,0,132037,0,0,33290,8733,3,34452,7866,29,33288,0,0,33311,13189,0,33302,5354,129;
1701351667803;3820346,44904,1,1793,408,374,32408,0,0,34534,8730,0,33310,10149,2,32240,0,0,132037,0,0,33290,8734,3,34452,7867,28,33288,0,0,33311,13198,0,33302,5353,127;
1701351667998;3820546,44904,1,1785,401,396,32408,0,0,34534,8728,0,33310,10151,2,32240,0,0,132037,0,0,33290,8733,3,34452,7866,28,33288,0,0,33311,13211,0,33302,5353,128;
1701351668196;3820741,44904,1,1789,411,379,32408,0,0,34534,8730,0,33310,10148,3,32240,0,0,132037,0,0,33290,8731,3,34452,7868,29,33288,0,0,33311,13206,0,33302,5354,127;
1701351668302;3820846,44904,1,1791,411,374,32408,0,0,34534,8729,0,33310,10148,3,32240,0,0,132037,0,0,33290,8732,3,34452,7868,28,33288,0,0,33311,13202,0,33302,5355,129;
1701351668386;3820943,44904,1,1786,409,386,32408,0,0,34534,8731,0,33310,10149,3,32240,0,0,132037,0,0,33290,8731,3,34452,7868,28,33288,0,0,33311,13203,0,33302,5353,129;
1701351668499;3821045,44904,1,1791,406,382,32408,0,0,34534,8732,0,33310,10149,2,32240,0,0,132037,0,0,33290,8733,3,34452,7866,28,33288,0,0,33311,13203,0,33302,5354,126;
1701351668585;3821141,44904,1,1786,405,391,32408,0,0,34534,8732,0,33310,10150,3,32240,0,0,132037,0,0,33290,8732,3,34452,7867,27,33288,0,0,33311,13200,0,33302,5353,127;
1701351668793;3821344,44904,1,1786,409,386,32408,0,0,34534,8732,0,33310,10149,3,32240,0,0,132037,0,0,33290,8731,3,34452,7868,27,33288,0,0,33311,13202,0,33302,5354,130;
1701351668994;3821541,44904,1,1786,405,391,32408,0,0,34534,8743,0,33310,10150,2,32240,0,0,132037,0,0,33290,8732,3,34452,7867,28,33288,0,0,33311,13189,0,33302,5353,129;
1701351669101;3821644,44904,1,1788,405,386,32408,0,0,34534,8743,0,33310,10150,3,32240,0,0,132037,0,0,33290,8733,3,34452,7867,28,33288,0,0,33311,13191,1,33302,5353,130;
1701351669292;3821845,44904,1,1783,406,393,32408,0,0,34534,8738,0,33310,10150,2,32240,0,0,132037,0,0,33290,8731,3,34452,7868,28,33288,0,0,33311,13187,0,33302,5353,128;
1701351669398;3821940,44904,1,1790,407,378,32408,0,0,34534,8739,0,33310,10150,3,32240,0,0,132037,0,0,33290,8734,3,34452,7868,28,33288,0,0,33311,13183,1,33302,5353,127;
1701351669594;3822145,44904,1,1786,409,386,32408,0,0,34534,8734,0,33310,10149,3,32240,0,0,132037,0,0,33290,8731,3,34452,7868,27,33288,0,0,33311,13195,0,33302,5354,130;
1701351669699;3822245,44904,1,1788,406,387,32408,0,0,34534,8732,0,33310,10149,2,32240,0,0,132037,0,0,33290,8732,3,34452,7866,28,33288,0,0,33311,13194,0,33302,5354,131;
1701351669785;3822341,44904,1,1783,405,396,32408,0,0,34534,8734,0,33310,10150,2,32240,0,0,132037,0,0,33290,8731,3,34452,7867,28,33288,0,0,33311,13199,0,33302,5353,130;
1701351669898;3822443,44904,1,1791,410,377,32408,0,0,34534,8725,0,33310,10148,3,32240,0,0,132037,0,0,33290,8732,3,34452,7867,28,33288,0,0,33311,13207,0,33302,5354,130;
1701351670199;3822745,44904,1,1868,420,216,32408,0,0,34534,8729,0,33310,10148,3,32240,0,0,132037,0,0,33290,8765,3,34452,7868,27,33288,0,0,33311,13210,0,33302,5354,128;
1701351670394;3822943,44904,1,1786,409,386,32408,0,0,34534,8730,0,33310,10149,3,32240,0,0,132037,0,0,33290,8731,3,34452,7868,28,33288,0,0,33311,13204,0,33302,5353,130;
1701351670500;3823045,44904,1,1784,407,394,32408,0,0,34534,8734,0,33310,10149,3,32240,0,0,132037,0,0,33290,8730,3,34452,7867,28,33288,0,0,33311,13206,0,33302,5354,129;
1701351670601;3823146,44904,1,1791,408,380,32408,0,0,34534,8730,0,33310,10148,3,32240,0,0,132037,0,0,33290,8732,3,34452,7866,30,33288,0,0,33311,13208,0,33302,5353,130;
1701351670682;3823240,44904,1,1796,410,367,32408,0,0,34534,8729,0,33310,10148,3,32240,0,0,132037,0,0,33290,8734,3,34452,7867,30,33288,0,0,33311,13207,0,33302,5354,129;
1701351670799;3823343,44904,1,1796,410,367,32408,0,0,34534,8734,0,33310,10148,3,32240,0,0,132037,0,0,33290,8734,3,34452,7867,30,33288,0,0,33311,13203,0,33302,5353,130;
1701351670987;3823546,44904,1,1786,406,392,32408,0,0,34534,8740,0,33310,10149,3,32240,0,0,132037,0,0,33290,8731,3,34452,7866,29,33288,0,0,33311,13204,0,33302,5354,130;
1701351671303;3823843,44904,1,1791,406,382,32408,0,0,34534,8733,0,33310,10149,3,32240,0,0,132037,0,0,33290,8733,3,34452,7866,26,33288,0,0,33311,13213,0,33302,5354,131;
1701351671593;3824145,44904,1,1786,407,389,32408,0,0,34534,8731,0,33310,10149,4,32240,0,0,132037,0,0,33290,8731,3,34452,7867,27,33288,0,0,33311,13212,0,33302,5354,131;
1701351671802;3824342,44904,1,1706,334,614,32408,0,0,34534,8737,0,33310,10179,3,32240,0,0,132037,0,0,33290,8732,3,34452,7865,26,33288,0,0,33311,13207,0,33302,5354,128;
1701351671882;3824442,44904,1,1794,408,375,32408,0,0,34534,8735,0,33310,10148,4,32240,0,0,132037,0,0,33290,8733,3,34452,7866,26,33288,0,0,33311,13204,0,33302,5354,127;
1701351672093;3824645,44904,1,1793,404,379,32408,0,0,34534,8739,0,33310,10150,3,32240,0,0,132037,0,0,33290,8735,3,34452,7866,28,33288,0,0,33311,13205,0,33302,5353,125;
1701351672199;3824740,44904,1,1793,410,372,32408,0,0,34534,8741,0,33310,10148,3,32240,0,0,132037,0,0,33290,8733,3,34452,7867,28,33288,0,0,33311,13196,0,33302,5353,125;
1701351672295;3824845,44904,1,1787,405,385,32408,0,0,34534,8745,0,33310,10151,3,32240,0,0,132037,0,0,33290,8734,3,34452,7868,29,33288,0,0,33311,13199,0,33302,5354,125;
1701351672491;3825045,44904,1,1781,401,407,32408,0,0,34534,8738,0,33310,10151,3,32240,0,0,132037,0,0,33290,8731,3,34452,7866,30,33288,0,0,33311,13197,0,33302,5352,124;
1701351672798;3825343,44904,1,1783,405,396,32408,0,0,34534,8737,0,33310,10150,2,32240,0,0,132037,0,0,33290,8731,3,34452,7867,30,33288,0,0,33311,13196,0,33302,5353,124;
1701351672896;3825444,44904,1,1788,405,386,32408,0,0,34534,8733,0,33310,10150,3,32240,0,0,132037,0,0,33290,8733,3,34452,7867,30,33288,0,0,33311,13197,0,33302,5353,127;
1701351673093;3825641,44904,1,1791,414,368,32408,0,0,34534,8734,0,33310,10148,3,32240,0,0,132037,0,0,33290,8732,3,34452,7870,30,33288,0,0,33311,13195,0,33302,5353,129;
1701351673198;3825742,44904,1,1786,411,384,32408,0,0,34534,8737,0,33310,10148,3,32240,0,0,132037,0,0,33290,8730,3,34452,7868,30,33288,0,0,33311,13188,0,33302,5354,131;
1701351673393;3825944,44904,1,1791,411,374,32408,0,0,34534,8738,0,33310,10148,4,32240,0,0,132037,0,0,33290,8732,3,34452,7868,30,33288,0,0,33311,13194,0,33302,5353,128;
1701351673497;3826040,44904,1,1796,414,362,32408,0,0,34534,8731,0,33310,10147,4,32240,0,0,132037,0,0,33290,8733,3,34452,7868,30,33288,0,0,33311,13196,0,33302,5354,128;
1701351673694;3826244,44904,1,1869,422,214,32408,0,0,34534,8724,0,33310,10147,4,32240,0,0,132037,0,0,33290,8764,3,34452,7868,28,33288,0,0,33311,13198,0,33302,5354,128;
1701351673801;3826344,44904,1,1789,413,377,32408,0,0,34534,8725,0,33310,10147,3,32240,0,0,132037,0,0,33290,8730,3,34452,7868,28,33288,0,0,33311,13201,0,33302,5353,127;
1701351673993;3826545,44904,1,1786,414,379,32408,0,0,34534,8723,0,33310,10147,3,32240,0,0,132037,0,0,33290,8729,3,34452,7869,28,33288,0,0,33311,13199,0,33302,5353,127;
1701351674098;3826644,44904,1,1863,421,223,32408,0,0,34534,8714,0,33310,10148,3,32240,0,0,132037,0,0,33290,8763,3,34452,7869,29,33288,0,0,33311,13211,0,33302,5354,127;
1701351674200;3826745,44904,1,1784,412,386,32408,0,0,34534,8714,0,33310,10148,3,32240,0,0,132037,0,0,33290,8729,4,34452,7869,29,33288,0,0,33311,13194,0,33302,5353,127;
1701351674391;3826943,44904,1,1786,412,381,32408,0,0,34534,8722,0,33310,10148,3,32240,0,0,132037,0,0,33290,8730,3,34452,7869,30,33288,0,0,33311,13197,0,33302,5354,129;
1701351674590;3827145,44904,1,1778,404,405,32408,0,0,34534,8726,0,33310,10151,2,32240,0,0,132037,0,0,33290,8730,3,34452,7868,29,33288,0,0,33311,13199,0,33302,5353,125;
1701351674891;3827447,44904,1,1778,405,402,32408,0,0,34534,8743,0,33310,10151,2,32240,0,0,132037,0,0,33290,8730,3,34452,7869,31,33288,0,0,33311,13204,0,33302,5354,126;
1701351674997;3827546,44904,1,1780,404,400,32408,0,0,34534,8732,0,33310,10151,2,32240,0,0,132037,0,0,33290,8731,3,34452,7868,30,33288,0,0,33311,13224,0,33302,5353,124;
1701351675190;3827742,44904,1,1778,400,411,32408,0,0,34534,8724,0,33310,10152,2,32240,0,0,132037,0,0,33290,8731,3,34452,7867,30,33288,0,0,33311,13224,0,33302,5354,126;
1701351675397;3827945,44904,1,1775,398,419,32408,0,0,34534,8735,0,33310,10152,1,32240,0,0,132037,0,0,33290,8730,3,34452,7866,30,33288,0,0,33311,13209,0,33302,5354,127;
1701351675497;3828045,44904,1,1783,406,392,32408,0,0,34534,8742,0,33310,10151,2,32240,0,0,132037,0,0,33290,8732,3,34452,7869,31,33288,0,0,33311,13201,0,33302,5354,126;
1701351675590;3828142,44904,1,1790,407,378,32408,0,0,34534,8745,0,33310,10150,2,32240,0,0,132037,0,0,33290,8734,3,34452,7868,30,33288,0,0,33311,13196,0,33302,5354,126;
1701351675789;3828343,44904,1,1780,403,399,32408,0,0,34534,8743,0,33310,10152,1,32240,0,0,132037,0,0,33290,8732,3,34452,7869,31,33288,0,0,33311,13205,0,33302,5354,125;
1701351675898;3828444,44904,1,1770,400,422,32408,0,0,34534,8751,0,33310,10153,2,32240,0,0,132037,0,0,33290,8729,3,34452,7869,31,33288,0,0,33311,13196,0,33302,5354,125;
1701351676001;3828542,44904,1,1777,400,410,32408,0,0,34534,8742,0,33310,10153,2,32240,0,0,132037,0,0,33290,8732,3,34452,7868,31,33288,0,0,33311,13196,0,33302,5353,124;
1701351676211;3828744,44904,1,1776,397,411,32408,0,0,34534,8748,0,33310,10155,1,32240,0,0,132037,0,0,33290,8734,3,34452,7869,29,33288,0,0,33311,13190,0,33302,5354,121;
1701351676394;3828941,44904,1,1775,399,415,32408,0,0,34534,8750,0,33310,10153,1,32240,0,0,132037,0,0,33290,8731,3,34452,7868,30,33288,0,0,33311,13189,0,33302,5354,123;
1701351676496;3829043,44904,1,1769,393,432,32408,0,0,34534,8744,0,33310,10155,1,32240,0,0,132037,0,0,33290,8731,3,34452,7867,29,33288,0,0,33311,13189,0,33302,5354,122;
1701351676696;3829245,44904,1,1770,397,427,32408,0,0,34534,8742,0,33310,10154,1,32240,0,0,132037,0,0,33290,8730,3,34452,7868,27,33288,0,0,33311,13196,0,33302,5354,124;
1701351676790;3829343,44904,1,1782,402,397,32408,0,0,34534,8743,0,33310,10152,2,32240,0,0,132037,0,0,33290,8733,3,34452,7868,28,33288,0,0,33311,13194,0,33302,5354,123;
1701351676895;3829444,44904,1,1773,401,418,32408,0,0,34534,8738,0,33310,10152,2,32240,0,0,132037,0,0,33290,8729,3,34452,7868,27,33288,0,0,33311,13199,0,33302,5354,126;
1701351676994;3829542,44904,1,1783,410,388,32408,0,0,34534,8740,0,33310,10149,2,32240,0,0,132037,0,0,33290,8730,3,34452,7869,26,33288,0,0,33311,13201,0,33302,5354,127;
1701351677995;3830542,44904,1,1704,339,610,32408,0,0,34534,8730,0,33310,10179,5,32240,0,0,132037,0,0,33290,8731,3,34452,7868,30,33288,0,0,33311,13189,0,33302,5352,128;
1701351678096;3830642,44904,1,1708,343,593,32408,0,0,34534,8739,0,33310,10178,5,32240,0,0,132037,0,0,33290,8732,3,34452,7869,29,33288,0,0,33311,13191,0,33302,5354,128;
1701351678195;3830743,44904,1,1800,420,350,32408,0,0,34534,8725,0,33310,10144,4,32240,0,0,132037,0,0,33290,8731,3,34452,7868,29,33288,0,0,33311,13198,0,33302,5354,128;
1701351678294;3830845,44904,1,1709,345,591,32408,0,0,34534,8728,0,33310,10177,4,32240,0,0,132037,0,0,33290,8731,3,34452,7869,29,33288,0,0,33311,13202,0,33302,5354,129;
1701351678491;3831040,44904,1,1799,416,354,32408,0,0,34534,8733,0,33310,10146,4,32240,0,0,132037,0,0,33290,8733,3,34452,7868,28,33288,0,0,33311,13195,0,33302,5354,130;
1701351678690;3831243,44904,1,1793,412,369,32408,0,0,34534,8731,0,33310,10148,3,32240,0,0,132037,0,0,33290,8733,3,34452,7868,27,33288,0,0,33311,13196,0,33302,5352,128;
1701351678792;3831344,44904,1,1788,413,372,32408,0,0,34534,8729,0,33310,10149,3,32240,0,0,132037,0,0,33290,8732,3,34452,7871,28,33288,0,0,33311,13207,0,33302,5353,125;
1701351679087;3831643,44904,1,1778,409,397,32408,0,0,34534,8724,0,33310,10150,2,32240,0,0,132037,0,0,33290,8729,3,34452,7870,29,33288,0,0,33311,13187,1,33302,5354,125;
1701351679194;3831743,44904,1,1783,406,392,32408,0,0,34534,8733,0,33310,10151,2,32240,0,0,132037,0,0,33290,8732,3,34452,7869,29,33288,0,0,33311,13185,0,33302,5354,127;
1701351679300;3831844,44904,1,1785,404,389,32408,0,0,34534,8734,0,33310,10152,2,32240,0,0,132037,0,0,33290,8734,3,34452,7869,29,33288,0,0,33311,13187,1,33302,5354,128;
1701351679395;3831940,44904,1,1779,399,404,32408,0,0,34534,8733,0,33310,10154,2,32240,0,0,132037,0,0,33290,8734,3,34452,7869,30,33288,0,0,33311,13193,1,33302,5353,127;
1701351679497;3832043,44904,1,1782,407,389,32408,0,0,34534,8729,0,33310,10151,2,32240,0,0,132037,0,0,33290,8732,3,34452,7870,29,33288,0,0,33311,13203,0,33302,5354,128;
1701351679597;3832144,44904,1,1780,403,399,32408,0,0,34534,8732,0,33310,10152,2,32240,0,0,132037,0,0,33290,8732,3,34452,7869,30,33288,0,0,33311,13202,0,33302,5354,128;
1701351679698;3832245,44904,1,1793,411,368,32408,0,0,34534,8733,0,33310,10149,2,32240,0,0,132037,0,0,33290,8734,3,34452,7869,30,33288,0,0,33311,13221,0,33302,5354,129;
1701351679890;3832443,44904,1,1793,413,365,32408,0,0,34534,8735,0,33310,10149,3,32240,0,0,132037,0,0,33290,8734,3,34452,7870,29,33288,0,0,33311,13211,0,33302,5353,128;
1701351679997;3832545,44904,1,1793,411,368,32408,0,0,34534,8744,0,33310,10149,3,32240,0,0,132037,0,0,33290,8734,3,34452,7869,27,33288,0,0,33311,13218,0,33302,5354,126;
1701351680285;3832840,44904,1,1791,413,371,32408,0,0,34534,8734,0,33310,10148,3,32240,0,0,132037,0,0,33290,8732,3,34452,7869,28,33288,0,0,33311,13200,0,33302,5354,129;
1701351680392;3832943,44904,1,1791,416,365,32408,0,0,34534,8735,0,33310,10147,4,32240,0,0,132037,0,0,33290,8731,3,34452,7870,27,33288,0,0,33311,13203,0,33302,5353,127;
1701351680489;3833044,44904,1,1698,334,625,32408,0,0,34534,8726,0,33310,10181,4,32240,0,0,132037,0,0,33290,8731,3,34452,7868,28,33288,0,0,33311,13200,0,33302,5353,129;
1701351680812;3833344,44904,1,1872,430,201,32408,0,0,34534,8721,0,33310,10144,4,32240,0,0,132037,0,0,33290,8762,4,34452,7869,29,33288,0,0,33311,13203,0,33302,5353,127;
1701351680897;3833440,44904,1,1772,343,460,32408,0,0,34534,8717,0,33310,10181,4,32240,0,0,132037,0,0,33290,8763,4,34452,7868,29,33288,0,0,33311,13201,0,33302,5353,128;
1701351681090;3833643,44904,1,1712,347,583,32408,0,0,34534,8725,0,33310,10176,4,32240,0,0,132037,0,0,33290,8731,3,34452,7869,29,33288,0,0,33311,13199,0,33302,5352,129;
1701351681192;3833744,44904,1,1708,346,587,32408,0,0,34534,8723,0,33310,10178,4,32240,0,0,132037,0,0,33290,8732,3,34452,7871,29,33288,0,0,33311,13193,0,33302,5354,129;
1701351681295;3833844,44904,1,1705,344,594,32408,0,0,34534,8726,0,33310,10179,4,32240,0,0,132037,0,0,33290,8732,3,34452,7871,29,33288,0,0,33311,13197,0,33302,5353,131;
1701351681395;3833940,44904,1,1716,347,571,32408,0,0,34534,8730,0,33310,10177,4,32240,0,0,132037,0,0,33290,8734,3,34452,7870,28,33288,0,0,33311,13193,0,33302,5353,131;
1701351681496;3834043,44904,1,1706,346,592,32408,0,0,34534,8732,0,33310,10178,4,32240,0,0,132037,0,0,33290,8731,3,34452,7871,28,33288,0,0,33311,13187,0,33302,5353,131;
1701351681593;3834143,44904,1,1794,419,358,32408,0,0,34534,8728,0,33310,10146,4,32240,0,0,132037,0,0,33290,8731,3,34452,7870,29,33288,0,0,33311,13194,1,33302,5352,130;
1701351681698;3834244,44904,1,1713,340,588,32408,0,0,34534,8737,0,33310,10179,4,32240,0,0,132037,0,0,33290,8735,3,34452,7868,28,33288,0,0,33311,13199,0,33302,5353,129;
1701351682095;3834644,44904,1,1786,412,381,32408,0,0,34534,8721,0,33310,10148,4,32240,0,0,132037,0,0,33290,8730,3,34452,7869,27,33288,0,0,33311,13204,0,33302,5352,128;
1701351682290;3834842,44904,1,1784,414,384,32408,0,0,34534,8716,0,33310,10147,4,32240,0,0,132037,0,0,33290,8728,4,34452,7869,28,33288,0,0,33311,13212,0,33302,5353,128;
1701351682396;3834945,44904,1,1779,411,396,32408,0,0,34534,8712,0,33310,10148,4,32240,0,0,132037,0,0,33290,8727,4,34452,7869,28,33288,0,0,33311,13209,0,33302,5352,128;
1701351682789;3835342,44904,1,1869,428,208,32408,0,0,34534,8713,0,33310,10145,4,32240,0,0,132037,0,0,33290,8762,3,34452,7869,28,33288,0,0,33311,13197,0,33302,5353,129;
1701351682895;3835443,44904,1,1704,341,607,32408,0,0,34534,8718,0,33310,10178,4,32240,0,0,132037,0,0,33290,8730,3,34452,7868,28,33288,0,0,33311,13191,0,33302,5353,130;
1701351683087;3835639,44904,1,1802,419,347,32408,0,0,34534,8719,0,33310,10145,4,32240,0,0,132037,0,0,33290,8733,3,34452,7868,29,33288,0,0,33311,13185,0,33302,5353,130;
1701351683190;3835743,44904,1,1794,416,364,32408,0,0,34534,8722,0,33310,10146,4,32240,0,0,132037,0,0,33290,8731,3,34452,7868,28,33288,0,0,33311,13183,1,33302,5354,131;
1701351683295;3835845,44904,1,1874,424,206,32408,0,0,34534,8716,0,33310,10146,4,32240,0,0,132037,0,0,33290,8765,3,34452,7867,29,33288,0,0,33311,13189,1,33302,5353,130;
1701351683693;3836242,44904,1,1797,418,357,32408,0,0,34534,8720,0,33310,10145,4,32240,0,0,132037,0,0,33290,8731,3,34452,7868,28,33288,0,0,33311,13185,1,33302,5354,126;
1701351684095;3836643,44904,1,1706,340,605,32408,0,0,34534,8714,0,33310,10178,4,32240,0,0,132037,0,0,33290,8731,3,34452,7867,29,33288,0,0,33311,13187,1,33302,5353,126;
1701351684287;3836838,44904,1,1699,340,617,32408,0,0,34534,8718,0,33310,10179,4,32240,0,0,132037,0,0,33290,8729,3,34452,7869,28,33288,0,0,33311,13184,0,33302,5353,127;
1701351684391;3836942,44904,1,1693,333,635,32408,0,0,34534,8714,0,33310,10182,4,32240,0,0,132037,0,0,33290,8730,3,34452,7869,27,33288,0,0,33311,13192,1,33302,5354,127;
1701351684587;3837144,44904,1,1879,429,188,32408,0,0,34534,8720,0,33310,10145,4,32240,0,0,132037,0,0,33290,8766,3,34452,7869,27,33288,0,0,33311,13188,1,33302,5354,127;
1701351684786;3837342,44904,1,1789,411,379,32408,0,0,34534,8724,0,33310,10148,3,32240,0,0,132037,0,0,33290,8731,3,34452,7868,27,33288,0,0,33311,13190,1,33302,5353,126;
1701351685091;3837639,44904,1,1786,407,389,32408,0,0,34534,8731,0,33310,10149,3,32240,0,0,132037,0,0,33290,8731,3,34452,7867,27,33288,0,0,33311,13186,1,33302,5354,123;
1701351685691;3838245,44904,1,1781,409,397,32408,0,0,34534,8718,0,33310,10148,3,32240,0,0,132037,0,0,33290,8728,3,34452,7867,28,33288,0,0,33311,13188,0,33302,5353,126;
1701351686086;3838643,44904,1,1781,406,398,32408,0,0,34534,8719,0,33310,10150,3,32240,0,0,132037,0,0,33290,8730,3,34452,7868,28,33288,0,0,33311,13186,1,33302,5353,126;
1701351686489;3839040,44904,1,1775,403,410,32408,0,0,34534,8714,0,33310,10151,3,32240,0,0,132037,0,0,33290,8729,4,34452,7868,28,33288,0,0,33311,13186,0,33302,5353,126;
1701351686900;3839441,44904,1,1860,414,238,32408,0,0,34534,8706,0,33310,10150,3,32240,0,0,132037,0,0,33290,8764,4,34452,7867,29,33288,0,0,33311,13188,0,33302,5354,126;
1701351686990;3839542,44904,1,1773,407,410,32408,0,0,34534,8708,0,33310,10150,3,32240,0,0,132037,0,0,33290,8727,4,34452,7869,29,33288,0,0,33311,13196,1,33302,5354,127;
1701351687187;3839744,44904,1,1865,420,220,32408,0,0,34534,8710,0,33310,10149,3,32240,0,0,132037,0,0,33290,8765,3,34452,7869,30,33288,0,0,33311,13186,0,33302,5353,126;
1701351687290;3839840,44904,1,1874,420,211,32408,0,0,34534,8708,0,33310,10147,3,32240,0,0,132037,0,0,33290,8766,3,34452,7866,30,33288,0,0,33311,13193,0,33302,5354,126;
1701351687488;3840043,44904,1,1866,420,221,32408,0,0,34534,8710,0,33310,10148,3,32240,0,0,132037,0,0,33290,8764,3,34452,7868,30,33288,0,0,33311,13196,0,33302,5354,127;
1701351687684;3840239,44904,1,1861,416,236,32408,0,0,34534,8711,0,33310,10149,3,32240,0,0,132037,0,0,33290,8763,4,34452,7867,29,33288,0,0,33311,13200,0,33302,5354,129;
1701351687983;3840543,44904,1,1853,406,263,32408,0,0,34534,8715,0,33310,10152,2,32240,0,0,132037,0,0,33290,8763,4,34452,7865,28,33288,0,0,33311,13212,0,33302,5353,128;
1701351688095;3840639,44904,1,1773,401,418,32408,0,0,34534,8712,0,33310,10152,2,32240,0,0,132037,0,0,33290,8729,4,34452,7868,29,33288,0,0,33311,13204,0,33302,5353,128;
1701351688194;3840743,44904,1,1776,406,409,32408,0,0,34534,8710,0,33310,10149,2,32240,0,0,132037,0,0,33290,8727,4,34452,7867,29,33288,0,0,33311,13201,0,33302,5354,128;
1701351688385;3840943,44904,1,1776,402,414,32408,0,0,34534,8719,0,33310,10151,2,32240,0,0,132037,0,0,33290,8729,3,34452,7867,30,33288,0,0,33311,13201,0,33302,5353,126;
1701351688490;3841044,44904,1,1853,410,258,32408,0,0,34534,8713,0,33310,10151,2,32240,0,0,132037,0,0,33290,8762,3,34452,7866,31,33288,0,0,33311,13207,0,33302,5354,128;
1701351688595;3841140,44904,1,1778,399,414,32408,0,0,34534,8719,0,33310,10152,2,32240,0,0,132037,0,0,33290,8731,3,34452,7866,30,33288,0,0,33311,13203,0,33302,5354,126;
1701351688695;3841242,44904,1,1853,411,255,32408,0,0,34534,8715,0,33310,10151,2,32240,0,0,132037,0,0,33290,8762,3,34452,7867,31,33288,0,0,33311,13199,0,33302,5354,128;
1701351688790;3841344,44904,1,1776,400,417,32408,0,0,34534,8710,0,33310,10151,2,32240,0,0,132037,0,0,33290,8729,3,34452,7866,31,33288,0,0,33311,13194,0,33302,5352,128;
1701351688986;3841539,44904,1,1778,404,406,32408,0,0,34534,8716,0,33310,10150,3,32240,0,0,132037,0,0,33290,8729,3,34452,7867,30,33288,0,0,33311,13197,0,33302,5354,126;
1701351689194;3841743,44904,1,1776,405,408,32408,0,0,34534,8717,0,33310,10150,3,32240,0,0,132037,0,0,33290,8728,3,34452,7868,29,33288,0,0,33311,13194,1,33302,5353,125;
1701351689394;3841943,44904,1,1856,412,251,32408,0,0,34534,8712,0,33310,10150,3,32240,0,0,132037,0,0,33290,8762,4,34452,7866,29,33288,0,0,33311,13192,0,33302,5353,126;
1701351689597;3842142,44904,1,1776,400,417,32408,0,0,34534,8711,0,33310,10151,3,32240,0,0,132037,0,0,33290,8729,4,34452,7866,29,33288,0,0,33311,13201,0,33302,5353,127;
1701351689792;3842343,44904,1,1858,414,243,32408,0,0,34534,8717,0,33310,10150,3,32240,0,0,132037,0,0,33290,8763,3,34452,7867,29,33288,0,0,33311,13196,0,33302,5352,128;
1701351689893;3842444,44904,1,1776,404,411,32408,0,0,34534,8712,0,33310,10150,3,32240,0,0,132037,0,0,33290,8728,3,34452,7867,28,33288,0,0,33311,13205,0,33302,5353,128;
1701351689994;3842539,44904,1,1781,403,404,32408,0,0,34534,8715,0,33310,10150,3,32240,0,0,132037,0,0,33290,8730,3,34452,7866,27,33288,0,0,33311,13202,0,33302,5353,128;
1701351690184;3842742,44904,1,1786,407,389,32408,0,0,34534,8719,0,33310,10149,3,32240,0,0,132037,0,0,33290,8731,3,34452,7867,27,33288,0,0,33311,13205,0,33302,5353,128;
1701351690385;3842938,44904,1,1791,410,377,32408,0,0,34534,8720,0,33310,10148,3,32240,0,0,132037,0,0,33290,8732,3,34452,7867,28,33288,0,0,33311,13203,0,33302,5353,127;
1701351690488;3843041,44904,1,1789,411,379,32408,0,0,34534,8723,0,33310,10148,4,32240,0,0,132037,0,0,33290,8731,3,34452,7868,27,33288,0,0,33311,13203,0,33302,5354,128;
1701351690684;3843243,44904,1,1788,406,387,32408,0,0,34534,8720,0,33310,10149,3,32240,0,0,132037,0,0,33290,8732,3,34452,7866,28,33288,0,0,33311,13194,0,33302,5352,128;
1701351690788;3843339,44904,1,1871,416,221,32408,0,0,34534,8721,0,33310,10148,3,32240,0,0,132037,0,0,33290,8766,3,34452,7865,28,33288,0,0,33311,13198,0,33302,5353,129;
1701351690888;3843441,44904,1,1868,417,221,32408,0,0,34534,8727,0,33310,10149,4,32240,0,0,132037,0,0,33290,8766,3,34452,7867,29,33288,0,0,33311,13201,0,33302,5353,129;
1701351691104;3843643,44904,1,1786,404,394,32408,0,0,34534,8721,0,33310,10150,3,32240,0,0,132037,0,0,33290,8732,3,34452,7866,27,33288,0,0,33311,13206,0,33302,5352,129;
1701351691304;3843843,44904,1,1786,407,389,32408,0,0,34534,8724,0,33310,10149,3,32240,0,0,132037,0,0,33290,8731,3,34452,7867,28,33288,0,0,33311,13200,0,33302,5353,129;
1701351691393;3843942,44904,1,1780,402,402,32408,0,0,34534,8721,0,33310,10152,3,32240,0,0,132037,0,0,33290,8732,3,34452,7868,27,33288,0,0,33311,13197,0,33302,5353,129;
1701351691489;3844043,44904,1,1780,399,409,32408,0,0,34534,8722,0,33310,10152,3,32240,0,0,132037,0,0,33290,8732,3,34452,7866,27,33288,0,0,33311,13209,0,33302,5353,129;
1701351691588;3844139,44904,1,1871,416,220,32408,0,0,34534,8719,0,33310,10149,3,32240,0,0,132037,0,0,33290,8767,3,34452,7866,27,33288,0,0,33311,13195,0,33302,5352,129;
1701351691897;3844442,44904,1,1775,398,419,32408,0,0,34534,8719,0,33310,10152,3,32240,0,0,132037,0,0,33290,8730,3,34452,7866,27,33288,0,0,33311,13210,0,33302,5353,128;
1701351691992;3844545,44904,1,1871,418,218,32408,0,0,34534,8726,0,33310,10148,3,32240,0,0,132037,0,0,33290,8766,3,34452,7866,27,33288,0,0,33311,13201,0,33302,5353,127;
1701351692385;3844943,44904,1,1784,407,394,32408,0,0,34534,8724,0,33310,10149,3,32240,0,0,132037,0,0,33290,8730,3,34452,7867,27,33288,0,0,33311,13201,0,33302,5352,127;
1701351692487;3845041,44904,1,1775,398,419,32408,0,0,34534,8718,0,33310,10152,3,32240,0,0,132037,0,0,33290,8730,3,34452,7866,26,33288,0,0,33311,13200,0,33302,5352,126;
1701351692589;3845143,44904,1,1791,406,382,32408,0,0,34534,8726,0,33310,10149,3,32240,0,0,132037,0,0,33290,8733,3,34452,7866,27,33288,0,0,33311,13198,0,33302,5352,127;
1701351692691;3845239,44904,1,1783,400,405,32408,0,0,34534,8724,0,33310,10151,3,32240,0,0,132037,0,0,33290,8732,3,34452,7865,27,33288,0,0,33311,13197,0,33302,5352,128;
