1701351552251;3704756,44904,1,1373,473,399,32408,0,0,34534,8940,0,33310,10352,4,32240,0,0,132037,0,0,33290,8814,1,34452,8201,25,33288,0,0,33311,13272,0,33302,5154,160;
1701351552425;3704957,44904,1,1277,396,670,32408,0,0,34534,8928,0,33310,10385,3,32240,0,0,132037,0,0,33290,8812,1,34452,8202,25,33288,0,0,33311,0,0,33302,5154,161;
1701351552515;3705053,44904,1,1355,472,431,32408,0,0,34534,8915,0,33310,10354,4,32240,0,0,132037,0,0,33290,8809,1,34452,8204,25,33288,0,0,33311,0,0,33302,5153,162;
1701351552627;3705155,44904,1,1360,467,430,32408,0,0,34534,8897,0,33310,10354,3,32240,0,0,132037,0,0,33290,8811,1,34452,8201,25,33288,0,0,33311,0,0,33302,5153,161;
1701351552922;3705456,44904,1,1359,468,425,32408,0,0,34534,8931,0,33310,10356,3,32240,0,0,132037,0,0,33290,8813,1,34452,8204,25,33288,0,0,33311,0,0,33302,5154,156;
1701351553229;3705756,44904,1,1354,466,439,32408,0,0,34534,8916,0,33310,10356,3,32240,0,0,132037,0,0,33290,8811,1,34452,8203,25,33288,0,0,33311,0,0,33302,5155,154;
1701351553422;3705958,44904,1,1365,468,420,32408,0,0,34534,8915,0,33310,10354,4,32240,0,0,132037,0,0,33290,8813,1,34452,8201,23,33288,0,0,33311,0,0,33302,5152,150;
1701351553523;3706053,44904,1,1373,469,404,32408,0,0,34534,8983,0,33310,10353,3,32240,0,0,132037,0,0,33290,8815,1,34452,8200,23,33288,0,0,33311,0,0,33302,5155,154;
1701351553621;3706155,44904,1,1375,477,387,32408,0,0,34534,8967,0,33310,10352,4,32240,0,0,132037,0,0,33290,8815,1,34452,8203,24,33288,0,0,33311,0,0,33302,5153,157;
1701351553819;3706357,44904,1,1373,476,392,32408,0,0,34534,8966,0,33310,10352,4,32240,0,0,132037,0,0,33290,8814,1,34452,8203,23,33288,0,0,33311,0,0,33302,5154,155;
1701351554019;3706556,44904,1,1368,474,406,32408,0,0,34534,8928,0,33310,10352,4,32240,0,0,132037,0,0,33290,8812,1,34452,8202,23,33288,0,0,33311,0,0,33302,5155,159;
1701351554121;3706659,44904,1,1369,471,414,32408,0,0,34534,8960,0,33310,10351,4,32240,0,0,132037,0,0,33290,8811,1,34452,8199,24,33288,0,0,33311,0,0,33302,5153,156;
1701351554219;3706756,44904,1,1363,473,416,32408,0,0,34534,8967,0,33310,10353,3,32240,0,0,132037,0,0,33290,8811,1,34452,8203,25,33288,0,0,33311,0,0,33302,5153,151;
1701351554416;3706954,44904,1,1360,467,430,32408,0,0,34534,8963,0,33310,10354,3,32240,0,0,132037,0,0,33290,8811,1,34452,8201,24,33288,0,0,33311,0,0,33302,5153,151;
1701351554518;3707057,44904,1,1356,465,444,32408,0,0,34534,8937,0,33310,10354,3,32240,0,0,132037,0,0,33290,8809,1,34452,8200,24,33288,0,0,33311,0,0,33302,5154,152;
1701351554626;3707156,44904,1,1350,466,451,32408,0,0,34534,8928,0,33310,10355,3,32240,0,0,132037,0,0,33290,8808,1,34452,8202,24,33288,0,0,33311,0,0,33302,5154,150;
1701351554723;3707257,44904,1,1358,464,442,32408,0,0,34534,8920,0,33310,10354,3,32240,0,0,132037,0,0,33290,8810,1,34452,8199,24,33288,0,0,33311,0,0,33302,5154,154;
1701351554916;3707454,44904,1,1362,471,418,32408,0,0,34534,8911,0,33310,10354,4,32240,0,0,132037,0,0,33290,8812,1,34452,8203,25,33288,0,0,33311,14110,0,33302,5154,158;
1701351555018;3707556,44904,1,1356,471,436,32408,0,0,34534,8901,0,33310,10353,4,32240,0,0,132037,0,0,33290,8808,1,34452,8202,24,33288,0,0,33311,13969,0,33302,5153,160;
1701351555216;3707753,44904,1,1368,476,404,32408,0,0,34534,8916,0,33310,10351,3,32240,0,0,132037,0,0,33290,8811,1,34452,8202,25,33288,0,0,33311,13982,0,33302,5154,163;
1701351555417;3707955,44904,1,1366,474,413,32408,0,0,34534,8899,0,33310,10351,4,32240,0,0,132037,0,0,33290,8810,1,34452,8201,25,33288,0,0,33311,13989,0,33302,5154,156;
1701351555521;3708055,44904,1,1367,475,414,32408,0,0,34534,8918,0,33310,10350,4,32240,0,0,132037,0,0,33290,8809,1,34452,8200,26,33288,0,0,33311,13989,0,33302,5154,157;
1701351555716;3708255,44904,1,1366,474,413,32408,0,0,34534,8939,0,33310,10351,4,32240,0,0,132037,0,0,33290,8810,1,34452,8201,25,33288,0,0,33311,13947,0,33302,5153,155;
1701351555914;3708453,44904,1,1373,470,405,32408,0,0,34534,9034,0,33310,10352,4,32240,0,0,132037,0,0,33290,8814,1,34452,8199,25,33288,0,0,33311,13558,0,33302,5154,156;
1701351556019;3708553,44904,1,1376,475,391,32408,0,0,34534,9026,0,33310,10351,4,32240,0,0,132037,0,0,33290,8814,1,34452,8201,26,33288,0,0,33311,13238,0,33302,5153,158;
1701351556219;3708757,44904,1,1374,472,403,32408,0,0,34534,8949,0,33310,10351,4,32240,0,0,132037,0,0,33290,8813,1,34452,8199,25,33288,0,0,33311,13199,0,33302,5153,155;
1701351556415;3708957,44904,1,1370,472,403,32408,0,0,34534,8939,0,33310,10353,4,32240,0,0,132037,0,0,33290,8814,1,34452,8202,27,33288,0,0,33311,13191,0,33302,5153,154;
1701351556719;3709253,44904,1,1372,469,403,32408,0,0,34534,9028,0,33310,10354,3,32240,0,0,132037,0,0,33290,8816,1,34452,8201,26,33288,0,0,33311,13189,0,33302,5152,157;
1701351556818;3709354,44904,1,1370,471,406,32408,0,0,34534,9026,0,33310,10353,3,32240,0,0,132037,0,0,33290,8814,1,34452,8201,26,33288,0,0,33311,13191,0,33302,5153,158;
1701351556921;3709454,44904,1,1367,466,416,32408,0,0,34534,9029,0,33310,10355,3,32240,0,0,132037,0,0,33290,8815,1,34452,8201,26,33288,0,0,33311,13201,0,33302,5153,158;
1701351557116;3709657,44904,1,1367,470,411,32408,0,0,34534,9030,0,33310,10354,3,32240,0,0,132037,0,0,33290,8814,1,34452,8202,25,33288,0,0,33311,13319,0,33302,5152,161;
1701351557416;3709954,44904,1,1367,470,411,32408,0,0,34534,8963,0,33310,10354,4,32240,0,0,132037,0,0,33290,8814,1,34452,8202,26,33288,0,0,33311,13253,0,33302,5153,168;
1701351557715;3710255,44904,1,1366,463,429,32408,0,0,34534,8947,0,33310,10354,3,32240,0,0,132037,0,0,33290,8813,1,34452,8198,26,33288,0,0,33311,13327,0,33302,5152,165;
1701351557817;3710354,44904,1,1358,464,441,32408,0,0,34534,8929,0,33310,10355,3,32240,0,0,132037,0,0,33290,8811,1,34452,8200,26,33288,0,0,33311,13284,0,33302,5152,163;
1701351558027;3710553,44904,1,1363,468,426,32408,0,0,34534,8938,0,33310,10353,3,32240,0,0,132037,0,0,33290,8811,1,34452,8200,27,33288,0,0,33311,13987,0,33302,5152,162;
1701351558120;3710654,44904,1,1363,466,428,32408,0,0,34534,8921,0,33310,10354,3,32240,0,0,132037,0,0,33290,8812,1,34452,8200,27,33288,0,0,33311,13998,0,33302,5153,163;
1701351558316;3710854,44904,1,1362,464,430,32408,0,0,34534,8916,0,33310,10355,3,32240,0,0,132037,0,0,33290,8813,1,34452,8200,26,33288,0,0,33311,0,0,33302,5152,162;
1701351558418;3710954,44904,1,1363,467,429,32408,0,0,34534,8899,0,33310,10353,3,32240,0,0,132037,0,0,33290,8811,1,34452,8199,26,33288,0,0,33311,0,0,33302,5154,163;
1701351558518;3711054,44904,1,1355,467,441,32408,0,0,34534,8906,0,33310,10354,3,32240,0,0,132037,0,0,33290,8809,1,34452,8201,26,33288,0,0,33311,0,0,33302,5153,163;
1701351558620;3711153,44904,1,1352,462,451,32408,0,0,34534,8924,0,33310,10356,3,32240,0,0,132037,0,0,33290,8810,1,34452,8201,26,33288,0,0,33311,0,0,33302,5153,163;
1701351558734;3711253,44904,1,1352,464,447,32408,0,0,34534,8918,0,33310,10357,3,32240,0,0,132037,0,0,33290,8811,1,34452,8203,26,33288,0,0,33311,0,0,33302,5153,163;
1701351559309;3711854,44904,1,1368,467,417,32408,0,0,34534,8958,0,33310,10354,4,32240,0,0,132037,0,0,33290,8814,1,34452,8200,26,33288,0,0,33311,13974,0,33302,5153,161;
1701351559622;3712154,44904,1,1373,477,393,32408,0,0,34534,8945,0,33310,10351,4,32240,0,0,132037,0,0,33290,8813,1,34452,8202,26,33288,0,0,33311,13242,0,33302,5153,161;
1701351559720;3712253,44904,1,1370,474,401,32408,0,0,34534,8952,0,33310,10352,4,32240,0,0,132037,0,0,33290,8813,1,34452,8202,26,33288,0,0,33311,14041,0,33302,5153,162;
1701351559916;3712453,44904,1,1373,470,405,32408,0,0,34534,8950,0,33310,10352,4,32240,0,0,132037,0,0,33290,8814,1,34452,8199,26,33288,0,0,33311,13958,0,33302,5154,161;
1701351560219;3712753,44904,1,1376,482,379,32408,0,0,34534,8951,0,33310,10350,4,32240,0,0,132037,0,0,33290,8813,1,34452,8204,26,33288,0,0,33311,13973,0,33302,5153,161;
1701351560334;3712853,44904,1,1371,475,402,32408,0,0,34534,8957,0,33310,10351,4,32240,0,0,132037,0,0,33290,8812,1,34452,8201,26,33288,0,0,33311,13948,0,33302,5153,160;
1701351560514;3713058,44904,1,1369,473,411,32408,0,0,34534,8915,0,33310,10351,4,32240,0,0,132037,0,0,33290,8811,1,34452,8200,27,33288,0,0,33311,14042,0,33302,5154,161;
1701351560618;3713153,44904,1,1271,393,684,32408,0,0,34534,8911,0,33310,10386,4,32240,0,0,132037,0,0,33290,8811,1,34452,8202,27,33288,0,0,33311,14023,0,33302,5154,158;
1701351560916;3713452,44904,1,1371,478,396,32408,0,0,34534,8917,0,33310,10351,4,32240,0,0,132037,0,0,33290,8812,1,34452,8203,27,33288,0,0,33311,14091,0,33302,5152,156;
1701351561018;3713554,44904,1,1365,477,405,32408,0,0,34534,8922,0,33310,10352,4,32240,0,0,132037,0,0,33290,8811,1,34452,8204,27,33288,0,0,33311,14016,0,33302,5152,157;
1701351561122;3713653,44904,1,1368,476,404,32408,0,0,34534,8907,0,33310,10351,4,32240,0,0,132037,0,0,33290,8811,1,34452,8202,26,33288,0,0,33311,14096,0,33302,5152,156;
1701351561235;3713758,44904,1,1366,474,412,32408,0,0,34534,8934,0,33310,10352,4,32240,0,0,132037,0,0,33290,8811,1,34452,8202,27,33288,0,0,33311,13982,0,33302,5153,158;
1701351561321;3713855,44904,1,1367,473,404,32408,0,0,34534,8926,0,33310,10354,4,32240,0,0,132037,0,0,33290,8814,1,34452,8204,27,33288,0,0,33311,13990,0,33302,5154,159;
1701351561425;3713957,44904,1,1366,476,410,32408,0,0,34534,8940,0,33310,10351,4,32240,0,0,132037,0,0,33290,8810,1,34452,8202,27,33288,0,0,33311,13951,0,33302,5152,156;
1701351561816;3714357,44904,1,1366,473,416,32408,0,0,34534,8911,0,33310,10351,4,32240,0,0,132037,0,0,33290,8810,1,34452,8200,27,33288,0,0,33311,13197,0,33302,5152,158;
1701351561917;3714453,44904,1,1360,471,425,32408,0,0,34534,8915,0,33310,10353,4,32240,0,0,132037,0,0,33290,8810,1,34452,8202,26,33288,0,0,33311,13187,0,33302,5153,158;
1701351562019;3714553,44904,1,1367,470,411,32408,0,0,34534,8913,0,33310,10354,4,32240,0,0,132037,0,0,33290,8814,1,34452,8202,26,33288,0,0,33311,13167,0,33302,5153,158;
1701351562226;3714755,44904,1,1362,471,418,32408,0,0,34534,8938,0,33310,10354,4,32240,0,0,132037,0,0,33290,8812,1,34452,8203,27,33288,0,0,33311,13155,0,33302,5152,159;
1701351562319;3714853,44904,1,1366,474,412,32408,0,0,34534,8958,0,33310,10352,4,32240,0,0,132037,0,0,33290,8811,1,34452,8202,26,33288,0,0,33311,13145,0,33302,5153,159;
1701351562432;3714957,44904,1,1363,468,426,32408,0,0,34534,8956,0,33310,10353,3,32240,0,0,132037,0,0,33290,8811,1,34452,8200,25,33288,0,0,33311,13142,0,33302,5153,158;
1701351562520;3715053,44904,1,1370,474,401,32408,0,0,34534,8945,0,33310,10352,3,32240,0,0,132037,0,0,33290,8813,1,34452,8202,26,33288,0,0,33311,13211,0,33302,5152,158;
1701351562724;3715254,44904,1,1365,470,416,32408,0,0,34534,8959,0,33310,10354,4,32240,0,0,132037,0,0,33290,8813,1,34452,8202,26,33288,0,0,33311,13168,0,33302,5153,158;
1701351562818;3715354,44904,1,1367,473,404,32408,0,0,34534,8941,0,33310,10354,4,32240,0,0,132037,0,0,33290,8814,1,34452,8204,26,33288,0,0,33311,13152,0,33302,5152,157;
1701351562918;3715456,44904,1,1373,476,392,32408,0,0,34534,8964,0,33310,10352,4,32240,0,0,132037,0,0,33290,8814,1,34452,8203,25,33288,0,0,33311,13199,0,33302,5153,156;
1701351563015;3715554,44904,1,1371,473,404,32408,0,0,34534,8931,0,33310,10352,4,32240,0,0,132037,0,0,33290,8813,1,34452,8201,26,33288,0,0,33311,13147,0,33302,5151,155;
1701351563316;3715854,44904,1,1365,475,408,32408,0,0,34534,8924,0,33310,10353,4,32240,0,0,132037,0,0,33290,8812,1,34452,8204,27,33288,0,0,33311,13176,0,33302,5153,157;
1701351563416;3715955,44904,1,1362,473,415,32408,0,0,34534,8908,0,33310,10354,4,32240,0,0,132037,0,0,33290,8812,1,34452,8204,27,33288,0,0,33311,13150,0,33302,5152,158;
1701351563522;3716055,44904,1,1363,473,416,32408,0,0,34534,8916,0,33310,10353,4,32240,0,0,132037,0,0,33290,8811,1,34452,8203,27,33288,0,0,33311,13143,0,33302,5152,159;
1701351563822;3716353,44904,1,1363,471,419,32408,0,0,34534,8892,0,33310,10353,4,32240,0,0,132037,0,0,33290,8811,1,34452,8202,28,33288,0,0,33311,13150,0,33302,5153,164;
1701351564027;3716557,44904,1,1360,473,422,32408,0,0,34534,8898,0,33310,10353,4,32240,0,0,132037,0,0,33290,8810,1,34452,8203,27,33288,0,0,33311,13145,0,33302,5152,165;
1701351564127;3716652,44904,1,1360,467,430,32408,0,0,34534,8888,0,33310,10354,4,32240,0,0,132037,0,0,33290,8811,1,34452,8201,28,33288,0,0,33311,13167,0,33302,5153,165;
1701351564224;3716754,44904,1,1352,464,448,32408,0,0,34534,8890,0,33310,10356,4,32240,0,0,132037,0,0,33290,8810,1,34452,8202,28,33288,0,0,33311,13177,0,33302,5152,164;
1701351564319;3716858,44904,1,1352,467,441,32408,0,0,34534,8887,0,33310,10356,3,32240,0,0,132037,0,0,33290,8810,1,34452,8204,28,33288,0,0,33311,13224,0,33302,5153,164;
1701351564416;3716955,44904,1,1357,466,434,32408,0,0,34534,8892,0,33310,10356,3,32240,0,0,132037,0,0,33290,8812,1,34452,8203,27,33288,0,0,33311,13268,0,33302,5152,164;
1701351564516;3717053,44904,1,1355,464,443,32408,0,0,34534,8884,0,33310,10356,3,32240,0,0,132037,0,0,33290,8811,1,34452,8202,26,33288,0,0,33311,13188,0,33302,5153,162;
1701351564715;3717252,44904,1,1362,469,421,32408,0,0,34534,8905,0,33310,10355,4,32240,0,0,132037,0,0,33290,8813,1,34452,8203,26,33288,0,0,33311,13172,0,33302,5153,159;
1701351564920;3717453,44904,1,1373,480,387,32408,0,0,34534,8938,0,33310,10351,4,32240,0,0,132037,0,0,33290,8813,1,34452,8204,27,33288,0,0,33311,13213,0,33302,5153,156;
1701351565419;3717956,44904,1,1365,472,414,32408,0,0,34534,8929,0,33310,10353,4,32240,0,0,132037,0,0,33290,8812,1,34452,8202,27,33288,0,0,33311,13242,0,33302,5153,159;
1701351565514;3718053,44904,1,1360,471,425,32408,0,0,34534,8915,0,33310,10353,4,32240,0,0,132037,0,0,33290,8810,1,34452,8202,26,33288,0,0,33311,13189,0,33302,5152,159;
1701351565714;3718252,44904,1,1366,478,406,32408,0,0,34534,8896,0,33310,10351,4,32240,0,0,132037,0,0,33290,8810,1,34452,8203,27,33288,0,0,33311,13172,0,33302,5153,162;
1701351565815;3718354,44904,1,1363,475,414,32408,0,0,34534,8899,0,33310,10352,4,32240,0,0,132037,0,0,33290,8810,1,34452,8203,27,33288,0,0,33311,13165,0,33302,5152,161;
1701351566214;3718754,44904,1,1363,471,419,32408,0,0,34534,8890,0,33310,10353,4,32240,0,0,132037,0,0,33290,8811,2,34452,8202,26,33288,0,0,33311,13218,0,33302,5153,158;
1701351566410;3718953,44904,1,1368,481,395,32408,0,0,34534,8903,0,33310,10351,4,32240,0,0,132037,0,0,33290,8811,1,34452,8205,26,33288,0,0,33311,13189,0,33302,5153,159;
1701351566513;3719052,44904,1,1363,477,412,32408,0,0,34534,8892,0,33310,10351,4,32240,0,0,132037,0,0,33290,8809,1,34452,8203,26,33288,0,0,33311,13151,0,33302,5151,159;
1701351566818;3719352,44904,1,1353,474,436,32408,0,0,34534,8878,0,33310,10352,4,32240,0,0,132037,0,0,33290,8806,2,34452,8203,26,33288,0,0,33311,13175,0,33302,5152,158;
1701351566913;3719454,44904,1,1264,399,689,32408,0,0,34534,8873,0,33310,10385,4,32240,0,0,132037,0,0,33290,8807,2,34452,8205,26,33288,0,0,33311,13172,0,33302,5153,158;
1701351567014;3719553,44904,1,1275,402,668,32408,0,0,34534,8868,0,33310,10382,4,32240,0,0,132037,0,0,33290,8808,2,34452,8202,26,33288,0,0,33311,13206,0,33302,5152,157;
1701351567309;3719856,44904,1,1276,404,666,32408,0,0,34534,8875,0,33310,10381,4,32240,0,0,132037,0,0,33290,8807,2,34452,8202,25,33288,0,0,33311,13248,0,33302,5153,156;
1701351567429;3719955,44904,1,1371,482,391,32408,0,0,34534,8881,0,33310,10349,5,32240,0,0,132037,0,0,33290,8810,2,34452,8203,25,33288,0,0,33311,13230,0,33302,5152,155;
1701351567519;3720051,44904,1,1267,398,686,32408,0,0,34534,8881,0,33310,10385,5,32240,0,0,132037,0,0,33290,8808,2,34452,8204,25,33288,0,0,33311,13201,0,33302,5153,156;
1701351567822;3720356,44904,1,1268,392,689,32408,0,0,34534,8888,0,33310,10387,4,32240,0,0,132037,0,0,33290,8811,2,34452,8203,25,33288,0,0,33311,13161,0,33302,5153,158;
1701351567917;3720452,44904,1,1272,397,679,32408,0,0,34534,8898,0,33310,10384,4,32240,0,0,132037,0,0,33290,8809,1,34452,8202,25,33288,0,0,33311,13155,0,33302,5153,158;
1701351568108;3720654,44904,1,1371,485,385,32408,0,0,34534,8893,0,33310,10349,4,32240,0,0,132037,0,0,33290,8810,1,34452,8205,25,33288,0,0,33311,13136,0,33302,5153,156;
1701351568217;3720755,44904,1,1371,480,392,32408,0,0,34534,8916,0,33310,10351,4,32240,0,0,132037,0,0,33290,8812,1,34452,8204,25,33288,0,0,33311,13144,0,33302,5153,154;
1701351568318;3720851,44904,1,1359,471,431,32408,0,0,34534,8903,0,33310,10352,4,32240,0,0,132037,0,0,33290,8808,1,34452,8201,25,33288,0,0,33311,13152,0,33302,5152,155;
1701351568418;3720955,44904,1,1272,394,685,32408,0,0,34534,8895,0,33310,10385,4,32240,0,0,132037,0,0,33290,8810,1,34452,8201,25,33288,0,0,33311,13138,0,33302,5153,157;
1701351568520;3721054,44904,1,1366,476,410,32408,0,0,34534,8901,0,33310,10351,4,32240,0,0,132037,0,0,33290,8810,1,34452,8202,25,33288,0,0,33311,13143,0,33302,5153,158;
1701351568617;3721155,44904,1,1269,395,687,32408,0,0,34534,8895,0,33310,10385,4,32240,0,0,132037,0,0,33290,8809,1,34452,8202,25,33288,0,0,33311,13136,0,33302,5153,159;
1701351568719;3721251,44904,1,1368,478,401,32408,0,0,34534,8894,0,33310,10351,4,32240,0,0,132037,0,0,33290,8811,1,34452,8203,25,33288,0,0,33311,13137,0,33302,5153,160;
1701351568816;3721354,44904,1,1365,472,414,32408,0,0,34534,8892,0,33310,10353,4,32240,0,0,132037,0,0,33290,8812,1,34452,8202,23,33288,0,0,33311,13149,0,33302,5153,160;
1701351568916;3721455,44904,1,1269,395,687,32408,0,0,34534,8897,0,33310,10385,4,32240,0,0,132037,0,0,33290,8809,1,34452,8202,23,33288,0,0,33311,13135,0,33302,5153,160;
1701351569030;3721555,44904,1,1365,468,420,32408,0,0,34534,8903,0,33310,10354,4,32240,0,0,132037,0,0,33290,8813,1,34452,8201,23,33288,0,0,33311,13125,0,33302,5153,159;
1701351569114;3721655,44904,1,1360,469,427,32408,0,0,34534,8891,0,33310,10354,4,32240,0,0,132037,0,0,33290,8811,1,34452,8202,23,33288,0,0,33311,13124,0,33302,5153,159;
1701351569314;3721853,44904,1,1360,469,427,32408,0,0,34534,8882,0,33310,10354,4,32240,0,0,132037,0,0,33290,8811,1,34452,8202,24,33288,0,0,33311,13129,0,33302,5153,158;
1701351569412;3721955,44904,1,1357,472,426,32408,0,0,34534,8892,0,33310,10354,4,32240,0,0,132037,0,0,33290,8810,1,34452,8204,24,33288,0,0,33311,13123,0,33302,5152,158;
1701351569816;3722356,44904,1,1358,471,430,32408,0,0,34534,8877,0,33310,10353,4,32240,0,0,132037,0,0,33290,8809,1,34452,8202,24,33288,0,0,33311,13120,0,33302,5153,159;
1701351570011;3722551,44904,1,1360,471,424,32408,0,0,34534,8871,0,33310,10354,4,32240,0,0,132037,0,0,33290,8811,1,34452,8203,24,33288,0,0,33311,13104,0,33302,5152,159;
1701351570113;3722655,44904,1,1363,475,414,32408,0,0,34534,8889,0,33310,10352,4,32240,0,0,132037,0,0,33290,8810,1,34452,8203,24,33288,0,0,33311,13122,0,33302,5153,159;
1701351570411;3722953,44904,1,1363,474,417,32408,0,0,34534,8866,0,33310,10352,4,32240,0,0,132037,0,0,33290,8810,1,34452,8202,26,33288,0,0,33311,13095,0,33302,5153,159;
1701351570722;3723254,44904,1,1359,471,431,32408,0,0,34534,8873,0,33310,10352,4,32240,0,0,132037,0,0,33290,8808,2,34452,8201,25,33288,0,0,33311,13091,0,33302,5153,160;
1701351570820;3723357,44904,1,1272,397,678,32408,0,0,34534,8872,0,33310,10385,4,32240,0,0,132037,0,0,33290,8810,1,34452,8203,25,33288,0,0,33311,13113,0,33302,5153,157;
1701351570913;3723456,44904,1,1363,474,417,32408,0,0,34534,8874,0,33310,10352,4,32240,0,0,132037,0,0,33290,8810,1,34452,8202,25,33288,0,0,33311,13118,0,33302,5153,156;
1701351571509;3724052,44904,1,1369,481,395,32408,0,0,34534,8883,0,33310,10350,4,32240,0,0,132037,0,0,33290,8810,1,34452,8204,26,33288,0,0,33311,13083,0,33302,5153,158;
1701351571710;3724251,44904,1,1360,471,424,32408,0,0,34534,8894,0,33310,10354,4,32240,0,0,132037,0,0,33290,8811,1,34452,8203,25,33288,0,0,33311,13087,0,33302,5153,157;
1701351571826;3724357,44904,1,1360,473,422,32408,0,0,34534,8897,0,33310,10353,4,32240,0,0,132037,0,0,33290,8810,1,34452,8203,25,33288,0,0,33311,13093,0,33302,5153,160;
1701351571916;3724453,44904,1,1358,472,427,32408,0,0,34534,8901,0,33310,10353,4,32240,0,0,132037,0,0,33290,8809,1,34452,8203,26,33288,0,0,33311,13089,0,33302,5153,158;
1701351572223;3724751,44904,1,1365,475,409,32408,0,0,34534,8881,0,33310,10352,4,32240,0,0,132037,0,0,33290,8811,1,34452,8203,25,33288,0,0,33311,13085,0,33302,5153,156;
1701351572312;3724852,44904,1,1366,479,403,32408,0,0,34534,8893,0,33310,10351,4,32240,0,0,132037,0,0,33290,8810,1,34452,8204,26,33288,0,0,33311,13081,0,33302,5153,155;
1701351572508;3725055,44904,1,1275,398,673,32408,0,0,34534,8883,0,33310,10384,4,32240,0,0,132037,0,0,33290,8810,1,34452,8202,25,33288,0,0,33311,13090,0,33302,5153,156;
1701351572709;3725253,44904,1,1269,395,687,32408,0,0,34534,8888,0,33310,10385,5,32240,0,0,132037,0,0,33290,8809,1,34452,8202,25,33288,0,0,33311,13098,0,33302,5153,158;
1701351572828;3725354,44904,1,1366,478,406,32408,0,0,34534,8905,0,33310,10351,5,32240,0,0,132037,0,0,33290,8810,1,34452,8203,25,33288,0,0,33311,13115,0,33302,5153,158;
1701351573124;3725656,44904,1,1275,403,665,32408,0,0,34534,8893,0,33310,10382,5,32240,0,0,132037,0,0,33290,8808,1,34452,8203,25,33288,0,0,33311,13111,0,33302,5153,158;
1701351573227;3725754,44904,1,1286,407,640,32408,0,0,34534,8899,0,33310,10380,5,32240,0,0,132037,0,0,33290,8810,1,34452,8202,25,33288,0,0,33311,13112,0,33302,5153,159;
1701351573312;3725855,44904,1,1366,476,410,32408,0,0,34534,8904,0,33310,10351,5,32240,0,0,132037,0,0,33290,8810,1,34452,8202,24,33288,0,0,33311,13120,0,33302,5153,156;
1701351573507;3726054,44904,1,1364,480,410,32408,0,0,34534,8888,0,33310,10349,5,32240,0,0,132037,0,0,33290,8807,1,34452,8202,25,33288,0,0,33311,13108,0,33302,5154,160;
1701351573619;3726155,44904,1,1273,399,676,32408,0,0,34534,8896,0,33310,10383,5,32240,0,0,132037,0,0,33290,8808,1,34452,8202,25,33288,0,0,33311,13117,0,33302,5154,161;
1701351573807;3726352,44904,1,1272,397,678,32408,0,0,34534,8910,0,33310,10385,5,32240,0,0,132037,0,0,33290,8810,1,34452,8203,25,33288,0,0,33311,13137,0,33302,5154,158;
1701351573926;3726453,44904,1,1362,481,413,32408,0,0,34534,8901,0,33310,10349,5,32240,0,0,132037,0,0,33290,8806,1,34452,8203,25,33288,0,0,33311,13113,0,33302,5152,159;
1701351574019;3726554,44904,1,1265,402,687,32408,0,0,34534,8891,0,33310,10383,5,32240,0,0,132037,0,0,33290,8805,1,34452,8204,25,33288,0,0,33311,13119,0,33302,5152,160;
1701351574207;3726750,44904,1,1267,399,683,32408,0,0,34534,8883,0,33310,10385,5,32240,0,0,132037,0,0,33290,8808,1,34452,8205,24,33288,0,0,33311,13116,0,33302,5153,163;
1701351574327;3726852,44904,1,1361,481,412,32408,0,0,34534,8882,0,33310,10350,5,32240,0,0,132037,0,0,33290,8807,1,34452,8204,24,33288,0,0,33311,13117,0,33302,5153,164;
1701351574427;3726956,44904,1,1264,398,692,32408,0,0,34534,8879,0,33310,10385,5,32240,0,0,132037,0,0,33290,8807,1,34452,8204,24,33288,0,0,33311,13104,0,33302,5153,163;
1701351574512;3727054,44904,1,1361,475,420,32408,0,0,34534,8878,0,33310,10351,5,32240,0,0,132037,0,0,33290,8808,1,34452,8202,24,33288,0,0,33311,13117,0,33302,5153,160;
1701351574617;3727157,44904,1,1257,391,718,32408,0,0,34534,8884,0,33310,10387,5,32240,0,0,132037,0,0,33290,8806,2,34452,8203,25,33288,0,0,33311,13112,0,33302,5154,159;
1701351574922;3727455,44904,1,1361,481,412,32408,0,0,34534,8874,0,33310,10350,5,32240,0,0,132037,0,0,33290,8807,1,34452,8204,24,33288,0,0,33311,13121,0,33302,5153,158;
1701351575408;3727951,44904,1,1268,399,688,32408,0,0,34534,8891,0,33310,10383,5,32240,0,0,132037,0,0,33290,8806,2,34452,8202,25,33288,0,0,33311,13121,0,33302,5153,157;
1701351575718;3728252,44904,1,1358,480,416,32408,0,0,34534,8881,0,33310,10351,5,32240,0,0,132037,0,0,33290,8807,2,34452,8205,26,33288,0,0,33311,13122,0,33302,5153,156;
1701351576122;3728657,44904,1,1354,478,430,32408,0,0,34534,8873,0,33310,10351,5,32240,0,0,132037,0,0,33290,8805,1,34452,8204,25,33288,0,0,33311,13113,0,33302,5154,156;
1701351576226;3728752,44904,1,1265,400,691,32408,0,0,34534,8878,0,33310,10383,5,32240,0,0,132037,0,0,33290,8805,2,34452,8203,25,33288,0,0,33311,13108,0,33302,5153,155;
1701351576312;3728854,44904,1,1265,396,697,32408,0,0,34534,8875,0,33310,10384,5,32240,0,0,132037,0,0,33290,8806,1,34452,8202,25,33288,0,0,33311,13116,0,33302,5154,156;
1701351576427;3728956,44904,1,1265,404,684,32408,0,0,34534,8878,0,33310,10382,5,32240,0,0,132037,0,0,33290,8804,2,34452,8204,25,33288,0,0,33311,13112,0,33302,5153,156;
1701351576508;3729051,44904,1,1262,394,705,32408,0,0,34534,8874,0,33310,10385,5,32240,0,0,132037,0,0,33290,8806,2,34452,8202,25,33288,0,0,33311,13119,0,33302,5153,156;
1701351576624;3729152,44904,1,1357,477,429,32408,0,0,34534,8877,0,33310,10350,5,32240,0,0,132037,0,0,33290,8805,2,34452,8202,25,33288,0,0,33311,13111,0,33302,5153,156;
1701351576824;3729354,44904,1,1358,476,422,32408,0,0,34534,8865,0,33310,10352,5,32240,0,0,132037,0,0,33290,8808,2,34452,8204,24,33288,0,0,33311,13108,0,33302,5153,156;
1701351576910;3729456,44904,1,1264,396,696,32408,0,0,34534,8867,0,33310,10385,5,32240,0,0,132037,0,0,33290,8807,2,34452,8203,25,33288,0,0,33311,13103,0,33302,5153,158;
1701351577012;3729550,44904,1,1272,401,673,32408,0,0,34534,8868,0,33310,10383,5,32240,0,0,132037,0,0,33290,8808,2,34452,8203,25,33288,0,0,33311,13101,0,33302,5153,158;
1701351577125;3729653,44904,1,1257,391,718,32408,0,0,34534,8860,0,33310,10387,5,32240,0,0,132037,0,0,33290,8806,2,34452,8203,25,33288,0,0,33311,13096,0,33302,5153,159;
1701351577212;3729753,44904,1,1361,479,414,32408,0,0,34534,8872,0,33310,10351,4,32240,0,0,132037,0,0,33290,8808,2,34452,8204,24,33288,0,0,33311,13097,0,33302,5153,157;
1701351577313;3729855,44904,1,1356,477,424,32408,0,0,34534,8861,0,33310,10352,5,32240,0,0,132037,0,0,33290,8807,2,34452,8205,25,33288,0,0,33311,13101,0,33302,5154,159;
1701351577409;3729950,44904,1,1358,476,422,32408,0,0,34534,8870,0,33310,10352,5,32240,0,0,132037,0,0,33290,8808,2,34452,8204,25,33288,0,0,33311,13101,0,33302,5153,159;
1701351577525;3730053,44904,1,1359,479,420,32408,0,0,34534,8873,0,33310,10350,5,32240,0,0,132037,0,0,33290,8806,2,34452,8203,24,33288,0,0,33311,13090,0,33302,5153,158;
1701351577618;3730154,44904,1,1267,400,684,32408,0,0,34534,8874,0,33310,10384,5,32240,0,0,132037,0,0,33290,8807,2,34452,8204,24,33288,0,0,33311,13099,0,33302,5154,158;
1701351577718;3730253,44904,1,1361,479,414,32408,0,0,34534,8877,0,33310,10351,5,32240,0,0,132037,0,0,33290,8808,2,34452,8204,24,33288,0,0,33311,13094,0,33302,5153,158;
1701351577814;3730350,44904,1,1267,393,697,32408,0,0,34534,8882,0,33310,10385,5,32240,0,0,132037,0,0,33290,8808,2,34452,8201,23,33288,0,0,33311,13095,0,33302,5153,157;
1701351577910;3730453,44904,1,1272,401,673,32408,0,0,34534,8889,0,33310,10383,5,32240,0,0,132037,0,0,33290,8808,2,34452,8203,24,33288,0,0,33311,13087,0,33302,5151,156;
1701351578025;3730555,44904,1,1272,401,672,32408,0,0,34534,8886,0,33310,10384,5,32240,0,0,132037,0,0,33290,8809,2,34452,8204,24,33288,0,0,33311,13092,0,33302,5153,157;
1701351578125;3730654,44904,1,1374,483,387,32408,0,0,34534,8883,0,33310,10348,5,32240,0,0,132037,0,0,33290,8810,1,34452,8202,24,33288,0,0,33311,13091,0,33302,5153,156;
1701351578212;3730750,44904,1,1272,399,675,32408,0,0,34534,8882,0,33310,10384,5,32240,0,0,132037,0,0,33290,8809,1,34452,8203,25,33288,0,0,33311,13096,0,33302,5153,155;
1701351578324;3730853,44904,1,1275,407,658,32408,0,0,34534,8880,0,33310,10382,5,32240,0,0,132037,0,0,33290,8808,2,34452,8205,25,33288,0,0,33311,13094,0,33302,5153,155;
1701351578419;3730951,44904,1,1266,397,685,32408,0,0,34534,8888,0,33310,10386,5,32240,0,0,132037,0,0,33290,8809,1,34452,8205,26,33288,0,0,33311,13094,0,33302,5153,155;
1701351578513;3731052,44904,1,1282,409,638,32408,0,0,34534,8884,0,33310,10381,5,32240,0,0,132037,0,0,33290,8810,2,34452,8205,26,33288,0,0,33311,13097,0,33302,5151,154;
1701351578611;3731152,44904,1,1275,398,674,32408,0,0,34534,8903,0,33310,10383,5,32240,0,0,132037,0,0,33290,8809,1,34452,8201,26,33288,0,0,33311,13104,0,33302,5152,153;
1701351578710;3731251,44904,1,1376,483,380,32408,0,0,34534,8890,0,33310,10349,5,32240,0,0,132037,0,0,33290,8812,1,34452,8203,26,33288,0,0,33311,13106,0,33302,5153,154;
1701351578923;3731452,44904,1,1274,399,670,32408,0,0,34534,8896,0,33310,10384,5,32240,0,0,132037,0,0,33290,8810,1,34452,8203,26,33288,0,0,33311,13109,0,33302,5152,157;
1701351579025;3731554,44904,1,1271,396,677,32408,0,0,34534,8902,0,33310,10386,5,32240,0,0,132037,0,0,33290,8811,1,34452,8204,25,33288,0,0,33311,13104,0,33302,5152,159;
1701351579109;3731654,44904,1,1280,402,655,32408,0,0,34534,8880,0,33310,10383,5,32240,0,0,132037,0,0,33290,8811,1,34452,8203,25,33288,0,0,33311,13117,0,33302,5153,160;
1701351579208;3731751,44904,1,1274,401,666,32408,0,0,34534,8908,0,33310,10384,5,32240,0,0,132037,0,0,33290,8810,1,34452,8204,26,33288,0,0,33311,13105,0,33302,5153,162;
1701351579411;3731952,44904,1,1373,482,385,32408,0,0,34534,8891,0,33310,10350,5,32240,0,0,132037,0,0,33290,8812,1,34452,8204,26,33288,0,0,33311,13115,0,33302,5153,161;
1701351579524;3732054,44904,1,1282,400,652,32408,0,0,34534,8912,0,33310,10384,5,32240,0,0,132037,0,0,33290,8813,1,34452,8203,25,33288,0,0,33311,13120,0,33302,5152,158;
1701351579609;3732150,44904,1,1284,403,639,32408,0,0,34534,8906,0,33310,10384,5,32240,0,0,132037,0,0,33290,8814,1,34452,8205,25,33288,0,0,33311,13113,0,33302,5153,157;
1701351579724;3732253,44904,1,1368,476,403,32408,0,0,34534,8906,0,33310,10352,5,32240,0,0,132037,0,0,33290,8812,1,34452,8203,25,33288,0,0,33311,13109,0,33302,5153,156;
1701351579808;3732351,44904,1,1368,478,401,32408,0,0,34534,8883,0,33310,10351,5,32240,0,0,132037,0,0,33290,8811,1,34452,8203,26,33288,0,0,33311,13115,0,33302,5153,158;
1701351579912;3732454,44904,1,1361,476,416,32408,0,0,34534,8876,0,33310,10352,5,32240,0,0,132037,0,0,33290,8809,2,34452,8204,25,33288,0,0,33311,13114,0,33302,5153,159;
1701351580007;3732550,44904,1,1366,474,412,32408,0,0,34534,8873,0,33310,10352,5,32240,0,0,132037,0,0,33290,8811,1,34452,8202,25,33288,0,0,33311,13127,0,33302,5153,158;
1701351580220;3732752,44904,1,1264,388,707,32408,0,0,34534,8879,0,33310,10388,5,32240,0,0,132037,0,0,33290,8810,1,34452,8202,24,33288,0,0,33311,13097,0,33302,5152,158;
1701351580505;3733053,44904,1,1369,481,395,32408,0,0,34534,8879,0,33310,10350,5,32240,0,0,132037,0,0,33290,8810,1,34452,8204,24,33288,0,0,33311,13084,0,33302,5152,158;
1701351580623;3733153,44904,1,1269,400,678,32408,0,0,34534,8876,0,33310,10384,5,32240,0,0,132037,0,0,33290,8808,1,34452,8204,24,33288,0,0,33311,13088,0,33302,5153,158;
1701351580709;3733255,44904,1,1261,393,702,32408,0,0,34534,8867,0,33310,10388,5,32240,0,0,132037,0,0,33290,8809,1,34452,8205,23,33288,0,0,33311,13084,0,33302,5152,158;
1701351580807;3733350,44904,1,1260,392,714,32408,0,0,34534,8862,0,33310,10385,5,32240,0,0,132037,0,0,33290,8805,1,34452,8201,23,33288,0,0,33311,13091,0,33302,5153,158;
1701351580918;3733453,44904,1,1355,472,432,32408,0,0,34534,8858,0,33310,10353,5,32240,0,0,132037,0,0,33290,8808,2,34452,8203,22,33288,0,0,33311,13100,0,33302,5151,158;
1701351581120;3733656,44904,1,1360,473,422,32408,0,0,34534,8874,0,33310,10353,5,32240,0,0,132037,0,0,33290,8810,1,34452,8203,22,33288,0,0,33311,13099,0,33302,5153,159;
1701351581225;3733755,44904,1,1271,395,680,32408,0,0,34534,8895,0,33310,10386,5,32240,0,0,132037,0,0,33290,8811,1,34452,8203,22,33288,0,0,33311,13114,0,33302,5152,159;
1701351581710;3734252,44904,1,1258,392,720,32408,0,0,34534,8844,0,33310,10385,6,32240,0,0,132037,0,0,33290,8804,2,34452,8201,26,33288,0,0,33311,13122,0,33302,5153,155;
1701351581823;3734351,44904,1,1258,401,705,32408,0,0,34534,8837,0,33310,10383,6,32240,0,0,132037,0,0,33290,8802,2,34452,8204,26,33288,0,0,33311,13110,0,33302,5153,156;
1701351581909;3734454,44904,1,1255,393,723,32408,0,0,34534,8834,0,33310,10385,6,32240,0,0,132037,0,0,33290,8803,2,34452,8202,27,33288,0,0,33311,13116,0,33302,5152,156;
1701351582212;3734752,44904,1,1351,474,441,32408,0,0,34534,8840,0,33310,10352,5,32240,0,0,132037,0,0,33290,8805,2,34452,8203,26,33288,0,0,33311,13134,0,33302,5153,157;
1701351582307;3734852,44904,1,1260,395,707,32408,0,0,34534,8850,0,33310,10385,5,32240,0,0,132037,0,0,33290,8805,2,34452,8203,26,33288,0,0,33311,13127,0,33302,5152,157;
1701351582412;3734952,44904,1,1267,395,693,32408,0,0,34534,8860,0,33310,10385,5,32240,0,0,132037,0,0,33290,8808,1,34452,8202,26,33288,0,0,33311,13120,0,33302,5152,158;
1701351582603;3735151,44904,1,1279,405,648,32408,0,0,34534,8860,0,33310,10383,5,32240,0,0,132037,0,0,33290,8811,2,34452,8205,26,33288,0,0,33311,13131,0,33302,5153,157;
1701351582818;3735352,44904,1,1267,398,687,32408,0,0,34534,8849,0,33310,10384,5,32240,0,0,132037,0,0,33290,8807,2,34452,8203,26,33288,0,0,33311,13122,0,33302,5153,158;
1701351582907;3735453,44904,1,1361,475,420,32408,0,0,34534,8852,0,33310,10351,5,32240,0,0,132037,0,0,33290,8808,2,34452,8202,25,33288,0,0,33311,13140,0,33302,5153,157;
1701351583012;3735550,44904,1,1267,398,687,32408,0,0,34534,8855,0,33310,10384,5,32240,0,0,132037,0,0,33290,8807,2,34452,8203,24,33288,0,0,33311,13153,0,33302,5153,157;
1701351583117;3735652,44904,1,1263,395,706,32408,0,0,34534,8846,0,33310,10384,5,32240,0,0,132037,0,0,33290,8805,2,34452,8201,24,33288,0,0,33311,13175,0,33302,5153,157;
1701351583206;3735754,44904,1,1356,476,428,32408,0,0,34534,8846,0,33310,10351,5,32240,0,0,132037,0,0,33290,8806,2,34452,8203,24,33288,0,0,33311,13181,0,33302,5151,155;
1701351583311;3735853,44904,1,1354,476,433,32408,0,0,34534,8843,0,33310,10351,5,32240,0,0,132037,0,0,33290,8805,2,34452,8203,24,33288,0,0,33311,13204,0,33302,5152,155;
1701351583413;3735950,44904,1,1354,471,442,32408,0,0,34534,8847,0,33310,10352,5,32240,0,0,132037,0,0,33290,8806,2,34452,8201,24,33288,0,0,33311,13209,0,33302,5153,155;
1701351583511;3736053,44904,1,1348,468,454,32408,0,0,34534,8847,0,33310,10354,5,32240,0,0,132037,0,0,33290,8806,2,34452,8202,24,33288,0,0,33311,13206,0,33302,5151,155;
1701351583622;3736153,44904,1,1350,471,442,32408,0,0,34534,8855,0,33310,10354,4,32240,0,0,132037,0,0,33290,8807,2,34452,8204,24,33288,0,0,33311,13218,0,33302,5153,155;
1701351583708;3736252,44904,1,1357,470,428,32408,0,0,34534,8879,0,33310,10355,4,32240,0,0,132037,0,0,33290,8811,2,34452,8204,25,33288,0,0,33311,13213,0,33302,5153,155;
