1701352329820;4482476,44904,1,7269,381,-4,32408,0,0,34534,0,0,33310,8331,6,32240,0,0,132037,0,0,33290,8867,1,34452,4574,173,33288,0,0,33311,0,0,33302,9514,8;
1701352330142;4482773,44904,1,7264,379,-2,32408,0,0,34534,0,0,33310,8332,6,32240,0,0,132037,0,0,33290,8866,1,34452,4575,180,33288,0,0,33311,0,0,33302,9520,8;
1701352330239;4482875,44904,1,7171,316,69,32408,0,0,34534,0,0,33310,8365,6,32240,0,0,132037,0,0,33290,8861,1,34452,4576,183,33288,0,0,33311,0,0,33302,9516,8;
1701352330330;4482976,44904,1,7174,310,72,32408,0,0,34534,0,0,33310,8369,6,32240,0,0,132037,0,0,33290,8866,1,34452,4576,183,33288,0,0,33311,0,0,33302,9516,8;
1701352330636;4483273,44904,1,7266,383,-5,32408,0,0,34534,0,0,33310,8330,6,32240,0,0,132037,0,0,33290,8865,1,34452,4575,178,33288,0,0,33311,0,0,33302,9516,8;
1701352330733;4483377,44904,1,7171,314,70,32408,0,0,34534,0,0,33310,8366,6,32240,0,0,132037,0,0,33290,8862,1,34452,4576,178,33288,0,0,33311,0,0,33302,9513,8;
1701352330831;4483476,44904,1,7256,378,0,32408,0,0,34534,0,0,33310,8332,6,32240,0,0,132037,0,0,33290,8863,1,34452,4575,177,33288,0,0,33311,0,0,33302,9517,8;
1701352331034;4483576,44904,1,7179,317,66,32408,0,0,34534,0,0,33310,8364,6,32240,0,0,132037,0,0,33290,8863,1,34452,4575,177,33288,0,0,33311,0,0,33302,9512,9;
1701352331048;4483678,44904,1,7253,378,1,32408,0,0,34534,3008,0,33310,8332,6,32240,0,0,132037,0,0,33290,8862,1,34452,4575,177,33288,0,0,33311,0,0,33302,9514,9;
1701352331332;4483975,44904,1,7176,315,68,32408,0,0,34534,2964,0,33310,8366,6,32240,0,0,132037,0,0,33290,8864,1,34452,4576,173,33288,0,0,33311,0,0,33302,9514,8;
1701352331450;4484076,44904,1,7171,313,72,32408,0,0,34534,2968,0,33310,8366,6,32240,0,0,132037,0,0,33290,8862,1,34452,4575,172,33288,0,0,33311,0,0,33302,9517,8;
1701352331534;4484172,44904,1,7259,379,0,32408,0,0,34534,0,0,33310,8332,6,32240,0,0,132037,0,0,33290,8864,1,34452,4575,173,33288,0,0,33311,0,0,33302,9514,9;
1701352331637;4484276,44904,1,7251,376,3,32408,0,0,34534,0,0,33310,8333,6,32240,0,0,132037,0,0,33290,8862,1,34452,4575,174,33288,0,0,33311,0,0,33302,9518,9;
1701352331831;4484477,44904,1,7256,377,1,32408,0,0,34534,2944,0,33310,8333,6,32240,0,0,132037,0,0,33290,8864,1,34452,4575,174,33288,0,0,33311,0,0,33302,9515,10;
1701352331935;4484572,44904,1,7177,312,71,32408,0,0,34534,2996,0,33310,8367,6,32240,0,0,132037,0,0,33290,8865,1,34452,4575,173,33288,0,0,33311,0,0,33302,9517,10;
1701352332132;4484776,44904,1,7253,376,2,32408,0,0,34534,2969,0,33310,8333,6,32240,0,0,132037,0,0,33290,8863,1,34452,4575,173,33288,0,0,33311,0,0,33302,9513,9;
1701352332252;4484878,44904,1,7256,378,0,32408,0,0,34534,2991,0,33310,8332,6,32240,0,0,132037,0,0,33290,8863,1,34452,4575,174,33288,0,0,33311,0,0,33302,9513,9;
1701352332523;4485177,44904,1,7251,377,1,32408,0,0,34534,0,0,33310,8333,6,32240,0,0,132037,0,0,33290,8862,1,34452,4576,174,33288,0,0,33311,0,0,33302,9514,8;
1701352332931;4485578,44904,1,7246,372,7,32408,0,0,34534,0,0,33310,8336,6,32240,0,0,132037,0,0,33290,8862,0,34452,4575,173,33288,0,0,33311,0,0,33302,9512,8;
1701352333042;4485676,44904,1,7168,313,73,32408,0,0,34534,0,0,33310,8366,6,32240,0,0,132037,0,0,33290,8861,1,34452,4575,175,33288,0,0,33311,0,0,33302,9512,9;
1701352333127;4485772,44904,1,7248,376,4,32408,0,0,34534,0,0,33310,8333,6,32240,0,0,132037,0,0,33290,8861,1,34452,4575,174,33288,0,0,33311,0,0,33302,9513,9;
1701352333231;4485874,44904,1,7166,312,74,32408,0,0,34534,14822,0,33310,8367,6,32240,0,0,132037,0,0,33290,8861,1,34452,4576,175,33288,0,0,33311,0,0,33302,9512,9;
1701352333523;4486172,44904,1,7253,377,3,32408,0,0,34534,0,0,33310,8332,6,32240,0,0,132037,0,0,33290,8862,0,34452,4574,175,33288,0,0,33311,0,0,33302,9514,8;
1701352334026;4486677,44904,1,7182,308,71,32408,0,0,34534,0,0,33310,8370,6,32240,0,0,132037,0,0,33290,8870,1,34452,4575,174,33288,0,0,33311,0,0,33302,9515,8;
1701352334227;4486876,44904,1,7264,381,-3,32408,0,0,34534,0,0,33310,8331,6,32240,0,0,132037,0,0,33290,8865,0,34452,4575,175,33288,0,0,33311,0,0,33302,9512,8;
1701352334333;4486972,44904,1,7278,379,-7,32408,0,0,34534,0,0,33310,8333,6,32240,0,0,132037,0,0,33290,8872,1,34452,4575,179,33288,0,0,33311,0,0,33302,9514,9;
1701352334622;4487276,44904,1,7258,381,-3,32408,0,0,34534,0,0,33310,8331,6,32240,0,0,132037,0,0,33290,8863,0,34452,4576,183,33288,0,0,33311,0,0,33302,9515,9;
1701352334725;4487373,44904,1,7269,382,-7,32408,0,0,34534,0,0,33310,8331,6,32240,0,0,132037,0,0,33290,8867,1,34452,4576,182,33288,0,0,33311,0,0,33302,9512,9;
1701352334833;4487475,44904,1,7174,314,69,32408,0,0,34534,0,0,33310,8366,6,32240,0,0,132037,0,0,33290,8863,1,34452,4576,183,33288,0,0,33311,0,0,33302,9513,9;
1701352335231;4487875,44904,1,7254,376,1,32408,0,0,34534,0,0,33310,8335,6,32240,0,0,132037,0,0,33290,8864,1,34452,4576,185,33288,0,0,33311,0,0,33302,9512,8;
1701352335333;4487978,44904,1,7251,378,2,32408,0,0,34534,0,0,33310,8332,6,32240,0,0,132037,0,0,33290,8861,0,34452,4575,186,33288,0,0,33311,0,0,33302,9516,8;
1701352335527;4488177,44904,1,7256,378,0,32408,0,0,34534,0,0,33310,8332,6,32240,0,0,132037,0,0,33290,8863,1,34452,4575,185,33288,0,0,33311,0,0,33302,9512,8;
1701352335729;4488375,44904,1,7166,313,73,32408,0,0,34534,0,0,33310,8366,6,32240,0,0,132037,0,0,33290,8860,1,34452,4576,182,33288,0,0,33311,0,0,33302,9514,9;
1701352335831;4488476,44904,1,7171,313,72,32408,0,0,34534,0,0,33310,8366,6,32240,0,0,132037,0,0,33290,8862,1,34452,4575,177,33288,0,0,33311,0,0,33302,9514,9;
1701352336028;4488672,44904,1,7253,380,-1,32408,0,0,34534,0,0,33310,8331,6,32240,0,0,132037,0,0,33290,8861,1,34452,4576,178,33288,0,0,33311,0,0,33302,9517,9;
1701352336131;4488774,44904,1,7253,381,0,32408,0,0,34534,0,0,33310,8330,6,32240,0,0,132037,0,0,33290,8860,1,34452,4575,177,33288,0,0,33311,0,0,33302,9513,9;
1701352336420;4489072,44904,1,7256,381,-2,32408,0,0,34534,0,0,33310,8331,6,32240,0,0,132037,0,0,33290,8862,1,34452,4576,180,33288,0,0,33311,0,0,33302,9511,9;
1701352336529;4489174,44904,1,7243,377,6,32408,0,0,34534,0,0,33310,8332,6,32240,0,0,132037,0,0,33290,8858,1,34452,4575,178,33288,0,0,33311,0,0,33302,9513,9;
1701352336931;4489572,44904,1,7171,315,71,32408,0,0,34534,0,0,33310,8365,6,32240,0,0,132037,0,0,33290,8861,1,34452,4575,174,33288,0,0,33311,0,0,33302,9516,7;
1701352337031;4489674,44904,1,7171,312,73,32408,0,0,34534,0,0,33310,8367,6,32240,0,0,132037,0,0,33290,8863,1,34452,4575,171,33288,0,0,33311,0,0,33302,9514,7;
1701352337130;4489776,44904,1,7258,383,-3,32408,0,0,34534,0,0,33310,8329,6,32240,0,0,132037,0,0,33290,8861,1,34452,4575,173,33288,0,0,33311,0,0,33302,9517,7;
1701352337232;4489877,44904,1,7258,381,0,32408,0,0,34534,0,0,33310,8330,6,32240,0,0,132037,0,0,33290,8862,1,34452,4574,173,33288,0,0,33311,0,0,33302,9517,8;
1701352337427;4490073,44904,1,7166,313,73,32408,0,0,34534,0,0,33310,8366,6,32240,0,0,132037,0,0,33290,8860,0,34452,4576,172,33288,0,0,33311,0,0,33302,9515,8;
1701352337535;4490175,44904,1,7256,381,0,32408,0,0,34534,0,0,33310,8330,6,32240,0,0,132037,0,0,33290,8861,1,34452,4574,168,33288,0,0,33311,0,0,33302,9515,8;
1701352337630;4490275,44904,1,7179,316,67,32408,0,0,34534,0,0,33310,8365,6,32240,0,0,132037,0,0,33290,8864,1,34452,4575,170,33288,0,0,33311,0,0,33302,9518,8;
1701352337731;4490376,44904,1,7251,378,0,32408,0,0,34534,0,0,33310,8332,6,32240,0,0,132037,0,0,33290,8861,1,34452,4576,170,33288,0,0,33311,0,0,33302,9513,8;
1701352337835;4490472,44904,1,7267,379,-2,32408,0,0,34534,14767,0,33310,8332,6,32240,0,0,132037,0,0,33290,8867,1,34452,4574,167,33288,0,0,33311,0,0,33302,9517,8;
1701352337931;4490576,44904,1,7256,377,1,32408,0,0,34534,0,0,33310,8333,5,32240,0,0,132037,0,0,33290,8864,0,34452,4575,167,33288,0,0,33311,0,0,33302,9515,8;
1701352338236;4490872,44904,1,7266,382,-6,32408,0,0,34534,0,0,33310,8331,6,32240,0,0,132037,0,0,33290,8866,1,34452,4576,173,33288,0,0,33311,0,0,33302,9514,9;
1701352338426;4491075,44904,1,7264,383,-6,32408,0,0,34534,0,0,33310,8330,5,32240,0,0,132037,0,0,33290,8864,0,34452,4576,177,33288,0,0,33311,0,0,33302,9517,9;
1701352338539;4491176,44904,1,7269,382,-6,32408,0,0,34534,0,0,33310,8331,6,32240,0,0,132037,0,0,33290,8867,1,34452,4575,174,33288,0,0,33311,0,0,33302,9511,9;
1701352338726;4491374,44904,1,7176,313,71,32408,0,0,34534,0,0,33310,8366,6,32240,0,0,132037,0,0,33290,8864,1,34452,4574,165,33288,0,0,33311,0,0,33302,9513,10;
1701352338925;4491576,44904,1,7271,385,-9,32408,0,0,34534,0,0,33310,8329,6,32240,0,0,132037,0,0,33290,8866,1,34452,4575,171,33288,0,0,33311,0,0,33302,9513,10;
1701352339031;4491673,44904,1,7264,382,-4,32408,0,0,34534,0,0,33310,8330,6,32240,0,0,132037,0,0,33290,8864,0,34452,4575,173,33288,0,0,33311,0,0,33302,9514,9;
1701352339429;4492076,44904,1,7174,314,69,32408,0,0,34534,3399,0,33310,8366,6,32240,0,0,132037,0,0,33290,8863,1,34452,4576,178,33288,0,0,33311,0,0,33302,9517,9;
1701352339627;4492275,44904,1,7174,314,71,32408,0,0,34534,3286,0,33310,8366,6,32240,0,0,132037,0,0,33290,8863,1,34452,4575,173,33288,0,0,33311,0,0,33302,9512,9;
1701352339729;4492377,44904,1,7253,379,0,32408,0,0,34534,2870,0,33310,8332,6,32240,0,0,132037,0,0,33290,8862,1,34452,4576,177,33288,0,0,33311,0,0,33302,9514,10;
1701352339926;4492576,44904,1,7261,383,-5,32408,0,0,34534,3049,0,33310,8330,6,32240,0,0,132037,0,0,33290,8863,1,34452,4576,172,33288,0,0,33311,0,0,33302,9518,10;
1701352340030;4492675,44904,1,7261,381,-2,32408,0,0,34534,2971,0,33310,8331,6,32240,0,0,132037,0,0,33290,8864,1,34452,4575,173,33288,0,0,33311,0,0,33302,9516,10;
1701352340332;4492974,44904,1,7253,378,1,32408,0,0,34534,2840,0,33310,8332,6,32240,0,0,132037,0,0,33290,8862,1,34452,4575,166,33288,0,0,33311,0,0,33302,9516,11;
1701352340431;4493075,44904,1,7253,377,3,32408,0,0,34534,2854,0,33310,8332,6,32240,0,0,132037,0,0,33290,8862,1,34452,4574,167,33288,0,0,33311,0,0,33302,9519,11;
1701352340532;4493176,44904,1,7171,314,73,32408,0,0,34534,2844,0,33310,8365,6,32240,0,0,132037,0,0,33290,8861,1,34452,4574,165,33288,0,0,33311,0,0,33302,9513,11;
1701352340726;4493374,44904,1,7168,313,73,32408,0,0,34534,2924,0,33310,8366,6,32240,0,0,132037,0,0,33290,8861,1,34452,4575,163,33288,0,0,33311,0,0,33302,9519,11;
1701352341127;4493773,44904,1,7166,311,76,32408,0,0,34534,2994,0,33310,8367,6,32240,0,0,132037,0,0,33290,8861,1,34452,4575,168,33288,0,0,33311,0,0,33302,9517,10;
1701352341433;4494076,44904,1,7251,377,1,32408,0,0,34534,3043,0,33310,8333,6,32240,0,0,132037,0,0,33290,8862,1,34452,4576,176,33288,0,0,33311,0,0,33302,9512,10;
1701352341626;4494273,44904,1,7248,377,3,32408,0,0,34534,3022,0,33310,8332,6,32240,0,0,132037,0,0,33290,8860,1,34452,4575,178,33288,0,0,33311,0,0,33302,9516,10;
1701352341729;4494375,44904,1,7245,376,4,32408,0,0,34534,3056,0,33310,8333,6,32240,0,0,132037,0,0,33290,8860,1,34452,4576,178,33288,0,0,33311,0,0,33302,9516,11;
1701352341832;4494476,44904,1,7161,309,77,32408,0,0,34534,3007,0,33310,8368,6,32240,0,0,132037,0,0,33290,8860,1,34452,4576,180,33288,0,0,33311,0,0,33302,9518,11;
1701352341931;4494577,44904,1,7245,375,5,32408,0,0,34534,2958,0,33310,8333,6,32240,0,0,132037,0,0,33290,8860,1,34452,4575,178,33288,0,0,33311,0,0,33302,9517,12;
1701352342031;4494671,44904,1,7251,378,2,32408,0,0,34534,2976,0,33310,8332,6,32240,0,0,132037,0,0,33290,8861,1,34452,4575,179,33288,0,0,33311,0,0,33302,9518,12;
1701352342132;4494775,44904,1,7238,373,10,32408,0,0,34534,2986,0,33310,8335,6,32240,0,0,132037,0,0,33290,8858,1,34452,4575,176,33288,0,0,33311,0,0,33302,9515,12;
1701352342232;4494878,44904,1,7243,376,5,32408,0,0,34534,3433,0,33310,8333,6,32240,0,0,132037,0,0,33290,8859,1,34452,4576,176,33288,0,0,33311,0,0,33302,9519,12;
1701352342329;4494976,44904,1,7243,376,5,32408,0,0,34534,4898,0,33310,8333,6,32240,0,0,132037,0,0,33290,8859,1,34452,4576,176,33288,0,0,33311,0,0,33302,9516,12;
1701352342429;4495070,44904,1,7245,378,3,32408,0,0,34534,0,0,33310,8332,6,32240,0,0,132037,0,0,33290,8859,1,34452,4576,177,33288,0,0,33311,0,0,33302,9514,11;
1701352342530;4495174,44904,1,7242,377,4,32408,0,0,34534,3060,0,33310,8332,5,32240,0,0,132037,0,0,33290,8858,1,34452,4576,177,33288,0,0,33311,0,0,33302,9516,11;
1701352342725;4495376,44904,1,7243,373,8,32408,0,0,34534,4662,0,33310,8335,5,32240,0,0,132037,0,0,33290,8860,1,34452,4575,176,33288,0,0,33311,0,0,33302,9512,10;
1701352342928;4495574,44904,1,7243,374,6,32408,0,0,34534,3059,0,33310,8335,5,32240,0,0,132037,0,0,33290,8860,1,34452,4576,172,33288,0,0,33311,0,0,33302,9517,11;
1701352343124;4495777,44904,1,7253,379,0,32408,0,0,34534,4692,0,33310,8332,6,32240,0,0,132037,0,0,33290,8862,1,34452,4576,177,33288,0,0,33311,0,0,33302,9513,11;
1701352343421;4496074,44904,1,7238,373,10,32408,0,0,34534,0,0,33310,8335,6,32240,0,0,132037,0,0,33290,8858,1,34452,4575,178,33288,0,0,33311,0,0,33302,0,0;
1701352343530;4496178,44904,1,7248,375,3,32408,0,0,34534,0,0,33310,8335,6,32240,0,0,132037,0,0,33290,8862,1,34452,4576,177,33288,0,0,33311,0,0,33302,9515,8;
1701352343724;4496372,44904,1,7160,313,75,32408,0,0,34534,0,0,33310,8366,6,32240,0,0,132037,0,0,33290,8858,1,34452,4576,180,33288,0,0,33311,0,0,33302,9516,8;
1701352343829;4496474,44904,1,7237,374,9,32408,0,0,34534,0,0,33310,8333,6,32240,0,0,132037,0,0,33290,8857,1,34452,4575,177,33288,0,0,33311,0,0,33302,9519,7;
1701352344118;4496771,44904,1,7243,377,3,32408,0,0,34534,4823,0,33310,8333,5,32240,0,0,132037,0,0,33290,8859,1,34452,4577,176,33288,0,0,33311,0,0,33302,9516,7;
1701352344229;4496873,44904,1,7240,375,8,32408,0,0,34534,4847,0,33310,8333,5,32240,0,0,132037,0,0,33290,8858,1,34452,4575,175,33288,0,0,33311,0,0,33302,9516,7;
1701352344329;4496975,44904,1,7248,378,2,32408,0,0,34534,4944,0,33310,8332,5,32240,0,0,132037,0,0,33290,8860,1,34452,4576,175,33288,0,0,33311,0,0,33302,9511,7;
1701352344432;4497075,44904,1,7240,375,5,32408,0,0,34534,5002,0,33310,8335,5,32240,0,0,132037,0,0,33290,8859,1,34452,4577,177,33288,0,0,33311,0,0,33302,9514,7;
1701352344625;4497272,44904,1,7248,380,1,32408,0,0,34534,4972,0,33310,8330,5,32240,0,0,132037,0,0,33290,8858,1,34452,4575,178,33288,0,0,33311,0,0,33302,9516,7;
1701352344925;4497575,44904,1,7248,378,2,32408,0,0,34534,14822,0,33310,8332,5,32240,0,0,132037,0,0,33290,8860,1,34452,4576,177,33288,0,0,33311,0,0,33302,9515,8;
1701352345028;4497671,44904,1,7242,377,4,32408,0,0,34534,14802,0,33310,8332,6,32240,0,0,132037,0,0,33290,8858,1,34452,4576,178,33288,0,0,33311,0,0,33302,9512,8;
1701352345224;4497874,44904,1,7240,377,5,32408,0,0,34534,0,0,33310,8332,6,32240,0,0,132037,0,0,33290,8857,1,34452,4576,181,33288,0,0,33311,0,0,33302,9513,9;
1701352345428;4498076,44904,1,7166,313,73,32408,0,0,34534,0,0,33310,8366,6,32240,0,0,132037,0,0,33290,8860,1,34452,4576,179,33288,0,0,33311,0,0,33302,9518,9;
1701352345623;4498277,44904,1,7163,313,74,32408,0,0,34534,0,0,33310,8366,6,32240,0,0,132037,0,0,33290,8859,1,34452,4576,177,33288,0,0,33311,0,0,33302,9512,10;
1701352345935;4498571,44904,1,7245,376,4,32408,0,0,34534,0,0,33310,8333,6,32240,0,0,132037,0,0,33290,8860,1,34452,4576,181,33288,0,0,33311,0,0,33302,9514,11;
1701352346233;4498875,44904,1,7240,377,5,32408,0,0,34534,0,0,33310,8332,6,32240,0,0,132037,0,0,33290,8857,1,34452,4576,179,33288,0,0,33311,0,0,33302,9512,10;
1701352346423;4499074,44904,1,7158,312,76,32408,0,0,34534,4839,0,33310,8366,6,32240,0,0,132037,0,0,33290,8857,1,34452,4576,177,33288,0,0,33311,0,0,33302,9517,10;
1701352346527;4499174,44904,1,7242,377,4,32408,0,0,34534,4842,0,33310,8332,6,32240,0,0,132037,0,0,33290,8858,1,34452,4576,181,33288,0,0,33311,0,0,33302,9513,10;
1701352346722;4499373,44904,1,7234,376,7,32408,0,0,34534,4959,0,33310,8332,6,32240,0,0,132037,0,0,33290,8855,1,34452,4576,176,33288,0,0,33311,0,0,33302,9514,9;
1701352346828;4499474,44904,1,7237,374,8,32408,0,0,34534,4912,0,33310,8335,6,32240,0,0,132037,0,0,33290,8858,1,34452,4576,174,33288,0,0,33311,0,0,33302,9517,9;
1701352346926;4499573,44904,1,7237,378,5,32408,0,0,34534,5010,0,33310,8331,6,32240,0,0,132037,0,0,33290,8855,1,34452,4576,176,33288,0,0,33311,0,0,33302,9514,10;
1701352347030;4499675,44904,1,7234,376,7,32408,0,0,34534,0,0,33310,8332,6,32240,0,0,132037,0,0,33290,8855,1,34452,4576,178,33288,0,0,33311,0,0,33302,9514,10;
1701352347128;4499776,44904,1,7237,375,7,32408,0,0,34534,4997,0,33310,8333,6,32240,0,0,132037,0,0,33290,8857,1,34452,4576,179,33288,0,0,33311,0,0,33302,9515,11;
1701352347323;4499972,44904,1,7242,377,4,32408,0,0,34534,4891,0,33310,8332,6,32240,0,0,132037,0,0,33290,8858,1,34452,4576,178,33288,0,0,33311,0,0,33302,9512,10;
1701352347525;4500174,44904,1,7155,310,79,32408,0,0,34534,4871,0,33310,8367,6,32240,0,0,132037,0,0,33290,8857,1,34452,4576,180,33288,0,0,33311,0,0,33302,9516,11;
1701352347627;4500270,44904,1,7160,313,75,32408,0,0,34534,4869,0,33310,8366,6,32240,0,0,132037,0,0,33290,8858,1,34452,4576,180,33288,0,0,33311,0,0,33302,9515,10;
1701352347726;4500373,44904,1,7155,310,80,32408,0,0,34534,4940,0,33310,8367,6,32240,0,0,132037,0,0,33290,8857,1,34452,4575,180,33288,0,0,33311,0,0,33302,9519,10;
1701352347828;4500475,44904,1,7158,312,76,32408,0,0,34534,5144,0,33310,8366,6,32240,0,0,132037,0,0,33290,8857,1,34452,4576,180,33288,0,0,33311,0,0,33302,9512,10;
1701352348123;4500774,44904,1,7155,311,79,32408,0,0,34534,0,0,33310,8366,6,32240,0,0,132037,0,0,33290,8856,1,34452,4575,178,33288,0,0,33311,0,0,33302,9514,10;
1701352348321;4500975,44904,1,7240,379,4,32408,0,0,34534,0,0,33310,8331,6,32240,0,0,132037,0,0,33290,8856,1,34452,4576,179,33288,0,0,33311,0,0,33302,9514,9;
1701352348426;4501071,44904,1,7242,379,3,32408,0,0,34534,0,0,33310,8331,6,32240,0,0,132037,0,0,33290,8857,1,34452,4576,178,33288,0,0,33311,0,0,33302,9518,9;
1701352348528;4501173,44904,1,7155,312,78,32408,0,0,34534,0,0,33310,8366,6,32240,0,0,132037,0,0,33290,8856,1,34452,4576,179,33288,0,0,33311,0,0,33302,9512,9;
1701352348817;4501471,44904,1,7242,378,5,32408,0,0,34534,0,0,33310,8331,6,32240,0,0,132037,0,0,33290,8857,1,34452,4575,179,33288,0,0,33311,0,0,33302,9514,10;
1701352349127;4501775,44904,1,7248,378,2,32408,0,0,34534,0,0,33310,8332,6,32240,0,0,132037,0,0,33290,8860,1,34452,4576,179,33288,0,0,33311,0,0,33302,9514,10;
1701352349231;4501870,44904,1,7161,309,77,32408,0,0,34534,0,0,33310,8368,6,32240,0,0,132037,0,0,33290,8860,1,34452,4576,182,33288,0,0,33311,0,0,33302,9513,9;
1701352349422;4502075,44904,1,7251,378,0,32408,0,0,34534,0,0,33310,8332,6,32240,0,0,132037,0,0,33290,8861,0,34452,4576,181,33288,0,0,33311,0,0,33302,9515,9;
1701352349527;4502175,44904,1,7245,378,3,32408,0,0,34534,5114,0,33310,8332,5,32240,0,0,132037,0,0,33290,8859,0,34452,4576,183,33288,0,0,33311,0,0,33302,9514,9;
1701352349630;4502272,44904,1,7253,379,0,32408,0,0,34534,0,0,33310,8332,6,32240,0,0,132037,0,0,33290,8862,1,34452,4576,185,33288,0,0,33311,0,0,33302,9514,10;
1701352349728;4502372,44904,1,7250,380,0,32408,0,0,34534,0,0,33310,8331,6,32240,0,0,132037,0,0,33290,8860,1,34452,4576,187,33288,0,0,33311,0,0,33302,9514,10;
1701352349826;4502474,44904,1,7245,376,4,32408,0,0,34534,0,0,33310,8333,6,32240,0,0,132037,0,0,33290,8860,1,34452,4576,190,33288,0,0,33311,0,0,33302,9518,9;
1701352350131;4502773,44904,1,7245,378,3,32408,0,0,34534,0,0,33310,8332,6,32240,0,0,132037,0,0,33290,8859,1,34452,4576,188,33288,0,0,33311,0,0,33302,9513,10;
1701352350225;4502873,44904,1,7243,376,5,32408,0,0,34534,0,0,33310,8333,6,32240,0,0,132037,0,0,33290,8859,0,34452,4576,189,33288,0,0,33311,0,0,33302,9516,9;
1701352350326;4502975,44904,1,7245,378,3,32408,0,0,34534,0,0,33310,8332,6,32240,0,0,132037,0,0,33290,8859,1,34452,4576,189,33288,0,0,33311,0,0,33302,9515,9;
1701352350522;4503173,44904,1,7248,378,2,32408,0,0,34534,5506,0,33310,8332,6,32240,0,0,132037,0,0,33290,8860,1,34452,4576,190,33288,0,0,33311,0,0,33302,9512,9;
1701352350821;4503470,44904,1,7248,377,3,32408,0,0,34534,0,0,33310,8332,6,32240,0,0,132037,0,0,33290,8860,0,34452,4575,185,33288,0,0,33311,0,0,33302,9515,9;
1701352350925;4503574,44904,1,7248,376,4,32408,0,0,34534,0,0,33310,8333,6,32240,0,0,132037,0,0,33290,8861,1,34452,4575,181,33288,0,0,33311,0,0,33302,9515,9;
1701352351135;4503775,44904,1,7251,378,2,32408,0,0,34534,0,0,33310,8332,6,32240,0,0,132037,0,0,33290,8861,1,34452,4575,184,33288,0,0,33311,0,0,33302,0,0;
1701352351229;4503870,44904,1,7251,376,3,32408,0,0,34534,0,0,33310,8333,6,32240,0,0,132037,0,0,33290,8862,0,34452,4575,181,33288,0,0,33311,0,0,33302,9516,10;
1701352351724;4504372,44904,1,7169,311,74,32408,0,0,34534,0,0,33310,8367,6,32240,0,0,132037,0,0,33290,8862,1,34452,4575,179,33288,0,0,33311,0,0,33302,9517,11;
1701352352129;4504770,44904,1,7250,379,1,32408,0,0,34534,5604,0,33310,8331,6,32240,0,0,132037,0,0,33290,8860,0,34452,4575,178,33288,0,0,33311,0,0,33302,9515,11;
1701352352325;4504973,44904,1,7248,375,3,32408,0,0,34534,5565,0,33310,8335,6,32240,0,0,132037,0,0,33290,8862,1,34452,4576,181,33288,0,0,33311,0,0,33302,9516,10;
1701352352614;4505271,44904,1,7256,381,-1,32408,0,0,34534,4893,0,33310,8330,6,32240,0,0,132037,0,0,33290,8861,1,34452,4575,179,33288,0,0,33311,0,0,33302,9513,9;
1701352352725;4505373,44904,1,7251,372,7,32408,0,0,34534,4881,0,33310,8336,6,32240,0,0,132037,0,0,33290,8864,1,34452,4574,178,33288,0,0,33311,0,0,33302,9518,9;
1701352352822;4505473,44904,1,7248,380,1,32408,0,0,34534,4871,0,33310,8331,6,32240,0,0,132037,0,0,33290,8859,0,34452,4576,178,33288,0,0,33311,0,0,33302,9516,9;
1701352352924;4505574,44904,1,7248,378,2,32408,0,0,34534,4829,0,33310,8332,6,32240,0,0,132037,0,0,33290,8860,1,34452,4576,181,33288,0,0,33311,0,0,33302,9514,9;
1701352353025;4505672,44904,1,7243,375,7,32408,0,0,34534,4901,0,33310,8333,6,32240,0,0,132037,0,0,33290,8859,1,34452,4575,181,33288,0,0,33311,0,0,33302,9516,10;
1701352353516;4506173,44904,1,7245,377,4,32408,0,0,34534,2957,0,33310,8332,6,32240,0,0,132037,0,0,33290,8859,1,34452,4575,176,33288,0,0,33311,0,0,33302,9515,9;
1701352353624;4506274,44904,1,7160,310,78,32408,0,0,34534,2923,0,33310,8367,6,32240,0,0,132037,0,0,33290,8859,1,34452,4575,175,33288,0,0,33311,0,0,33302,9514,9;
1701352353724;4506375,44904,1,7240,375,9,32408,0,0,34534,2947,0,33310,8332,6,32240,0,0,132037,0,0,33290,8857,1,34452,4574,175,33288,0,0,33311,0,0,33302,9515,9;
1701352353921;4506573,44904,1,7245,378,3,32408,0,0,34534,2880,0,33310,8332,6,32240,0,0,132037,0,0,33290,8859,1,34452,4576,174,33288,0,0,33311,0,0,33302,9516,9;
1701352354118;4506774,44904,1,7238,372,12,32408,0,0,34534,2906,0,33310,8335,6,32240,0,0,132037,0,0,33290,8858,1,34452,4574,175,33288,0,0,33311,0,0,33302,9513,9;
1701352354519;4507175,44904,1,7242,377,4,32408,0,0,34534,2981,0,33310,8332,6,32240,0,0,132037,0,0,33290,8858,1,34452,4576,181,33288,0,0,33311,0,0,33302,9516,10;
1701352354625;4507270,44904,1,7245,377,4,32408,0,0,34534,2970,0,33310,8332,6,32240,0,0,132037,0,0,33290,8859,1,34452,4575,180,33288,0,0,33311,0,0,33302,9518,9;
1701352354728;4507374,44904,1,7240,374,7,32408,0,0,34534,2944,0,33310,8335,6,32240,0,0,132037,0,0,33290,8859,1,34452,4576,182,33288,0,0,33311,0,0,33302,9513,9;
1701352355019;4507670,44904,1,7245,376,4,32408,0,0,34534,2942,0,33310,8333,5,32240,0,0,132037,0,0,33290,8860,1,34452,4576,182,33288,0,0,33311,0,0,33302,9515,10;
1701352355123;4507772,44904,1,7245,375,5,32408,0,0,34534,2937,0,33310,8333,6,32240,0,0,132037,0,0,33290,8860,1,34452,4575,181,33288,0,0,33311,0,0,33302,9514,9;
1701352355522;4508171,44904,1,7243,373,8,32408,0,0,34534,2949,0,33310,8335,6,32240,0,0,132037,0,0,33290,8860,1,34452,4575,177,33288,0,0,33311,0,0,33302,9516,9;
1701352355624;4508272,44904,1,7245,377,4,32408,0,0,34534,2961,0,33310,8332,5,32240,0,0,132037,0,0,33290,8859,1,34452,4575,180,33288,0,0,33311,0,0,33302,9514,9;
1701352355726;4508373,44904,1,7240,371,10,32408,0,0,34534,2952,0,33310,8336,6,32240,0,0,132037,0,0,33290,8860,1,34452,4575,178,33288,0,0,33311,0,0,33302,9513,8;
1701352355823;4508474,44904,1,7245,376,4,32408,0,0,34534,2919,0,33310,8333,5,32240,0,0,132037,0,0,33290,8860,1,34452,4576,173,33288,0,0,33311,0,0,33302,9517,8;
1701352356021;4508673,44904,1,7250,381,0,32408,0,0,34534,2906,0,33310,8330,6,32240,0,0,132037,0,0,33290,8859,1,34452,4575,176,33288,0,0,33311,0,0,33302,9513,9;
1701352356127;4508774,44904,1,7245,379,2,32408,0,0,34534,2896,0,33310,8331,6,32240,0,0,132037,0,0,33290,8858,1,34452,4576,177,33288,0,0,33311,0,0,33302,9514,9;
1701352356221;4508874,44904,1,7245,377,4,32408,0,0,34534,2899,0,33310,8332,6,32240,0,0,132037,0,0,33290,8859,1,34452,4575,177,33288,0,0,33311,0,0,33302,9516,9;
1701352356326;4508970,44904,1,7245,375,5,32408,0,0,34534,2889,0,33310,8333,6,32240,0,0,132037,0,0,33290,8860,1,34452,4575,178,33288,0,0,33311,0,0,33302,9515,9;
1701352356520;4509173,44904,1,7240,376,7,32408,0,0,34534,2877,0,33310,8332,6,32240,0,0,132037,0,0,33290,8857,1,34452,4575,177,33288,0,0,33311,0,0,33302,9516,9;
1701352356733;4509375,44904,1,7243,377,6,32408,0,0,34534,2889,0,33310,8332,6,32240,0,0,132037,0,0,33290,8858,1,34452,4575,178,33288,0,0,33311,0,0,33302,9514,9;
1701352356827;4509471,44904,1,7243,377,6,32408,0,0,34534,2914,0,33310,8332,6,32240,0,0,132037,0,0,33290,8858,1,34452,4575,176,33288,0,0,33311,0,0,33302,9515,10;
1701352357019;4509673,44904,1,7250,379,1,32408,0,0,34534,2826,0,33310,8331,6,32240,0,0,132037,0,0,33290,8860,1,34452,4575,175,33288,0,0,33311,0,0,33302,9517,10;
1701352357124;4509774,44904,1,7251,378,2,32408,0,0,34534,2846,0,33310,8332,6,32240,0,0,132037,0,0,33290,8861,1,34452,4575,176,33288,0,0,33311,0,0,33302,9513,10;
1701352357226;4509870,44904,1,7158,312,76,32408,0,0,34534,2881,0,33310,8366,6,32240,0,0,132037,0,0,33290,8857,1,34452,4576,179,33288,0,0,33311,0,0,33302,9513,9;
1701352357325;4509974,44904,1,7248,380,1,32408,0,0,34534,2924,0,33310,8330,6,32240,0,0,132037,0,0,33290,8858,1,34452,4575,183,33288,0,0,33311,0,0,33302,9513,9;
1701352357424;4510073,44904,1,7163,313,74,32408,0,0,34534,2962,0,33310,8366,6,32240,0,0,132037,0,0,33290,8859,1,34452,4576,182,33288,0,0,33311,0,0,33302,9514,9;
1701352357713;4510370,44904,1,7248,379,2,32408,0,0,34534,3486,0,33310,8331,6,32240,0,0,132037,0,0,33290,8859,1,34452,4575,178,33288,0,0,33311,0,0,33302,9512,9;
1701352357918;4510575,44904,1,7240,377,5,32408,0,0,34534,5458,0,33310,8332,6,32240,0,0,132037,0,0,33290,8857,1,34452,4576,182,33288,0,0,33311,0,0,33302,9514,9;
1701352358122;4510775,44904,1,7243,375,7,32408,0,0,34534,3568,0,33310,8333,6,32240,0,0,132037,0,0,33290,8859,1,34452,4575,183,33288,0,0,33311,0,0,33302,9514,9;
1701352358222;4510872,44904,1,7250,382,0,32408,0,0,34534,5162,0,33310,8330,6,32240,0,0,132037,0,0,33290,8859,1,34452,4576,182,33288,0,0,33311,0,0,33302,9513,9;
1701352358340;4510973,44904,1,7245,380,3,32408,0,0,34534,5128,0,33310,8330,6,32240,0,0,132037,0,0,33290,8857,1,34452,4575,179,33288,0,0,33311,0,0,33302,9514,8;
1701352358518;4511169,44904,1,7248,380,1,32408,0,0,34534,5405,0,33310,8331,6,32240,0,0,132037,0,0,33290,8859,1,34452,4576,181,33288,0,0,33311,0,0,33302,9512,9;
1701352358719;4511373,44904,1,7245,379,4,32408,0,0,34534,0,0,33310,8331,6,32240,0,0,132037,0,0,33290,8858,0,34452,4575,179,33288,0,0,33311,0,0,33302,9512,9;
1701352358826;4511473,44904,1,7245,375,5,32408,0,0,34534,5625,0,33310,8333,6,32240,0,0,132037,0,0,33290,8860,1,34452,4575,179,33288,0,0,33311,0,0,33302,9515,10;
1701352359331;4511975,44904,1,7248,377,3,32408,0,0,34534,0,0,33310,8332,6,32240,0,0,132037,0,0,33290,8860,0,34452,4575,181,33288,0,0,33311,0,0,33302,9512,9;
1701352359518;4512172,44904,1,7248,378,2,32408,0,0,34534,0,0,33310,8332,6,32240,0,0,132037,0,0,33290,8860,0,34452,4576,178,33288,0,0,33311,0,0,33302,9512,8;
1701352359623;4512273,44904,1,7158,311,78,32408,0,0,34534,0,0,33310,8366,5,32240,0,0,132037,0,0,33290,8857,0,34452,4575,176,33288,0,0,33311,0,0,33302,9515,8;
1701352359721;4512374,44904,1,7250,378,3,32408,0,0,34534,0,0,33310,8331,5,32240,0,0,132037,0,0,33290,8860,1,34452,4574,175,33288,0,0,33311,0,0,33302,9515,8;
1701352359930;4512573,44904,1,7245,375,5,32408,0,0,34534,5534,0,33310,8333,5,32240,0,0,132037,0,0,33290,8860,0,34452,4575,175,33288,0,0,33311,0,0,33302,9516,8;
1701352360212;4512869,44904,1,7243,375,7,32408,0,0,34534,5603,0,33310,8333,5,32240,0,0,132037,0,0,33290,8859,1,34452,4575,178,33288,0,0,33311,0,0,33302,9516,8;
1701352360322;4512973,44904,1,7246,374,6,32408,0,0,34534,0,0,33310,8335,6,32240,0,0,132037,0,0,33290,8861,1,34452,4575,179,33288,0,0,33311,0,0,33302,9515,8;
1701352360423;4513073,44904,1,7163,310,76,32408,0,0,34534,0,0,33310,8368,5,32240,0,0,132037,0,0,33290,8861,1,34452,4576,180,33288,0,0,33311,0,0,33302,9515,8;
1701352360727;4513374,44904,1,7237,375,7,32408,0,0,34534,0,0,33310,8333,5,32240,0,0,132037,0,0,33290,8857,1,34452,4576,175,33288,0,0,33311,0,0,33302,9513,8;
1701352360917;4513573,44904,1,7160,313,78,32408,0,0,34534,0,0,33310,8365,5,32240,0,0,132037,0,0,33290,8857,1,34452,4574,177,33288,0,0,33311,0,0,33302,9518,8;
1701352361021;4513674,44904,1,7160,312,77,32408,0,0,34534,0,0,33310,8366,6,32240,0,0,132037,0,0,33290,8858,1,34452,4575,180,33288,0,0,33311,0,0,33302,9516,9;
1701352361217;4513872,44904,1,7240,375,6,32408,0,0,34534,0,0,33310,8333,6,32240,0,0,132037,0,0,33290,8858,1,34452,4576,177,33288,0,0,33311,0,0,33302,9511,9;
1701352361322;4513972,44904,1,7166,312,75,32408,0,0,34534,0,0,33310,8366,6,32240,0,0,132037,0,0,33290,8860,1,34452,4575,175,33288,0,0,33311,0,0,33302,9514,10;
1701352361436;4514075,44904,1,7153,304,85,32408,0,0,34534,0,0,33310,8370,6,32240,0,0,132037,0,0,33290,8859,1,34452,4575,178,33288,0,0,33311,0,0,33302,9510,10;
1701352361615;4514271,44904,1,7166,312,75,32408,0,0,34534,0,0,33310,8366,6,32240,0,0,132037,0,0,33290,8860,1,34452,4575,178,33288,0,0,33311,0,0,33302,9515,10;
1701352361736;4514374,44904,1,7242,378,5,32408,0,0,34534,0,0,33310,8331,6,32240,0,0,132037,0,0,33290,8857,1,34452,4575,175,33288,0,0,33311,0,0,33302,9513,10;
1701352361823;4514473,44904,1,7248,377,3,32408,0,0,34534,0,0,33310,8332,5,32240,0,0,132037,0,0,33290,8860,1,34452,4575,176,33288,0,0,33311,0,0,33302,9514,10;
1701352361936;4514569,44904,1,7245,380,3,32408,0,0,34534,0,0,33310,8330,5,32240,0,0,132037,0,0,33290,8857,1,34452,4575,177,33288,0,0,33311,0,0,33302,9510,10;
1701352362022;4514672,44904,1,7245,380,3,32408,0,0,34534,0,0,33310,8330,6,32240,0,0,132037,0,0,33290,8857,1,34452,4575,178,33288,0,0,33311,0,0,33302,9512,10;
1701352362123;4514772,44904,1,7250,380,0,32408,0,0,34534,0,0,33310,8331,6,32240,0,0,132037,0,0,33290,8860,1,34452,4576,179,33288,0,0,33311,0,0,33302,9511,10;
1701352362238;4514873,44904,1,7163,314,75,32408,0,0,34534,0,0,33310,8365,5,32240,0,0,132037,0,0,33290,8858,1,34452,4575,180,33288,0,0,33311,0,0,33302,9511,10;
1701352362325;4514974,44904,1,7245,379,2,32408,0,0,34534,0,0,33310,8331,6,32240,0,0,132037,0,0,33290,8858,1,34452,4576,180,33288,0,0,33311,0,0,33302,9512,10;
1701352362516;4515171,44904,1,7243,375,7,32408,0,0,34534,0,0,33310,8333,5,32240,0,0,132037,0,0,33290,8859,1,34452,4575,181,33288,0,0,33311,0,0,33302,9513,11;
1701352362730;4515373,44904,1,7232,373,10,32408,0,0,34534,0,0,33310,8335,5,32240,0,0,132037,0,0,33290,8856,1,34452,4576,182,33288,0,0,33311,0,0,33302,9510,10;
1701352362820;4515470,44904,1,7240,375,8,32408,0,0,34534,0,0,33310,8333,5,32240,0,0,132037,0,0,33290,8858,1,34452,4575,180,33288,0,0,33311,0,0,33302,9514,10;
1701352363030;4515672,44904,1,7243,372,8,32408,0,0,34534,0,0,33310,8336,5,32240,0,0,132037,0,0,33290,8861,1,34452,4575,174,33288,0,0,33311,0,0,33302,9514,10;
1701352363215;4515870,44904,1,7242,379,3,32408,0,0,34534,0,0,33310,8331,5,32240,0,0,132037,0,0,33290,8857,1,34452,4576,181,33288,0,0,33311,0,0,33302,9515,11;
1701352363319;4515971,44904,1,7243,374,6,32408,0,0,34534,0,0,33310,8335,5,32240,0,0,132037,0,0,33290,8860,1,34452,4576,185,33288,0,0,33311,0,0,33302,9517,11;
1701352363426;4516073,44904,1,7240,375,8,32408,0,0,34534,0,0,33310,8333,5,32240,0,0,132037,0,0,33290,8858,1,34452,4575,183,33288,0,0,33311,0,0,33302,9514,10;
1701352363614;4516269,44904,1,7241,370,11,32408,0,0,34534,0,0,33310,8337,5,32240,0,0,132037,0,0,33290,8861,1,34452,4575,178,33288,0,0,33311,0,0,33302,9516,11;
1701352363830;4516474,44904,1,7243,374,6,32408,0,0,34534,0,0,33310,8335,5,32240,0,0,132037,0,0,33290,8860,1,34452,4576,181,33288,0,0,33311,0,0,33302,9515,10;
1701352363928;4516572,44904,1,7243,377,6,32408,0,0,34534,0,0,33310,8332,5,32240,0,0,132037,0,0,33290,8858,1,34452,4575,181,33288,0,0,33311,0,0,33302,9512,9;
