1701352077590;4230199,44904,1,5989,321,160,32408,0,0,34534,8576,2,33310,8503,6,32240,0,0,132037,0,0,33290,8550,4,34452,4986,136,33288,0,0,33311,0,0,33302,8502,20;
1701352077702;4230301,44904,1,5982,322,165,32408,0,0,34534,8573,2,33310,8502,6,32240,0,0,132037,0,0,33290,8546,4,34452,4986,133,33288,0,0,33311,0,0,33302,8504,18;
1701352077799;4230402,44904,1,6069,388,62,32408,0,0,34534,8574,2,33310,8469,6,32240,0,0,132037,0,0,33290,8548,4,34452,4986,134,33288,0,0,33311,0,0,33302,8502,17;
1701352077895;4230503,44904,1,6069,391,59,32408,0,0,34534,8574,2,33310,8467,6,32240,0,0,132037,0,0,33290,8546,4,34452,4986,134,33288,0,0,33311,0,0,33302,8503,16;
1701352077987;4230598,44904,1,6064,385,69,32408,0,0,34534,8574,2,33310,8469,6,32240,0,0,132037,0,0,33290,8546,4,34452,4984,135,33288,0,0,33311,0,0,33302,8499,17;
1701352078209;4230802,44904,1,6064,386,67,32408,0,0,34534,8574,2,33310,8469,6,32240,0,0,132037,0,0,33290,8546,3,34452,4985,134,33288,0,0,33311,0,0,33302,8500,17;
1701352078293;4230903,44904,1,5984,321,165,32408,0,0,34534,8574,2,33310,8502,6,32240,0,0,132037,0,0,33290,8547,3,34452,4985,133,33288,0,0,33311,0,0,33302,8503,16;
1701352078404;4231004,44904,1,6074,388,58,32408,0,0,34534,8574,2,33310,8469,6,32240,0,0,132037,0,0,33290,8550,4,34452,4986,133,33288,0,0,33311,0,0,33302,8503,16;
1701352078584;4231201,44904,1,6066,389,62,32408,0,0,34534,8573,2,33310,8468,6,32240,0,0,132037,0,0,33290,8546,4,34452,4986,136,33288,0,0,33311,0,0,33302,8502,17;
1701352078692;4231302,44904,1,6066,389,62,32408,0,0,34534,8574,2,33310,8468,6,32240,0,0,132037,0,0,33290,8546,4,34452,4986,133,33288,0,0,33311,0,0,33302,8503,18;
1701352078804;4231403,44904,1,6068,392,58,32408,0,0,34534,8572,2,33310,8467,6,32240,0,0,132037,0,0,33290,8546,4,34452,4987,136,33288,0,0,33311,0,0,33302,8505,20;
1701352078895;4231498,44904,1,5982,321,167,32408,0,0,34534,8573,2,33310,8502,6,32240,0,0,132037,0,0,33290,8546,4,34452,4985,134,33288,0,0,33311,0,0,33302,8504,20;
1701352079099;4231703,44904,1,5982,322,165,32408,0,0,34534,8572,2,33310,8502,6,32240,0,0,132037,0,0,33290,8546,4,34452,4986,134,33288,0,0,33311,0,0,33302,8502,21;
1701352079195;4231801,44904,1,5992,325,157,32408,0,0,34534,8572,2,33310,8500,6,32240,0,0,132037,0,0,33290,8548,4,34452,4985,134,33288,0,0,33311,0,0,33302,8500,22;
1701352079304;4231903,44904,1,5992,329,152,32408,0,0,34534,8574,2,33310,8499,6,32240,0,0,132037,0,0,33290,8547,4,34452,4987,135,33288,0,0,33311,0,0,33302,8502,22;
1701352079388;4231998,44904,1,5982,323,163,32408,0,0,34534,8571,2,33310,8502,6,32240,0,0,132037,0,0,33290,8546,4,34452,4987,133,33288,0,0,33311,0,0,33302,8502,23;
1701352079502;4232101,44904,1,6066,391,61,32408,0,0,34534,8574,2,33310,8467,6,32240,0,0,132037,0,0,33290,8545,4,34452,4986,132,33288,0,0,33311,0,0,33302,8504,22;
1701352079595;4232202,44904,1,6066,387,65,32408,0,0,34534,8574,2,33310,8469,6,32240,0,0,132037,0,0,33290,8547,3,34452,4985,131,33288,0,0,33311,0,0,33302,8503,23;
1701352079696;4232305,44904,1,5979,318,169,32408,0,0,34534,8571,2,33310,8504,6,32240,0,0,132037,0,0,33290,8547,3,34452,4986,135,33288,0,0,33311,0,0,33302,8502,23;
1701352079787;4232398,44904,1,5984,324,162,32408,0,0,34534,8572,2,33310,8501,6,32240,0,0,132037,0,0,33290,8546,3,34452,4986,136,33288,0,0,33311,0,0,33302,8505,24;
1701352079902;4232502,44904,1,5987,326,159,32408,0,0,34534,8572,2,33310,8500,6,32240,0,0,132037,0,0,33290,8546,3,34452,4986,135,33288,0,0,33311,0,0,33302,8505,23;
1701352080005;4232602,44904,1,5994,328,152,32408,0,0,34534,8573,2,33310,8499,6,32240,0,0,132037,0,0,33290,8548,3,34452,4986,135,33288,0,0,33311,0,0,33302,8504,22;
1701352080099;4232704,44904,1,5984,320,164,32408,0,0,34534,8574,2,33310,8503,6,32240,0,0,132037,0,0,33290,8548,3,34452,4986,134,33288,0,0,33311,0,0,33302,8503,21;
1701352080392;4233003,44904,1,5992,326,155,32408,0,0,34534,8575,2,33310,8500,6,32240,0,0,132037,0,0,33290,8548,3,34452,4986,134,33288,0,0,33311,0,0,33302,8503,20;
1701352080501;4233103,44904,1,5982,318,167,32408,0,0,34534,8577,2,33310,8504,6,32240,0,0,132037,0,0,33290,8548,4,34452,4986,133,33288,0,0,33311,0,0,33302,8503,20;
1701352080587;4233199,44904,1,5989,324,158,32408,0,0,34534,8576,2,33310,8501,6,32240,0,0,132037,0,0,33290,8548,3,34452,4986,135,33288,0,0,33311,0,0,33302,8502,21;
1701352080701;4233303,44904,1,5992,325,156,32408,0,0,34534,8572,2,33310,8501,6,32240,0,0,132037,0,0,33290,8549,3,34452,4986,136,33288,0,0,33311,0,0,33302,8505,22;
1701352080992;4233598,44904,1,5982,322,165,32408,0,0,34534,8573,2,33310,8502,6,32240,0,0,132037,0,0,33290,8546,3,34452,4986,135,33288,0,0,33311,0,0,33302,8503,22;
1701352081101;4233703,44904,1,5989,324,157,32408,0,0,34534,8576,2,33310,8502,6,32240,0,0,132037,0,0,33290,8549,3,34452,4987,133,33288,0,0,33311,0,0,33302,8504,22;
1701352081197;4233801,44904,1,5982,323,164,32408,0,0,34534,8574,2,33310,8501,7,32240,0,0,132037,0,0,33290,8545,4,34452,4986,133,33288,0,0,33311,0,0,33302,8503,22;
1701352081296;4233903,44904,1,5994,327,153,32408,0,0,34534,8572,2,33310,8500,7,32240,0,0,132037,0,0,33290,8549,4,34452,4986,133,33288,0,0,33311,0,0,33302,8501,23;
1701352081400;4234003,44904,1,6074,392,57,32408,0,0,34534,8572,2,33310,8466,7,32240,0,0,132037,0,0,33290,8547,3,34452,4985,136,33288,0,0,33311,0,0,33302,8501,23;
1701352081583;4234201,44904,1,5994,328,152,32408,0,0,34534,8574,2,33310,8499,6,32240,0,0,132037,0,0,33290,8548,3,34452,4986,136,33288,0,0,33311,0,0,33302,8500,20;
1701352081797;4234403,44904,1,5984,324,162,32408,0,0,34534,8575,2,33310,8501,6,32240,0,0,132037,0,0,33290,8546,3,34452,4986,133,33288,0,0,33311,0,0,33302,8501,21;
1701352081983;4234601,44904,1,5987,324,160,32408,0,0,34534,8573,2,33310,8501,7,32240,0,0,132037,0,0,33290,8547,4,34452,4986,133,33288,0,0,33311,0,0,33302,8500,22;
1701352082103;4234702,44904,1,5997,330,149,32408,0,0,34534,8573,2,33310,8498,7,32240,0,0,132037,0,0,33290,8548,3,34452,4986,133,33288,0,0,33311,0,0,33302,8501,22;
1701352082282;4234898,44904,1,5992,328,154,32408,0,0,34534,8574,2,33310,8499,7,32240,0,0,132037,0,0,33290,8547,3,34452,4986,130,33288,0,0,33311,0,0,33302,8501,22;
1701352082589;4235202,44904,1,5984,324,162,32408,0,0,34534,8573,2,33310,8501,6,32240,0,0,132037,0,0,33290,8546,3,34452,4986,135,33288,0,0,33311,0,0,33302,8503,22;
1701352082798;4235402,44904,1,6069,393,58,32408,0,0,34534,8574,2,33310,8466,7,32240,0,0,132037,0,0,33290,8545,4,34452,4986,135,33288,0,0,33311,0,0,33302,8501,21;
1701352083090;4235698,44904,1,5994,328,152,32408,0,0,34534,8574,2,33310,8499,7,32240,0,0,132037,0,0,33290,8548,3,34452,4986,138,33288,0,0,33311,0,0,33302,8500,24;
1701352083297;4235902,44904,1,5984,325,161,32408,0,0,34534,8575,2,33310,8500,7,32240,0,0,132037,0,0,33290,8545,3,34452,4986,139,33288,0,0,33311,0,0,33302,8501,24;
1701352083590;4236199,44904,1,5974,320,173,32408,0,0,34534,8573,2,33310,8502,7,32240,0,0,132037,0,0,33290,8543,3,34452,4985,142,33288,0,0,33311,0,0,33302,8501,23;
1701352083698;4236302,44904,1,5989,328,156,32408,0,0,34534,8572,2,33310,8499,7,32240,0,0,132037,0,0,33290,8546,4,34452,4986,142,33288,0,0,33311,0,0,33302,8501,22;
1701352083804;4236402,44904,1,6069,394,59,32408,0,0,34534,8571,2,33310,8465,7,32240,0,0,132037,0,0,33290,8544,4,34452,4985,136,33288,0,0,33311,0,0,33302,8504,22;
1701352083902;4236503,44904,1,5987,325,162,32408,0,0,34534,8575,2,33310,8499,7,32240,0,0,132037,0,0,33290,8545,3,34452,4984,134,33288,0,0,33311,0,0,33302,8500,21;
1701352084096;4236702,44904,1,5992,329,155,32408,0,0,34534,8574,2,33310,8498,7,32240,0,0,132037,0,0,33290,8546,4,34452,4985,134,33288,0,0,33311,0,0,33302,8501,21;
1701352084296;4236901,44904,1,5992,329,155,32408,0,0,34534,8573,2,33310,8498,7,32240,0,0,132037,0,0,33290,8546,4,34452,4985,137,33288,0,0,33311,0,0,33302,8501,21;
1701352084402;4237003,44904,1,5992,329,155,32408,0,0,34534,8576,2,33310,8498,7,32240,0,0,132037,0,0,33290,8546,3,34452,4985,135,33288,0,0,33311,0,0,33302,8502,21;
1701352084500;4237100,44904,1,5979,320,168,32408,0,0,34534,8576,2,33310,8503,7,32240,0,0,132037,0,0,33290,8546,4,34452,4986,134,33288,0,0,33311,0,0,33302,8501,22;
1701352084594;4237200,44904,1,5977,321,169,32408,0,0,34534,8574,2,33310,8502,7,32240,0,0,132037,0,0,33290,8544,4,34452,4986,133,33288,0,0,33311,0,0,33302,8499,22;
1701352084699;4237302,44904,1,5972,319,174,32408,0,0,34534,8572,2,33310,8503,7,32240,0,0,132037,0,0,33290,8543,4,34452,4986,130,33288,0,0,33311,0,0,33302,8501,21;
1701352084801;4237402,44904,1,5977,321,169,32408,0,0,34534,8574,2,33310,8502,7,32240,0,0,132037,0,0,33290,8544,4,34452,4986,133,33288,0,0,33311,0,0,33302,8502,21;
1701352084897;4237499,44904,1,6066,392,59,32408,0,0,34534,8573,2,33310,8467,7,32240,0,0,132037,0,0,33290,8545,4,34452,4987,133,33288,0,0,33311,0,0,33302,8501,20;
1701352084999;4237600,44904,1,5972,320,173,32408,0,0,34534,8573,2,33310,8502,7,32240,0,0,132037,0,0,33290,8542,4,34452,4986,135,33288,0,0,33311,0,0,33302,8503,21;
1701352085103;4237704,44904,1,5977,323,168,32408,0,0,34534,8573,2,33310,8501,6,32240,0,0,132037,0,0,33290,8543,4,34452,4986,132,33288,0,0,33311,14704,0,33302,8501,20;
1701352085198;4237803,44904,1,5977,321,169,32408,0,0,34534,8573,2,33310,8502,7,32240,0,0,132037,0,0,33290,8544,4,34452,4986,133,33288,0,0,33311,14687,0,33302,8503,21;
1701352085491;4238101,44904,1,5972,322,172,32408,0,0,34534,8571,2,33310,8501,7,32240,0,0,132037,0,0,33290,8541,4,34452,4986,131,33288,0,0,33311,14587,0,33302,8502,20;
1701352085616;4238201,44904,1,5984,329,159,32408,0,0,34534,8575,2,33310,8498,7,32240,0,0,132037,0,0,33290,8543,4,34452,4986,131,33288,0,0,33311,14564,0,33302,8501,20;
1701352085704;4238302,44904,1,6066,392,63,32408,0,0,34534,8573,2,33310,8465,7,32240,0,0,132037,0,0,33290,8543,4,34452,4984,133,33288,0,0,33311,14569,0,33302,8505,19;
1701352085798;4238398,44904,1,5987,328,159,32408,0,0,34534,8573,2,33310,8498,7,32240,0,0,132037,0,0,33290,8544,4,34452,4985,138,33288,0,0,33311,14577,0,33302,8500,18;
1701352085892;4238501,44904,1,5976,324,166,32408,0,0,34534,8571,2,33310,8501,7,32240,0,0,132037,0,0,33290,8543,4,34452,4987,137,33288,0,0,33311,14584,0,33302,8502,18;
1701352086096;4238702,44904,1,5977,323,168,32408,0,0,34534,8572,2,33310,8501,7,32240,0,0,132037,0,0,33290,8543,4,34452,4986,138,33288,0,0,33311,14748,0,33302,8501,16;
1701352086391;4239001,44904,1,5982,327,162,32408,0,0,34534,8572,2,33310,8499,7,32240,0,0,132037,0,0,33290,8543,4,34452,4986,135,33288,0,0,33311,0,0,33302,8506,17;
1701352086500;4239102,44904,1,5989,327,158,32408,0,0,34534,8572,2,33310,8499,6,32240,0,0,132037,0,0,33290,8546,4,34452,4985,134,33288,0,0,33311,0,0,33302,8501,17;
1701352086584;4239198,44904,1,5982,325,163,32408,0,0,34534,8574,2,33310,8500,7,32240,0,0,132037,0,0,33290,8544,4,34452,4986,132,33288,0,0,33311,0,0,33302,8501,17;
1701352086701;4239301,44904,1,5982,325,163,32408,0,0,34534,8573,2,33310,8500,7,32240,0,0,132037,0,0,33290,8544,4,34452,4986,132,33288,0,0,33311,0,0,33302,8502,19;
1701352086800;4239401,44904,1,5982,322,165,32408,0,0,34534,8574,2,33310,8502,7,32240,0,0,132037,0,0,33290,8546,4,34452,4986,133,33288,0,0,33311,0,0,33302,8504,19;
1701352086897;4239502,44904,1,5987,326,160,32408,0,0,34534,8573,2,33310,8499,7,32240,0,0,132037,0,0,33290,8545,3,34452,4985,135,33288,0,0,33311,0,0,33302,8503,20;
1701352087097;4239700,44904,1,5977,319,170,32408,0,0,34534,8575,2,33310,8503,7,32240,0,0,132037,0,0,33290,8545,4,34452,4986,140,33288,0,0,33311,0,0,33302,8503,19;
1701352087294;4239902,44904,1,5984,324,162,32408,0,0,34534,8572,2,33310,8501,7,32240,0,0,132037,0,0,33290,8546,4,34452,4986,139,33288,0,0,33311,0,0,33302,8501,18;
1701352087400;4240004,44904,1,5982,322,166,32408,0,0,34534,8572,2,33310,8501,7,32240,0,0,132037,0,0,33290,8545,4,34452,4985,139,33288,0,0,33311,0,0,33302,8503,18;
1701352087487;4240098,44904,1,5982,323,164,32408,0,0,34534,8574,2,33310,8501,7,32240,0,0,132037,0,0,33290,8545,4,34452,4986,140,33288,0,0,33311,0,0,33302,8501,17;
1701352087599;4240201,44904,1,5979,325,165,32408,0,0,34534,8571,2,33310,8500,7,32240,0,0,132037,0,0,33290,8543,4,34452,4986,139,33288,0,0,33311,0,0,33302,8501,17;
1701352087890;4240498,44904,1,5982,325,163,32408,0,0,34534,8572,2,33310,8500,7,32240,0,0,132037,0,0,33290,8544,4,34452,4986,139,33288,0,0,33311,0,0,33302,8501,18;
1701352088003;4240600,44904,1,5979,321,167,32408,0,0,34534,8572,2,33310,8502,7,32240,0,0,132037,0,0,33290,8545,3,34452,4986,136,33288,0,0,33311,0,0,33302,8503,18;
1701352088102;4240704,44904,1,5982,324,165,32408,0,0,34534,8575,2,33310,8500,7,32240,0,0,132037,0,0,33290,8544,3,34452,4985,133,33288,0,0,33311,0,0,33302,8501,19;
1701352088199;4240801,44904,1,5992,331,152,32408,0,0,34534,8572,2,33310,8497,7,32240,0,0,132037,0,0,33290,8545,4,34452,4986,134,33288,0,0,33311,0,0,33302,8505,20;
1701352088299;4240902,44904,1,5989,328,156,32408,0,0,34534,8576,2,33310,8499,7,32240,0,0,132037,0,0,33290,8546,3,34452,4986,136,33288,0,0,33311,0,0,33302,8501,20;
1701352088589;4241201,44904,1,5977,324,167,32408,0,0,34534,8570,2,33310,8500,7,32240,0,0,132037,0,0,33290,8542,4,34452,4986,138,33288,0,0,33311,0,0,33302,8502,21;
1701352088793;4241399,44904,1,5984,327,160,32408,0,0,34534,8570,2,33310,8499,6,32240,0,0,132037,0,0,33290,8544,4,34452,4986,141,33288,0,0,33311,0,0,33302,8503,22;
1701352089087;4241702,44904,1,5989,328,156,32408,0,0,34534,8572,2,33310,8499,7,32240,0,0,132037,0,0,33290,8546,4,34452,4986,137,33288,0,0,33311,0,0,33302,8502,22;
1701352089389;4242000,44904,1,5994,329,153,32408,0,0,34534,8572,2,33310,8498,7,32240,0,0,132037,0,0,33290,8547,3,34452,4985,140,33288,0,0,33311,0,0,33302,8504,20;
1701352089490;4242102,44904,1,5984,328,161,32408,0,0,34534,8572,2,33310,8498,7,32240,0,0,132037,0,0,33290,8543,3,34452,4985,140,33288,0,0,33311,0,0,33302,8502,20;
1701352089598;4242203,44904,1,5977,320,171,32408,0,0,34534,8573,2,33310,8502,7,32240,0,0,132037,0,0,33290,8544,3,34452,4985,140,33288,0,0,33311,0,0,33302,8501,20;
1701352089683;4242298,44904,1,5994,327,154,32408,0,0,34534,8573,2,33310,8499,7,32240,0,0,132037,0,0,33290,8548,3,34452,4985,140,33288,0,0,33311,0,0,33302,8501,20;
1701352089792;4242400,44904,1,5982,323,164,32408,0,0,34534,8576,2,33310,8501,7,32240,0,0,132037,0,0,33290,8545,3,34452,4986,140,33288,0,0,33311,0,0,33302,8504,20;
1701352089892;4242501,44904,1,5997,332,148,32408,0,0,34534,8574,2,33310,8497,6,32240,0,0,132037,0,0,33290,8547,3,34452,4986,135,33288,0,0,33311,0,0,33302,8501,20;
1701352090094;4242702,44904,1,6071,395,56,32408,0,0,34534,8572,2,33310,8465,6,32240,0,0,132037,0,0,33290,8545,3,34452,4986,135,33288,0,0,33311,0,0,33302,8504,21;
1701352090200;4242803,44904,1,5972,319,174,32408,0,0,34534,8575,2,33310,8503,7,32240,0,0,132037,0,0,33290,8543,3,34452,4986,136,33288,0,0,33311,0,0,33302,8500,21;
1701352090303;4242900,44904,1,5994,329,153,32408,0,0,34534,8570,2,33310,8498,7,32240,0,0,132037,0,0,33290,8547,3,34452,4985,135,33288,0,0,33311,0,0,33302,8503,22;
1701352090386;4243002,44904,1,6071,394,57,32408,0,0,34534,8573,2,33310,8465,6,32240,0,0,132037,0,0,33290,8545,3,34452,4985,134,33288,0,0,33311,0,0,33302,8503,22;
1701352090486;4243101,44904,1,5987,325,161,32408,0,0,34534,8571,2,33310,8500,6,32240,0,0,132037,0,0,33290,8546,4,34452,4985,135,33288,0,0,33311,0,0,33302,8502,22;
1701352090585;4243197,44904,1,5979,320,169,32408,0,0,34534,8575,2,33310,8502,7,32240,0,0,132037,0,0,33290,8545,3,34452,4985,134,33288,0,0,33311,0,0,33302,8503,22;
1701352090798;4243401,44904,1,5984,319,166,32408,0,0,34534,8574,2,33310,8503,6,32240,0,0,132037,0,0,33290,8548,3,34452,4985,134,33288,0,0,33311,0,0,33302,8500,21;
1701352090883;4243501,44904,1,5982,321,168,32408,0,0,34534,8572,2,33310,8501,7,32240,0,0,132037,0,0,33290,8545,3,34452,4984,133,33288,0,0,33311,0,0,33302,8503,21;
1701352091031;4243597,44904,1,5977,320,171,32408,0,0,34534,8573,2,33310,8502,7,32240,0,0,132037,0,0,33290,8544,3,34452,4985,133,33288,0,0,33311,0,0,33302,8500,21;
1701352091199;4243801,44904,1,5992,330,154,32408,0,0,34534,8571,2,33310,8497,7,32240,0,0,132037,0,0,33290,8545,4,34452,4985,135,33288,0,0,33311,0,0,33302,8504,21;
1701352091299;4243902,44904,1,5984,323,164,32408,0,0,34534,8575,2,33310,8501,7,32240,0,0,132037,0,0,33290,8546,3,34452,4985,136,33288,0,0,33311,0,0,33302,8501,21;
1701352091494;4244101,44904,1,5992,329,155,32408,0,0,34534,8574,2,33310,8498,7,32240,0,0,132037,0,0,33290,8546,3,34452,4985,137,33288,0,0,33311,14762,0,33302,8502,21;
1701352091595;4244201,44904,1,5987,326,160,32408,0,0,34534,8572,2,33310,8499,7,32240,0,0,132037,0,0,33290,8545,3,34452,4985,139,33288,0,0,33311,14669,0,33302,8506,21;
1701352091701;4244302,44904,1,5992,330,153,32408,0,0,34534,8574,2,33310,8498,7,32240,0,0,132037,0,0,33290,8546,3,34452,4986,139,33288,0,0,33311,14628,0,33302,8503,20;
1701352091795;4244397,44904,1,5982,322,166,32408,0,0,34534,8574,2,33310,8501,7,32240,0,0,132037,0,0,33290,8545,3,34452,4985,139,33288,0,0,33311,14563,0,33302,8503,19;
1701352091894;4244500,44904,1,5984,324,162,32408,0,0,34534,8571,2,33310,8501,7,32240,0,0,132037,0,0,33290,8546,4,34452,4986,139,33288,0,0,33311,14558,0,33302,8501,18;
1701352091996;4244601,44904,1,5989,327,158,32408,0,0,34534,8573,2,33310,8499,7,32240,0,0,132037,0,0,33290,8546,3,34452,4985,138,33288,0,0,33311,14563,0,33302,8502,18;
1701352092288;4244898,44904,1,5987,325,161,32408,0,0,34534,8572,2,33310,8500,7,32240,0,0,132037,0,0,33290,8546,3,34452,4985,134,33288,0,0,33311,14595,0,33302,8503,19;
1701352092398;4245000,44904,1,5989,327,158,32408,0,0,34534,8573,2,33310,8499,7,32240,0,0,132037,0,0,33290,8546,4,34452,4985,134,33288,0,0,33311,14555,0,33302,8501,19;
1701352092498;4245102,44904,1,5994,331,152,32408,0,0,34534,8575,2,33310,8497,7,32240,0,0,132037,0,0,33290,8546,4,34452,4985,136,33288,0,0,33311,14563,0,33302,8504,18;
1701352092596;4245197,44904,1,5977,319,170,32408,0,0,34534,8573,2,33310,8503,7,32240,0,0,132037,0,0,33290,8545,4,34452,4986,137,33288,0,0,33311,14513,0,33302,8503,17;
1701352092690;4245300,44904,1,5979,325,165,32408,0,0,34534,8574,2,33310,8500,7,32240,0,0,132037,0,0,33290,8543,4,34452,4986,136,33288,0,0,33311,14564,0,33302,8501,18;
1701352092797;4245402,44904,1,5982,322,166,32408,0,0,34534,8575,2,33310,8501,7,32240,0,0,132037,0,0,33290,8545,3,34452,4985,136,33288,0,0,33311,14574,0,33302,8501,17;
1701352092890;4245502,44904,1,5992,329,155,32408,0,0,34534,8572,2,33310,8498,7,32240,0,0,132037,0,0,33290,8546,3,34452,4985,137,33288,0,0,33311,14558,0,33302,8502,18;
1701352092983;4245597,44904,1,5987,325,161,32408,0,0,34534,8572,2,33310,8500,7,32240,0,0,132037,0,0,33290,8546,3,34452,4985,138,33288,0,0,33311,14622,0,33302,8503,19;
1701352093193;4245802,44904,1,6074,394,56,32408,0,0,34534,8572,2,33310,8465,7,32240,0,0,132037,0,0,33290,8546,3,34452,4985,138,33288,0,0,33311,14585,0,33302,8501,20;
1701352093294;4245902,44904,1,5987,324,160,32408,0,0,34534,8575,2,33310,8501,6,32240,0,0,132037,0,0,33290,8547,3,34452,4986,138,33288,0,0,33311,14563,0,33302,8502,21;
1701352093402;4245996,44904,1,5992,327,156,32408,0,0,34534,8575,2,33310,8499,7,32240,0,0,132037,0,0,33290,8547,3,34452,4985,138,33288,0,0,33311,14543,0,33302,8502,22;
1701352093500;4246100,44904,1,5992,328,154,32408,0,0,34534,8574,2,33310,8499,7,32240,0,0,132037,0,0,33290,8547,3,34452,4986,139,33288,0,0,33311,14514,0,33302,8502,22;
1701352093600;4246201,44904,1,5992,327,156,32408,0,0,34534,8572,2,33310,8499,7,32240,0,0,132037,0,0,33290,8547,3,34452,4985,138,33288,0,0,33311,14556,0,33302,8502,22;
1701352093699;4246301,44904,1,5982,322,166,32408,0,0,34534,8575,2,33310,8501,6,32240,0,0,132037,0,0,33290,8545,3,34452,4985,136,33288,0,0,33311,14525,0,33302,8501,22;
1701352093781;4246397,44904,1,5984,323,164,32408,0,0,34534,8575,2,33310,8501,7,32240,0,0,132037,0,0,33290,8546,4,34452,4985,135,33288,0,0,33311,14536,0,33302,8500,21;
1701352094087;4246702,44904,1,5982,322,165,32408,0,0,34534,8574,2,33310,8502,6,32240,0,0,132037,0,0,33290,8546,3,34452,4986,138,33288,0,0,33311,14501,0,33302,8501,21;
1701352094197;4246798,44904,1,5984,322,163,32408,0,0,34534,8573,2,33310,8502,7,32240,0,0,132037,0,0,33290,8547,3,34452,4986,138,33288,0,0,33311,14513,0,33302,8500,21;
1701352094300;4246900,44904,1,5977,321,169,32408,0,0,34534,8570,2,33310,8502,7,32240,0,0,132037,0,0,33290,8544,3,34452,4986,141,33288,0,0,33311,14513,0,33302,8502,21;
1701352094397;4247000,44904,1,5987,326,160,32408,0,0,34534,8570,2,33310,8499,7,32240,0,0,132037,0,0,33290,8545,4,34452,4985,140,33288,0,0,33311,14456,0,33302,8503,21;
1701352094495;4247101,44904,1,5989,327,159,32408,0,0,34534,8574,2,33310,8498,7,32240,0,0,132037,0,0,33290,8545,3,34452,4984,137,33288,0,0,33311,14445,0,33302,8502,20;
1701352094595;4247197,44904,1,5989,327,158,32408,0,0,34534,8573,2,33310,8499,7,32240,0,0,132037,0,0,33290,8546,4,34452,4985,137,33288,0,0,33311,14467,0,33302,8504,21;
1701352094696;4247300,44904,1,5994,330,151,32408,0,0,34534,8570,2,33310,8498,7,32240,0,0,132037,0,0,33290,8547,4,34452,4986,135,33288,0,0,33311,14461,0,33302,8501,21;
1701352094790;4247401,44904,1,5987,324,163,32408,0,0,34534,8573,2,33310,8500,7,32240,0,0,132037,0,0,33290,8546,4,34452,4984,136,33288,0,0,33311,14455,0,33302,8503,22;
1701352094890;4247502,44904,1,5992,329,155,32408,0,0,34534,8575,2,33310,8498,7,32240,0,0,132037,0,0,33290,8546,4,34452,4985,134,33288,0,0,33311,14476,0,33302,8503,22;
1701352095282;4247901,44904,1,5974,318,174,32408,0,0,34534,8572,2,33310,8503,7,32240,0,0,132037,0,0,33290,8544,4,34452,4985,139,33288,0,0,33311,14500,0,33302,8501,20;
1701352095396;4248002,44904,1,6074,394,56,32408,0,0,34534,8572,2,33310,8465,7,32240,0,0,132037,0,0,33290,8546,4,34452,4985,138,33288,0,0,33311,14510,0,33302,8499,20;
1701352095500;4248100,44904,1,5977,322,170,32408,0,0,34534,8572,2,33310,8501,7,32240,0,0,132037,0,0,33290,8543,4,34452,4985,140,33288,0,0,33311,14506,0,33302,8503,21;
1701352095596;4248196,44904,1,5979,323,166,32408,0,0,34534,8575,2,33310,8501,7,32240,0,0,132037,0,0,33290,8544,4,34452,4986,141,33288,0,0,33311,14500,0,33302,8501,21;
1701352095887;4248400,44904,1,5987,324,163,32408,0,0,34534,8572,2,33310,8500,7,32240,0,0,132037,0,0,33290,8546,3,34452,4984,141,33288,0,0,33311,14545,0,33302,8502,21;
1701352095938;4248501,44904,1,5989,326,160,32408,0,0,34534,8574,2,33310,8499,7,32240,0,0,132037,0,0,33290,8546,4,34452,4984,139,33288,0,0,33311,14540,0,33302,8503,20;
1701352095983;4248596,44904,1,5979,325,165,32408,0,0,34534,8571,2,33310,8500,7,32240,0,0,132037,0,0,33290,8543,4,34452,4986,136,33288,0,0,33311,14555,0,33302,8503,21;
1701352096094;4248700,44904,1,5992,329,155,32408,0,0,34534,8573,2,33310,8498,7,32240,0,0,132037,0,0,33290,8546,4,34452,4985,137,33288,0,0,33311,14514,0,33302,8504,21;
1701352096293;4248901,44904,1,5999,333,147,32408,0,0,34534,8571,2,33310,8496,7,32240,0,0,132037,0,0,33290,8547,3,34452,4985,136,33288,0,0,33311,14518,0,33302,8505,21;
1701352096395;4249002,44904,1,5992,327,156,32408,0,0,34534,8574,2,33310,8499,7,32240,0,0,132037,0,0,33290,8547,3,34452,4985,134,33288,0,0,33311,14538,0,33302,8504,20;
1701352096496;4249098,44904,1,5994,326,156,32408,0,0,34534,8571,2,33310,8499,7,32240,0,0,132037,0,0,33290,8548,3,34452,4984,133,33288,0,0,33311,14505,0,33302,8502,20;
1701352096598;4249199,44904,1,5987,325,162,32408,0,0,34534,8572,2,33310,8499,7,32240,0,0,132037,0,0,33290,8545,3,34452,4984,133,33288,0,0,33311,14611,0,33302,8503,20;
1701352096712;4249300,44904,1,5982,324,165,32408,0,0,34534,8573,2,33310,8500,7,32240,0,0,132037,0,0,33290,8544,3,34452,4985,134,33288,0,0,33311,14559,0,33302,8503,20;
1701352096793;4249401,44904,1,5984,325,161,32408,0,0,34534,8575,2,33310,8500,7,32240,0,0,132037,0,0,33290,8545,3,34452,4986,133,33288,0,0,33311,14561,0,33302,8500,19;
1701352096913;4249498,44904,1,5987,326,160,32408,0,0,34534,8571,2,33310,8499,7,32240,0,0,132037,0,0,33290,8545,3,34452,4985,135,33288,0,0,33311,14562,0,33302,8504,19;
1701352097093;4249700,44904,1,5992,332,153,32408,0,0,34534,8573,2,33310,8496,7,32240,0,0,132037,0,0,33290,8544,3,34452,4985,135,33288,0,0,33311,14549,0,33302,8501,18;
1701352097190;4249802,44904,1,5992,328,158,32408,0,0,34534,8572,2,33310,8497,7,32240,0,0,132037,0,0,33290,8545,3,34452,4983,138,33288,0,0,33311,14570,0,33302,8502,18;
1701352097292;4249897,44904,1,5994,330,154,32408,0,0,34534,8574,2,33310,8497,7,32240,0,0,132037,0,0,33290,8546,3,34452,4984,138,33288,0,0,33311,14563,0,33302,8501,20;
1701352097396;4250000,44904,1,5984,327,160,32408,0,0,34534,8573,2,33310,8499,7,32240,0,0,132037,0,0,33290,8544,4,34452,4986,138,33288,0,0,33311,14543,0,33302,8502,21;
1701352097593;4250201,44904,1,5992,329,155,32408,0,0,34534,8572,2,33310,8498,7,32240,0,0,132037,0,0,33290,8546,3,34452,4985,136,33288,0,0,33311,14602,0,33302,8501,19;
1701352097791;4250398,44904,1,5987,325,161,32408,0,0,34534,8573,2,33310,8500,7,32240,0,0,132037,0,0,33290,8546,4,34452,4985,137,33288,0,0,33311,14576,0,33302,8505,20;
1701352097895;4250499,44904,1,5979,324,167,32408,0,0,34534,8575,2,33310,8500,7,32240,0,0,132037,0,0,33290,8543,3,34452,4985,133,33288,0,0,33311,14532,0,33302,8503,20;
1701352098000;4250601,44904,1,5992,329,155,32408,0,0,34534,8571,2,33310,8498,7,32240,0,0,132037,0,0,33290,8546,3,34452,4985,136,33288,0,0,33311,14539,0,33302,8502,20;
1701352098285;4250798,44904,1,5984,323,164,32408,0,0,34534,8574,2,33310,8501,7,32240,0,0,132037,0,0,33290,8546,3,34452,4985,134,33288,0,0,33311,14534,0,33302,8503,21;
1701352098396;4251000,44904,1,5992,329,155,32408,0,0,34534,8574,2,33310,8498,7,32240,0,0,132037,0,0,33290,8546,3,34452,4985,137,33288,0,0,33311,14555,0,33302,8503,19;
1701352098576;4251196,44904,1,5992,329,155,32408,0,0,34534,8576,2,33310,8498,7,32240,0,0,132037,0,0,33290,8546,4,34452,4985,134,33288,0,0,33311,14517,0,33302,8501,19;
1701352098694;4251299,44904,1,5989,327,158,32408,0,0,34534,8574,2,33310,8499,7,32240,0,0,132037,0,0,33290,8546,3,34452,4985,136,33288,0,0,33311,14544,0,33302,8502,19;
1701352098791;4251401,44904,1,5987,322,161,32408,0,0,34534,8574,2,33310,8502,7,32240,0,0,132037,0,0,33290,8548,3,34452,4986,135,33288,0,0,33311,14578,0,33302,8503,19;
1701352098896;4251501,44904,1,5987,326,160,32408,0,0,34534,8575,2,33310,8499,7,32240,0,0,132037,0,0,33290,8545,3,34452,4985,134,33288,0,0,33311,14537,0,33302,8504,20;
1701352098996;4251596,44904,1,5984,323,164,32408,0,0,34534,8574,2,33310,8501,7,32240,0,0,132037,0,0,33290,8546,3,34452,4985,135,33288,0,0,33311,14547,0,33302,8502,21;
1701352099093;4251699,44904,1,5992,325,157,32408,0,0,34534,8573,2,33310,8500,7,32240,0,0,132037,0,0,33290,8548,4,34452,4985,134,33288,0,0,33311,14578,0,33302,8505,21;
1701352099290;4251901,44904,1,5992,324,158,32408,0,0,34534,8572,2,33310,8501,7,32240,0,0,132037,0,0,33290,8549,4,34452,4985,134,33288,0,0,33311,14582,0,33302,8502,22;
1701352099583;4252201,44904,1,5989,325,159,32408,0,0,34534,8573,2,33310,8500,7,32240,0,0,132037,0,0,33290,8547,3,34452,4985,137,33288,0,0,33311,14720,0,33302,8503,22;
1701352099689;4252301,44904,1,5994,327,154,32408,0,0,34534,8575,2,33310,8499,7,32240,0,0,132037,0,0,33290,8548,3,34452,4985,136,33288,0,0,33311,14695,0,33302,8504,22;
1701352099795;4252396,44904,1,6002,332,146,32408,0,0,34534,8573,2,33310,8497,7,32240,0,0,132037,0,0,33290,8549,3,34452,4985,132,33288,0,0,33311,14642,0,33302,8504,21;
1701352100083;4252701,44904,1,5987,326,159,32408,0,0,34534,8575,2,33310,8500,7,32240,0,0,132037,0,0,33290,8546,3,34452,4986,133,33288,0,0,33311,14650,0,33302,8503,20;
1701352100288;4252899,44904,1,5989,328,156,32408,0,0,34534,8573,2,33310,8499,7,32240,0,0,132037,0,0,33290,8546,3,34452,4986,134,33288,0,0,33311,14735,0,33302,8503,20;
1701352100394;4253000,44904,1,5992,328,154,32408,0,0,34534,8574,2,33310,8499,7,32240,0,0,132037,0,0,33290,8547,3,34452,4986,135,33288,0,0,33311,14606,0,33302,8503,20;
1701352100492;4253102,44904,1,5979,322,168,32408,0,0,34534,8572,2,33310,8501,7,32240,0,0,132037,0,0,33290,8544,3,34452,4985,135,33288,0,0,33311,14708,0,33302,8505,18;
1701352100592;4253197,44904,1,5982,323,164,32408,0,0,34534,8572,2,33310,8501,7,32240,0,0,132037,0,0,33290,8545,4,34452,4986,137,33288,0,0,33311,14564,0,33302,8502,20;
1701352100695;4253298,44904,1,6069,390,61,32408,0,0,34534,8572,2,33310,8467,7,32240,0,0,132037,0,0,33290,8546,3,34452,4985,137,33288,0,0,33311,14565,0,33302,8502,20;
1701352100788;4253400,44904,1,6071,393,57,32408,0,0,34534,8574,2,33310,8466,7,32240,0,0,132037,0,0,33290,8546,3,34452,4986,138,33288,0,0,33311,14575,0,33302,8501,20;
1701352100989;4253601,44904,1,5984,324,163,32408,0,0,34534,8575,2,33310,8500,7,32240,0,0,132037,0,0,33290,8545,4,34452,4985,136,33288,0,0,33311,14787,0,33302,8503,20;
1701352101187;4253799,44904,1,6071,392,56,32408,0,0,34534,8572,2,33310,8467,6,32240,0,0,132037,0,0,33290,8547,3,34452,4987,132,33288,0,0,33311,14712,0,33302,8505,19;
1701352101388;4254000,44904,1,5974,319,172,32408,0,0,34534,8572,2,33310,8503,6,32240,0,0,132037,0,0,33290,8544,3,34452,4986,133,33288,0,0,33311,14672,0,33302,8502,20;
1701352101589;4254197,44904,1,6069,393,58,32408,0,0,34534,8572,2,33310,8466,7,32240,0,0,132037,0,0,33290,8545,3,34452,4986,131,33288,0,0,33311,14550,0,33302,8504,20;
1701352101693;4254299,44904,1,5984,326,162,32408,0,0,34534,8574,2,33310,8499,6,32240,0,0,132037,0,0,33290,8544,3,34452,4985,136,33288,0,0,33311,14568,0,33302,8503,20;
1701352101890;4254501,44904,1,5984,326,159,32408,0,0,34534,8572,2,33310,8500,7,32240,0,0,132037,0,0,33290,8545,4,34452,4987,136,33288,0,0,33311,14556,0,33302,8503,19;
1701352101992;4254596,44904,1,5987,327,158,32408,0,0,34534,8572,2,33310,8499,7,32240,0,0,132037,0,0,33290,8545,4,34452,4986,137,33288,0,0,33311,14611,0,33302,8503,19;
1701352102091;4254701,44904,1,6069,393,58,32408,0,0,34534,8572,2,33310,8466,7,32240,0,0,132037,0,0,33290,8545,3,34452,4986,135,33288,0,0,33311,14567,0,33302,8502,19;
1701352102192;4254800,44904,1,5982,325,163,32408,0,0,34534,8574,2,33310,8500,7,32240,0,0,132037,0,0,33290,8544,4,34452,4986,131,33288,0,0,33311,14564,0,33302,8503,17;
1701352102284;4254901,44904,1,5984,325,161,32408,0,0,34534,8572,2,33310,8500,7,32240,0,0,132037,0,0,33290,8545,4,34452,4986,136,33288,0,0,33311,14567,0,33302,8503,18;
1701352102379;4254996,44904,1,5984,327,160,32408,0,0,34534,8572,2,33310,8499,7,32240,0,0,132037,0,0,33290,8544,4,34452,4986,136,33288,0,0,33311,14533,0,33302,8502,19;
1701352102493;4255099,44904,1,6068,394,57,32408,0,0,34534,8573,2,33310,8466,7,32240,0,0,132037,0,0,33290,8545,3,34452,4987,135,33288,0,0,33311,14491,0,33302,8502,19;
1701352102594;4255200,44904,1,5979,323,166,32408,0,0,34534,8572,2,33310,8501,7,32240,0,0,132037,0,0,33290,8544,3,34452,4986,136,33288,0,0,33311,14501,0,33302,8502,19;
1701352102788;4255402,44904,1,5982,326,164,32408,0,0,34534,8571,2,33310,8499,7,32240,0,0,132037,0,0,33290,8543,3,34452,4985,138,33288,0,0,33311,14491,0,33302,8503,20;
1701352102893;4255498,44904,1,5989,330,153,32408,0,0,34534,8573,2,33310,8498,7,32240,0,0,132037,0,0,33290,8545,4,34452,4987,140,33288,0,0,33311,14477,0,33302,8503,19;
1701352103089;4255700,44904,1,5992,329,152,32408,0,0,34534,8573,2,33310,8499,7,32240,0,0,132037,0,0,33290,8547,4,34452,4987,138,33288,0,0,33311,14499,0,33302,8502,18;
1701352103192;4255800,44904,1,5982,327,162,32408,0,0,34534,8572,2,33310,8499,7,32240,0,0,132037,0,0,33290,8543,3,34452,4986,139,33288,0,0,33311,14494,0,33302,8504,17;
1701352103294;4255896,44904,1,6063,395,59,32408,0,0,34534,8571,2,33310,8465,7,32240,0,0,132037,0,0,33290,8542,4,34452,4987,139,33288,0,0,33311,14485,0,33302,8502,16;
1701352103488;4256099,44904,1,5982,325,163,32408,0,0,34534,8570,2,33310,8500,7,32240,0,0,132037,0,0,33290,8544,4,34452,4986,136,33288,0,0,33311,14448,0,33302,8502,18;
1701352103796;4256398,44904,1,5979,326,164,32408,0,0,34534,8570,2,33310,8499,7,32240,0,0,132037,0,0,33290,8542,4,34452,4986,137,33288,0,0,33311,14442,0,33302,8502,18;
1701352103988;4256601,44904,1,5989,328,156,32408,0,0,34534,8570,2,33310,8499,7,32240,0,0,132037,0,0,33290,8546,4,34452,4986,139,33288,0,0,33311,14438,0,33302,8502,19;
1701352104092;4256696,44904,1,5982,327,162,32408,0,0,34534,8571,2,33310,8499,7,32240,0,0,132037,0,0,33290,8543,3,34452,4986,136,33288,0,0,33311,14455,0,33302,8503,19;
1701352104287;4256899,44904,1,5981,329,159,32408,0,0,34534,8570,2,33310,8498,7,32240,0,0,132037,0,0,33290,8542,4,34452,4987,135,33288,0,0,33311,14455,0,33302,8500,21;
1701352104395;4257001,44904,1,5989,334,151,32408,0,0,34534,8571,2,33310,8496,7,32240,0,0,132037,0,0,33290,8543,4,34452,4987,133,33288,0,0,33311,14467,0,33302,8500,22;
1701352104683;4257299,44904,1,5982,323,164,32408,0,0,34534,8572,2,33310,8501,7,32240,0,0,132037,0,0,33290,8545,4,34452,4986,133,33288,0,0,33311,14435,0,33302,8502,22;
1701352104790;4257400,44904,1,5974,321,171,32408,0,0,34534,8570,2,33310,8502,7,32240,0,0,132037,0,0,33290,8543,4,34452,4986,132,33288,0,0,33311,14470,0,33302,8501,23;
1701352104987;4257599,44904,1,5984,328,158,32408,0,0,34534,8572,2,33310,8499,7,32240,0,0,132037,0,0,33290,8544,4,34452,4987,131,33288,0,0,33311,14450,0,33302,8500,23;
1701352105187;4257800,44904,1,5982,325,163,32408,0,0,34534,8572,2,33310,8500,7,32240,0,0,132037,0,0,33290,8544,4,34452,4986,131,33288,0,0,33311,14434,0,33302,8501,21;
1701352105294;4257903,44904,1,5987,327,158,32408,0,0,34534,8574,2,33310,8499,7,32240,0,0,132037,0,0,33290,8545,4,34452,4986,133,33288,0,0,33311,14427,0,33302,8500,20;
1701352105582;4258200,44904,1,5989,331,154,32408,0,0,34534,8569,2,33310,8497,7,32240,0,0,132037,0,0,33290,8544,4,34452,4986,133,33288,0,0,33311,14420,0,33302,8504,19;
