1701351274772;3427283,44904,1,257,491,518,32408,0,0,34534,9234,0,33310,11040,1,32240,0,0,132037,0,0,33290,9224,1,34452,9145,15,33288,0,0,33311,13000,1,33302,4701,248;
1701351274963;3427384,44904,1,257,485,542,32408,0,0,34534,9219,0,33310,11037,2,32240,0,0,132037,0,0,33290,9220,1,34452,9138,15,33288,0,0,33311,12997,1,33302,4701,248;
1701351274987;3427486,44904,1,253,489,537,32408,0,0,34534,9214,0,33310,11038,1,32240,0,0,132037,0,0,33290,9220,1,34452,9142,15,33288,0,0,33311,13000,1,33302,4701,246;
1701351275087;3427586,44904,1,254,486,544,32408,0,0,34534,9215,0,33310,11038,1,32240,0,0,132037,0,0,33290,9220,1,34452,9140,15,33288,0,0,33311,12999,2,33302,4701,245;
1701351275294;3427784,44904,1,254,486,544,32408,0,0,34534,9215,0,33310,11038,1,32240,0,0,132037,0,0,33290,9220,1,34452,9140,14,33288,0,0,33311,12997,1,33302,4701,243;
1701351275387;3427885,44904,1,258,490,524,32408,0,0,34534,9204,0,33310,11038,2,32240,0,0,132037,0,0,33290,9222,1,34452,9142,14,33288,0,0,33311,13000,1,33302,4701,243;
1701351275488;3427986,44904,1,255,491,526,32408,0,0,34534,9207,0,33310,11038,2,32240,0,0,132037,0,0,33290,9221,1,34452,9143,14,33288,0,0,33311,12999,1,33302,4701,241;
1701351275591;3428082,44904,1,261,488,521,32408,0,0,34534,9219,0,33310,11038,2,32240,0,0,132037,0,0,33290,9223,1,34452,9141,14,33288,0,0,33311,13001,1,33302,4701,238;
1701351275685;3428184,44904,1,260,494,510,32408,0,0,34534,9217,0,33310,11038,2,32240,0,0,132037,0,0,33290,9223,1,34452,9144,15,33288,0,0,33311,13000,2,33302,4702,238;
1701351275802;3428286,44904,1,252,488,535,32408,0,0,34534,9224,0,33310,11040,1,32240,0,0,132037,0,0,33290,9222,0,34452,9144,15,33288,0,0,33311,12997,1,33302,4701,240;
1701351275988;3428486,44904,1,251,480,548,32408,0,0,34534,9247,0,33310,11042,1,32240,0,0,132037,0,0,33290,9224,1,34452,9142,14,33288,0,0,33311,12997,2,33302,4701,246;
1701351276103;3428587,44904,1,251,482,544,32408,0,0,34534,9242,0,33310,11042,1,32240,0,0,132037,0,0,33290,9224,0,34452,9143,15,33288,0,0,33311,12996,1,33302,4700,242;
1701351276188;3428683,44904,1,249,482,551,32408,0,0,34534,9245,0,33310,11041,1,32240,0,0,132037,0,0,33290,9222,1,34452,9142,15,33288,0,0,33311,12998,1,33302,4701,236;
1701351276285;3428784,44904,1,247,475,572,32408,0,0,34534,9224,0,33310,11042,1,32240,0,0,132037,0,0,33290,9222,1,34452,9139,16,33288,0,0,33311,12997,1,33302,4700,231;
1701351276420;3428886,44904,1,254,489,528,32408,0,0,34534,9228,0,33310,11040,1,32240,0,0,132037,0,0,33290,9223,1,34452,9144,16,33288,0,0,33311,12999,2,33302,4701,232;
1701351276531;3428981,44904,1,247,480,561,32408,0,0,34534,9230,0,33310,11042,1,32240,0,0,132037,0,0,33290,9222,1,34452,9142,17,33288,0,0,33311,12996,1,33302,4701,233;
1701351276589;3429085,44904,1,239,479,581,32408,0,0,34534,9226,0,33310,11042,1,32240,0,0,132037,0,0,33290,9219,1,34452,9142,17,33288,0,0,33311,12996,2,33302,4700,235;
1701351276685;3429185,44904,1,249,482,551,32408,0,0,34534,9217,0,33310,11041,1,32240,0,0,132037,0,0,33290,9222,1,34452,9142,18,33288,0,0,33311,12996,1,33302,4701,237;
1701351276790;3429287,44904,1,255,483,539,32408,0,0,34534,9210,0,33310,11040,1,32240,0,0,132037,0,0,33290,9223,1,34452,9141,18,33288,0,0,33311,12997,2,33302,4700,239;
1701351276903;3429386,44904,1,250,486,545,32408,0,0,34534,9206,0,33310,11040,1,32240,0,0,132037,0,0,33290,9221,1,34452,9143,17,33288,0,0,33311,12996,1,33302,4701,242;
1701351276991;3429482,44904,1,245,480,568,32408,0,0,34534,9198,0,33310,11041,1,32240,0,0,132037,0,0,33290,9220,1,34452,9141,18,33288,0,0,33311,12994,1,33302,4701,242;
1701351277089;3429584,44904,1,247,480,562,32408,0,0,34534,9188,0,33310,11041,1,32240,0,0,132037,0,0,33290,9221,1,34452,9141,18,33288,0,0,33311,12999,1,33302,4701,243;
1701351277188;3429685,44904,1,247,480,561,32408,0,0,34534,9194,0,33310,11042,1,32240,0,0,132037,0,0,33290,9222,1,34452,9142,17,33288,0,0,33311,12999,2,33302,4701,243;
1701351277285;3429786,44904,1,256,490,530,32408,0,0,34534,9191,0,33310,11038,1,32240,0,0,132037,0,0,33290,9221,1,34452,9142,17,33288,0,0,33311,12998,1,33302,4701,243;
1701351277481;3429983,44904,1,245,478,572,32408,0,0,34534,9215,0,33310,11041,1,32240,0,0,132037,0,0,33290,9220,1,34452,9140,18,33288,0,0,33311,13001,1,33302,4701,243;
1701351277598;3430084,44904,1,253,481,549,32408,0,0,34534,9210,0,33310,11040,1,32240,0,0,132037,0,0,33290,9222,1,34452,9140,17,33288,0,0,33311,12998,1,33302,4701,245;
1701351277698;3430186,44904,1,250,485,549,32408,0,0,34534,9208,0,33310,11040,1,32240,0,0,132037,0,0,33290,9221,1,34452,9142,17,33288,0,0,33311,12997,1,33302,4701,245;
1701351277784;3430282,44904,1,250,487,546,32408,0,0,34534,9196,0,33310,11039,1,32240,0,0,132037,0,0,33290,9220,1,34452,9142,16,33288,0,0,33311,13001,1,33302,4700,245;
1701351277884;3430385,44904,1,258,490,524,32408,0,0,34534,9200,0,33310,11038,1,32240,0,0,132037,0,0,33290,9222,1,34452,9142,16,33288,0,0,33311,13001,1,33302,4700,245;
1701351278000;3430484,44904,1,248,479,566,32408,0,0,34534,9204,0,33310,11040,1,32240,0,0,132037,0,0,33290,9220,1,34452,9139,15,33288,0,0,33311,12999,1,33302,4701,246;
1701351278291;3430785,44904,1,247,482,558,32408,0,0,34534,9191,0,33310,11041,1,32240,0,0,132037,0,0,33290,9221,1,34452,9142,14,33288,0,0,33311,13000,1,33302,4700,242;
1701351278387;3430884,44904,1,248,483,559,32408,0,0,34534,9195,0,33310,11040,1,32240,0,0,132037,0,0,33290,9220,1,34452,9141,14,33288,0,0,33311,13001,1,33302,4702,241;
1701351278494;3430985,44904,1,248,483,559,32408,0,0,34534,9186,0,33310,11040,1,32240,0,0,132037,0,0,33290,9220,1,34452,9141,14,33288,0,0,33311,13000,1,33302,4701,242;
1701351278585;3431083,44904,1,237,473,598,32408,0,0,34534,9191,0,33310,11043,0,32240,0,0,132037,0,0,33290,9219,1,34452,9140,15,33288,0,0,33311,12999,1,33302,4702,243;
1701351278779;3431284,44904,1,239,481,577,32408,0,0,34534,9188,0,33310,11042,0,32240,0,0,132037,0,0,33290,9219,1,34452,9143,15,33288,0,0,33311,13000,1,33302,4701,245;
1701351278978;3431481,44904,1,237,479,588,32408,0,0,34534,9188,0,33310,11041,1,32240,0,0,132037,0,0,33290,9217,1,34452,9141,14,33288,0,0,33311,13000,1,33302,4701,247;
1701351279095;3431584,44904,1,243,481,577,32408,0,0,34534,9185,0,33310,11039,1,32240,0,0,132037,0,0,33290,9217,1,34452,9139,14,33288,0,0,33311,12997,1,33302,4701,246;
1701351279280;3431786,44904,1,242,480,575,32408,0,0,34534,9181,0,33310,11041,1,32240,0,0,132037,0,0,33290,9219,1,34452,9141,14,33288,0,0,33311,12999,1,33302,4701,246;
1701351279382;3431881,44904,1,235,481,591,32408,0,0,34534,9183,0,33310,11041,1,32240,0,0,132037,0,0,33290,9216,2,34452,9142,14,33288,0,0,33311,12999,1,33302,4701,247;
1701351279594;3432086,44904,1,243,484,570,32408,0,0,34534,9187,0,33310,11039,1,32240,0,0,132037,0,0,33290,9217,1,34452,9141,14,33288,0,0,33311,12999,1,33302,4701,246;
1701351279687;3432186,44904,1,246,485,564,32408,0,0,34534,9185,0,33310,11038,1,32240,0,0,132037,0,0,33290,9217,1,34452,9140,14,33288,0,0,33311,12998,1,33302,4702,246;
1701351279784;3432281,44904,1,251,487,547,32408,0,0,34534,9183,0,33310,11038,1,32240,0,0,132037,0,0,33290,9219,1,34452,9141,14,33288,0,0,33311,12999,1,33302,4701,244;
1701351279979;3432485,44904,1,245,492,548,32408,0,0,34534,9194,0,33310,11039,1,32240,0,0,132037,0,0,33290,9218,1,34452,9145,14,33288,0,0,33311,12998,1,33302,4701,245;
1701351280186;3432681,44904,1,248,479,566,32408,0,0,34534,9198,0,33310,11040,1,32240,0,0,132037,0,0,33290,9220,1,34452,9139,15,33288,0,0,33311,12998,1,33302,4701,242;
1701351280299;3432783,44904,1,247,484,555,32408,0,0,34534,9198,0,33310,11040,1,32240,0,0,132037,0,0,33290,9220,1,34452,9142,14,33288,0,0,33311,12999,1,33302,4701,242;
1701351280399;3432885,44904,1,261,487,524,32408,0,0,34534,9202,0,33310,11038,1,32240,0,0,132037,0,0,33290,9223,1,34452,9140,15,33288,0,0,33311,12998,1,33302,4702,243;
1701351280498;3432984,44904,1,247,488,548,32408,0,0,34534,9207,0,33310,11040,1,32240,0,0,132037,0,0,33290,9220,1,34452,9144,14,33288,0,0,33311,12999,1,33302,4702,241;
1701351280588;3433085,44904,1,258,492,520,32408,0,0,34534,9202,0,33310,11038,2,32240,0,0,132037,0,0,33290,9222,1,34452,9143,14,33288,0,0,33311,13000,1,33302,4702,241;
1701351280794;3433283,44904,1,256,490,530,32408,0,0,34534,9220,0,33310,11038,2,32240,0,0,132037,0,0,33290,9221,1,34452,9142,14,33288,0,0,33311,12997,1,33302,4701,238;
1701351280884;3433384,44904,1,250,487,546,32408,0,0,34534,9213,0,33310,11039,2,32240,0,0,132037,0,0,33290,9220,1,34452,9142,14,33288,0,0,33311,12998,2,33302,4701,239;
1701351280999;3433485,44904,1,258,488,527,32408,0,0,34534,9224,0,33310,11038,2,32240,0,0,132037,0,0,33290,9222,1,34452,9141,14,33288,0,0,33311,12997,1,33302,4702,240;
1701351281078;3433580,44904,1,264,495,505,32408,0,0,34534,9237,0,33310,11036,2,32240,0,0,132037,0,0,33290,9222,1,34452,9142,14,33288,0,0,33311,12999,1,33302,4701,238;
1701351281372;3433785,44904,1,258,492,520,32408,0,0,34534,9240,0,33310,11038,2,32240,0,0,132037,0,0,33290,9222,0,34452,9143,15,33288,0,0,33311,12998,1,33302,4703,242;
1701351281388;3433888,44904,1,261,489,522,32408,0,0,34534,9255,0,33310,11037,2,32240,0,0,132037,0,0,33290,9222,0,34452,9140,14,33288,0,0,33311,12998,1,33302,4703,243;
1701351281592;3434083,44904,1,259,489,528,32408,0,0,34534,9236,0,33310,11037,2,32240,0,0,132037,0,0,33290,9221,0,34452,9140,15,33288,0,0,33311,12998,2,33302,4702,243;
1701351281688;3434184,44904,1,269,490,503,32408,0,0,34534,9245,0,33310,11036,2,32240,0,0,132037,0,0,33290,9224,0,34452,9139,15,33288,0,0,33311,12997,2,33302,4702,244;
1701351281798;3434286,44904,1,255,491,526,32408,0,0,34534,9249,0,33310,11038,2,32240,0,0,132037,0,0,33290,9221,0,34452,9143,15,33288,0,0,33311,12997,2,33302,4702,245;
1701351281894;3434380,44904,1,261,491,518,32408,0,0,34534,9246,0,33310,11037,2,32240,0,0,132037,0,0,33290,9222,0,34452,9141,15,33288,0,0,33311,12997,2,33302,4701,244;
1701351281990;3434484,44904,1,261,489,522,32408,0,0,34534,9243,0,33310,11037,2,32240,0,0,132037,0,0,33290,9222,0,34452,9140,15,33288,0,0,33311,13001,1,33302,4701,244;
1701351282085;3434585,44904,1,254,486,545,32408,0,0,34534,9235,0,33310,11037,2,32240,0,0,132037,0,0,33290,9219,0,34452,9139,15,33288,0,0,33311,13000,1,33302,4702,246;
1701351282185;3434685,44904,1,250,481,556,32408,0,0,34534,9236,0,33310,11040,2,32240,0,0,132037,0,0,33290,9221,1,34452,9140,15,33288,0,0,33311,12995,2,33302,4702,246;
1701351282301;3434786,44904,1,250,485,550,32408,0,0,34534,9231,0,33310,11039,2,32240,0,0,132037,0,0,33290,9220,1,34452,9141,15,33288,0,0,33311,12998,2,33302,4703,248;
1701351282382;3434882,44904,1,240,475,588,32408,0,0,34534,9220,0,33310,11042,1,32240,0,0,132037,0,0,33290,9219,1,34452,9140,15,33288,0,0,33311,12996,2,33302,4703,247;
1701351282484;3434984,44904,1,248,481,563,32408,0,0,34534,9214,0,33310,11040,2,32240,0,0,132037,0,0,33290,9220,1,34452,9140,15,33288,0,0,33311,12995,2,33302,4703,248;
1701351282787;3435281,44904,1,252,486,552,32408,0,0,34534,9222,0,33310,11037,2,32240,0,0,132037,0,0,33290,9218,1,34452,9139,15,33288,0,0,33311,12996,2,33302,4702,248;
1701351282896;3435384,44904,1,244,482,565,32408,0,0,34534,9223,0,33310,11041,2,32240,0,0,132037,0,0,33290,9220,1,34452,9142,15,33288,0,0,33311,12996,2,33302,4702,248;
1701351283093;3435584,44904,1,259,487,532,32408,0,0,34534,9229,0,33310,11037,2,32240,0,0,132037,0,0,33290,9221,1,34452,9139,15,33288,0,0,33311,12997,2,33302,4703,249;
1701351283287;3435781,44904,1,245,482,566,32408,0,0,34534,9212,0,33310,11040,2,32240,0,0,132037,0,0,33290,9219,1,34452,9141,15,33288,0,0,33311,13000,2,33302,4703,249;
1701351283492;3435984,44904,1,243,480,576,32408,0,0,34534,9210,0,33310,11040,2,32240,0,0,132037,0,0,33290,9218,1,34452,9140,15,33288,0,0,33311,13001,2,33302,4703,248;
1701351283598;3436085,44904,1,256,492,527,32408,0,0,34534,9216,0,33310,11037,2,32240,0,0,132037,0,0,33290,9220,1,34452,9142,15,33288,0,0,33311,12999,1,33302,4702,247;
1701351283682;3436180,44904,1,246,485,564,32408,0,0,34534,9206,0,33310,11038,2,32240,0,0,132037,0,0,33290,9217,1,34452,9140,14,33288,0,0,33311,12998,1,33302,4703,248;
1701351283892;3436385,44904,1,251,491,540,32408,0,0,34534,9216,0,33310,11038,2,32240,0,0,132037,0,0,33290,9219,1,34452,9143,14,33288,0,0,33311,12998,2,33302,4702,247;
1701351284077;3436580,44904,1,253,495,527,32408,0,0,34534,9227,0,33310,11037,2,32240,0,0,132037,0,0,33290,9219,1,34452,9144,14,33288,0,0,33311,13000,2,33302,4703,246;
1701351284195;3436683,44904,1,248,487,553,32408,0,0,34534,9226,0,33310,11039,2,32240,0,0,132037,0,0,33290,9219,1,34452,9142,14,33288,0,0,33311,13000,1,33302,4702,244;
1701351284284;3436785,44904,1,257,492,528,32408,0,0,34534,9240,0,33310,11036,2,32240,0,0,132037,0,0,33290,9219,0,34452,9141,16,33288,0,0,33311,13000,2,33302,4702,245;
1701351284392;3436884,44904,1,264,497,502,32408,0,0,34534,9241,0,33310,11035,2,32240,0,0,132037,0,0,33290,9221,0,34452,9142,16,33288,0,0,33311,13000,1,33302,4702,244;
1701351284485;3436981,44904,1,261,491,518,32408,0,0,34534,9241,0,33310,11037,2,32240,0,0,132037,0,0,33290,9222,0,34452,9141,15,33288,0,0,33311,13001,1,33302,4703,244;
1701351284598;3437085,44904,1,261,491,518,32408,0,0,34534,9240,0,33310,11037,2,32240,0,0,132037,0,0,33290,9222,0,34452,9141,15,33288,0,0,33311,13001,1,33302,4701,243;
1701351284685;3437183,44904,1,259,494,518,32408,0,0,34534,9256,0,33310,11036,2,32240,0,0,132037,0,0,33290,9220,0,34452,9142,15,33288,0,0,33311,13002,1,33302,4702,243;
1701351284792;3437285,44904,1,259,487,532,32408,0,0,34534,9247,0,33310,11037,2,32240,0,0,132037,0,0,33290,9221,0,34452,9139,15,33288,0,0,33311,13001,1,33302,4701,243;
1701351284990;3437483,44904,1,251,491,541,32408,0,0,34534,9228,0,33310,11037,2,32240,0,0,132037,0,0,33290,9218,1,34452,9142,16,33288,0,0,33311,13003,1,33302,4701,245;
1701351285098;3437584,44904,1,251,490,544,32408,0,0,34534,9220,0,33310,11037,2,32240,0,0,132037,0,0,33290,9218,1,34452,9141,15,33288,0,0,33311,13005,1,33302,4701,245;
1701351285199;3437685,44904,1,259,498,511,32408,0,0,34534,9214,0,33310,11036,2,32240,0,0,132037,0,0,33290,9220,1,34452,9144,15,33288,0,0,33311,13007,1,33302,4702,245;
1701351285291;3437786,44904,1,252,492,541,32408,0,0,34534,9213,0,33310,11036,2,32240,0,0,132037,0,0,33290,9217,1,34452,9141,15,33288,0,0,33311,13002,1,33302,4703,246;
1701351285477;3437984,44904,1,243,488,563,32408,0,0,34534,9208,0,33310,11038,2,32240,0,0,132037,0,0,33290,9216,1,34452,9142,14,33288,0,0,33311,13006,1,33302,4701,245;
1701351285693;3438186,44904,1,256,495,520,32408,0,0,34534,9207,0,33310,11037,2,32240,0,0,132037,0,0,33290,9220,1,34452,9144,14,33288,0,0,33311,13007,1,33302,4703,246;
1701351285795;3438286,44904,1,257,491,532,32408,0,0,34534,9212,0,33310,11036,2,32240,0,0,132037,0,0,33290,9219,1,34452,9140,14,33288,0,0,33311,13006,1,33302,4702,246;
1701351285992;3438486,44904,1,251,489,543,32408,0,0,34534,9215,0,33310,11038,2,32240,0,0,132037,0,0,33290,9219,1,34452,9142,14,33288,0,0,33311,13003,1,33302,4703,247;
1701351286085;3438584,44904,1,243,488,562,32408,0,0,34534,9210,0,33310,11039,2,32240,0,0,132037,0,0,33290,9217,1,34452,9143,15,33288,0,0,33311,13011,1,33302,4702,246;
1701351286277;3438783,44904,1,261,495,512,32408,0,0,34534,9224,0,33310,11036,2,32240,0,0,132037,0,0,33290,9221,1,34452,9142,15,33288,0,0,33311,13007,1,33302,4702,245;
1701351286492;3438984,44904,1,251,491,540,32408,0,0,34534,9208,0,33310,11038,2,32240,0,0,132037,0,0,33290,9219,1,34452,9143,15,33288,0,0,33311,13001,1,33302,4702,246;
1701351286693;3439184,44904,1,252,488,548,32408,0,0,34534,9213,0,33310,11037,2,32240,0,0,132037,0,0,33290,9218,1,34452,9140,15,33288,0,0,33311,13007,1,33302,4703,246;
1701351286784;3439283,44904,1,245,486,559,32408,0,0,34534,9214,0,33310,11039,2,32240,0,0,132037,0,0,33290,9218,1,34452,9142,15,33288,0,0,33311,13005,1,33302,4703,246;
1701351286889;3439384,44904,1,251,491,540,32408,0,0,34534,9203,0,33310,11038,2,32240,0,0,132037,0,0,33290,9219,1,34452,9143,15,33288,0,0,33311,13007,1,33302,4703,246;
1701351286984;3439481,44904,1,256,490,531,32408,0,0,34534,9206,0,33310,11037,2,32240,0,0,132037,0,0,33290,9220,1,34452,9141,15,33288,0,0,33311,13004,1,33302,4702,245;
1701351287181;3439683,44904,1,249,491,547,32408,0,0,34534,9192,0,33310,11037,2,32240,0,0,132037,0,0,33290,9217,1,34452,9142,15,33288,0,0,33311,13008,1,33302,4703,246;
1701351287284;3439785,44904,1,248,489,550,32408,0,0,34534,9195,0,33310,11038,2,32240,0,0,132037,0,0,33290,9218,1,34452,9142,15,33288,0,0,33311,13000,1,33302,4703,245;
1701351287488;3439983,44904,1,246,487,560,32408,0,0,34534,9194,0,33310,11038,2,32240,0,0,132037,0,0,33290,9217,1,34452,9141,15,33288,0,0,33311,13002,1,33302,4702,245;
1701351287582;3440084,44904,1,246,497,544,32408,0,0,34534,9198,0,33310,11036,2,32240,0,0,132037,0,0,33290,9215,1,34452,9144,15,33288,0,0,33311,13007,1,33302,4702,245;
1701351287696;3440186,44904,1,246,489,557,32408,0,0,34534,9189,0,33310,11037,2,32240,0,0,132037,0,0,33290,9216,1,34452,9141,14,33288,0,0,33311,13004,1,33302,4702,245;
1701351287781;3440281,44904,1,241,480,584,32408,0,0,34534,9188,0,33310,11039,2,32240,0,0,132037,0,0,33290,9216,1,34452,9139,15,33288,0,0,33311,13004,1,33302,4703,246;
1701351287996;3440484,44904,1,244,490,560,32408,0,0,34534,9189,0,33310,11037,2,32240,0,0,132037,0,0,33290,9215,1,34452,9142,15,33288,0,0,33311,13004,1,33302,4702,245;
1701351288177;3440681,44904,1,249,491,547,32408,0,0,34534,9189,0,33310,11037,2,32240,0,0,132037,0,0,33290,9217,1,34452,9142,14,33288,0,0,33311,13003,1,33302,4703,244;
1701351288380;3440882,44904,1,244,483,574,32408,0,0,34534,9185,0,33310,11038,2,32240,0,0,132037,0,0,33290,9216,1,34452,9139,14,33288,0,0,33311,13007,1,33302,4702,245;
1701351288484;3440985,44904,1,244,490,560,32408,0,0,34534,9190,0,33310,11037,2,32240,0,0,132037,0,0,33290,9215,1,34452,9142,14,33288,0,0,33311,13006,1,33302,4702,244;
1701351288783;3441283,44904,1,238,481,586,32408,0,0,34534,9193,0,33310,11040,2,32240,0,0,132037,0,0,33290,9216,1,34452,9141,14,33288,0,0,33311,13010,1,33302,4703,244;
1701351288883;3441383,44904,1,241,480,584,32408,0,0,34534,9198,0,33310,11039,2,32240,0,0,132037,0,0,33290,9216,1,34452,9139,14,33288,0,0,33311,13007,1,33302,4703,245;
1701351289077;3441580,44904,1,251,490,544,32408,0,0,34534,9193,0,33310,11037,2,32240,0,0,132037,0,0,33290,9218,1,34452,9141,14,33288,0,0,33311,13010,1,33302,4702,245;
1701351289289;3441784,44904,1,244,481,578,32408,0,0,34534,9192,0,33310,11038,2,32240,0,0,132037,0,0,33290,9216,1,34452,9138,14,33288,0,0,33311,13005,1,33302,4703,246;
1701351289395;3441884,44904,1,246,491,554,32408,0,0,34534,9202,0,33310,11037,2,32240,0,0,132037,0,0,33290,9216,1,34452,9142,14,33288,0,0,33311,13003,1,33302,4704,246;
1701351289484;3441981,44904,1,251,493,537,32408,0,0,34534,9200,0,33310,11037,2,32240,0,0,132037,0,0,33290,9218,1,34452,9143,14,33288,0,0,33311,13001,1,33302,4702,245;
1701351289582;3442082,44904,1,246,489,556,32408,0,0,34534,9199,0,33310,11038,2,32240,0,0,132037,0,0,33290,9217,1,34452,9142,14,33288,0,0,33311,13005,1,33302,4703,244;
1701351289697;3442184,44904,1,252,494,538,32408,0,0,34534,9203,0,33310,11036,2,32240,0,0,132037,0,0,33290,9217,1,34452,9142,14,33288,0,0,33311,13006,1,33302,4703,243;
1701351289796;3442284,44904,1,246,485,563,32408,0,0,34534,9202,0,33310,11039,2,32240,0,0,132037,0,0,33290,9218,1,34452,9141,14,33288,0,0,33311,13002,1,33302,4703,243;
1701351289891;3442380,44904,1,240,482,579,32408,0,0,34534,9200,0,33310,11040,2,32240,0,0,132037,0,0,33290,9217,1,34452,9141,14,33288,0,0,33311,13003,1,33302,4704,243;
1701351290090;3442584,44904,1,255,494,532,32408,0,0,34534,9203,0,33310,11035,2,32240,0,0,132037,0,0,33290,9217,1,34452,9141,14,33288,0,0,33311,13010,1,33302,4703,242;
1701351290195;3442684,44904,1,249,493,543,32408,0,0,34534,9195,0,33310,11037,2,32240,0,0,132037,0,0,33290,9217,1,34452,9143,14,33288,0,0,33311,13006,1,33302,4703,243;
1701351290296;3442785,44904,1,252,492,541,32408,0,0,34534,9199,0,33310,11036,2,32240,0,0,132037,0,0,33290,9217,1,34452,9141,14,33288,0,0,33311,13006,1,33302,4702,243;
1701351290381;3442881,44904,1,242,485,578,32408,0,0,34534,9198,0,33310,11037,2,32240,0,0,132037,0,0,33290,9214,1,34452,9139,14,33288,0,0,33311,13010,1,33302,4704,244;
1701351290589;3443084,44904,1,254,490,538,32408,0,0,34534,9195,0,33310,11037,2,32240,0,0,132037,0,0,33290,9219,1,34452,9141,14,33288,0,0,33311,13014,1,33302,4704,242;
1701351290773;3443280,44904,1,251,495,533,32408,0,0,34534,9195,0,33310,11037,2,32240,0,0,132037,0,0,33290,9218,1,34452,9144,14,33288,0,0,33311,13007,1,33302,4704,241;
1701351290893;3443383,44904,1,250,485,550,32408,0,0,34534,9195,0,33310,11039,2,32240,0,0,132037,0,0,33290,9220,1,34452,9141,14,33288,0,0,33311,13011,1,33302,4703,241;
1701351291090;3443584,44904,1,252,490,545,32408,0,0,34534,9198,0,33310,11036,2,32240,0,0,132037,0,0,33290,9217,1,34452,9140,14,33288,0,0,33311,13010,1,33302,4703,240;
1701351291185;3443680,44904,1,254,494,531,32408,0,0,34534,9197,0,33310,11036,2,32240,0,0,132037,0,0,33290,9218,1,34452,9142,14,33288,0,0,33311,13011,1,33302,4703,240;
1701351292463;3443783,44904,1,248,488,549,32408,0,0,34534,9207,0,33310,11039,2,32240,0,0,132037,0,0,33290,9219,1,34452,9143,14,33288,0,0,33311,13009,1,33302,4703,239;
1701351292498;3443883,44904,1,253,491,533,32408,0,0,34534,9197,0,33310,11038,2,32240,0,0,132037,0,0,33290,9220,1,34452,9143,14,33288,0,0,33311,13002,1,33302,4704,240;
1701351292513;3444085,44904,1,249,485,557,32408,0,0,34534,9211,0,33310,11038,2,32240,0,0,132037,0,0,33290,9218,1,34452,9140,14,33288,0,0,33311,13012,1,33302,4704,239;
1701351292530;3444185,44904,1,254,492,534,32408,0,0,34534,9211,0,33310,11037,2,32240,0,0,132037,0,0,33290,9219,1,34452,9142,14,33288,0,0,33311,13009,1,33302,4702,239;
1701351292550;3444281,44904,1,248,485,556,32408,0,0,34534,9218,0,33310,11039,1,32240,0,0,132037,0,0,33290,9219,1,34452,9141,14,33288,0,0,33311,13009,1,33302,4703,239;
1701351292564;3444383,44904,1,251,490,544,32408,0,0,34534,9214,0,33310,11037,1,32240,0,0,132037,0,0,33290,9218,1,34452,9141,14,33288,0,0,33311,13010,1,33302,4704,239;
1701351292584;3444483,44904,1,254,492,534,32408,0,0,34534,9207,0,33310,11037,1,32240,0,0,132037,0,0,33290,9219,1,34452,9142,14,33288,0,0,33311,13014,1,33302,4703,238;
1701351292614;3444585,44904,1,247,484,555,32408,0,0,34534,9208,0,33310,11040,1,32240,0,0,132037,0,0,33290,9220,1,34452,9142,14,33288,0,0,33311,13012,1,33302,4704,238;
1701351292633;3444681,44904,1,253,491,533,32408,0,0,34534,9206,0,33310,11038,1,32240,0,0,132037,0,0,33290,9220,1,34452,9143,14,33288,0,0,33311,13005,1,33302,4703,239;
1701351292647;3444782,44904,1,254,490,538,32408,0,0,34534,9207,0,33310,11037,1,32240,0,0,132037,0,0,33290,9219,1,34452,9141,15,33288,0,0,33311,13014,1,33302,4703,238;
1701351292665;3444883,44904,1,256,490,530,32408,0,0,34534,9207,0,33310,11038,1,32240,0,0,132037,0,0,33290,9221,1,34452,9142,15,33288,0,0,33311,13015,1,33302,4704,240;
1701351292684;3444986,44904,1,258,490,524,32408,0,0,34534,9207,0,33310,11038,1,32240,0,0,132037,0,0,33290,9222,1,34452,9142,14,33288,0,0,33311,13016,1,33302,4703,239;
1701351292697;3445079,44904,1,257,492,528,32408,0,0,34534,9213,0,33310,11036,1,32240,0,0,132037,0,0,33290,9219,1,34452,9141,15,33288,0,0,33311,13017,1,33302,4703,239;
1701351292731;3445183,44904,1,249,485,557,32408,0,0,34534,9212,0,33310,11038,1,32240,0,0,132037,0,0,33290,9218,1,34452,9140,15,33288,0,0,33311,13020,1,33302,4704,241;
1701351292892;3445384,44904,1,253,495,527,32408,0,0,34534,9209,0,33310,11037,1,32240,0,0,132037,0,0,33290,9219,1,34452,9144,15,33288,0,0,33311,13014,1,33302,4702,242;
1701351292995;3445483,44904,1,245,486,559,32408,0,0,34534,9198,0,33310,11039,1,32240,0,0,132037,0,0,33290,9218,1,34452,9142,15,33288,0,0,33311,13014,1,33302,4702,244;
1701351293188;3445682,44904,1,246,483,567,32408,0,0,34534,9204,0,33310,11039,1,32240,0,0,132037,0,0,33290,9218,1,34452,9140,15,33288,0,0,33311,13013,1,33302,4703,244;
1701351293294;3445782,44904,1,250,490,539,32408,0,0,34534,9210,0,33310,11039,1,32240,0,0,132037,0,0,33290,9220,1,34452,9144,16,33288,0,0,33311,13017,1,33302,4704,246;
1701351293383;3445883,44904,1,251,493,537,32408,0,0,34534,9208,0,33310,11037,1,32240,0,0,132037,0,0,33290,9218,1,34452,9143,16,33288,0,0,33311,13013,1,33302,4703,243;
1701351293481;3445984,44904,1,246,489,556,32408,0,0,34534,9204,0,33310,11038,1,32240,0,0,132037,0,0,33290,9217,1,34452,9142,16,33288,0,0,33311,13016,1,33302,4703,244;
1701351293581;3446084,44904,1,238,488,576,32408,0,0,34534,9201,0,33310,11038,1,32240,0,0,132037,0,0,33290,9214,1,34452,9142,16,33288,0,0,33311,13008,1,33302,4703,243;
1701351293697;3446185,44904,1,251,495,533,32408,0,0,34534,9205,0,33310,11037,2,32240,0,0,132037,0,0,33290,9218,1,34452,9144,16,33288,0,0,33311,13016,1,33302,4702,241;
1701351293781;3446281,44904,1,246,487,560,32408,0,0,34534,9198,0,33310,11038,2,32240,0,0,132037,0,0,33290,9217,1,34452,9141,15,33288,0,0,33311,13015,1,33302,4703,243;
1701351293878;3446384,44904,1,246,491,554,32408,0,0,34534,9198,0,33310,11037,2,32240,0,0,132037,0,0,33290,9216,1,34452,9142,15,33288,0,0,33311,13020,1,33302,4703,243;
1701351293994;3446483,44904,1,248,495,540,32408,0,0,34534,9201,0,33310,11037,2,32240,0,0,132037,0,0,33290,9217,1,34452,9144,15,33288,0,0,33311,13022,1,33302,4703,242;
1701351294179;3446680,44904,1,249,493,544,32408,0,0,34534,9200,0,33310,11036,2,32240,0,0,132037,0,0,33290,9216,1,34452,9142,14,33288,0,0,33311,13017,1,33302,4704,241;
1701351294387;3446882,44904,1,246,491,554,32408,0,0,34534,9200,0,33310,11037,2,32240,0,0,132037,0,0,33290,9216,1,34452,9142,14,33288,0,0,33311,13018,1,33302,4704,242;
1701351294493;3446983,44904,1,248,495,540,32408,0,0,34534,9202,0,33310,11037,1,32240,0,0,132037,0,0,33290,9217,1,34452,9144,14,33288,0,0,33311,13018,1,33302,4703,242;
1701351294579;3447079,44904,1,240,486,573,32408,0,0,34534,9200,0,33310,11039,2,32240,0,0,132037,0,0,33290,9216,1,34452,9142,13,33288,0,0,33311,13016,1,33302,4702,241;
1701351294693;3447182,44904,1,240,489,565,32408,0,0,34534,9201,0,33310,11039,1,32240,0,0,132037,0,0,33290,9216,1,34452,9144,14,33288,0,0,33311,13014,1,33302,4703,243;
1701351294779;3447283,44904,1,243,492,556,32408,0,0,34534,9193,0,33310,11038,1,32240,0,0,132037,0,0,33290,9216,1,34452,9144,14,33288,0,0,33311,13008,1,33302,4702,242;
1701351294883;3447383,44904,1,241,491,562,32408,0,0,34534,9193,0,33310,11038,1,32240,0,0,132037,0,0,33290,9215,1,34452,9144,14,33288,0,0,33311,13012,1,33302,4704,245;
1701351294994;3447484,44904,1,241,478,586,32408,0,0,34534,9193,0,33310,11040,1,32240,0,0,132037,0,0,33290,9217,1,34452,9139,14,33288,0,0,33311,13013,1,33302,4701,241;
1701351295188;3447684,44904,1,244,489,564,32408,0,0,34534,9195,0,33310,11037,1,32240,0,0,132037,0,0,33290,9215,1,34452,9141,14,33288,0,0,33311,13008,1,33302,4703,246;
1701351295387;3447884,44904,1,251,499,527,32408,0,0,34534,9198,0,33310,11036,1,32240,0,0,132037,0,0,33290,9217,1,34452,9145,14,33288,0,0,33311,13007,1,33302,4703,245;
1701351295491;3447985,44904,1,243,492,556,32408,0,0,34534,9208,0,33310,11038,1,32240,0,0,132037,0,0,33290,9216,1,34452,9144,15,33288,0,0,33311,13010,1,33302,4702,244;
1701351295688;3448183,44904,1,246,487,560,32408,0,0,34534,9206,0,33310,11038,1,32240,0,0,132037,0,0,33290,9217,1,34452,9141,15,33288,0,0,33311,13003,1,33302,4702,242;
1701351295792;3448282,44904,1,243,490,558,32408,0,0,34534,9201,0,33310,11039,1,32240,0,0,132037,0,0,33290,9217,1,34452,9144,16,33288,0,0,33311,13005,1,33302,4703,243;
1701351295894;3448385,44904,1,249,493,544,32408,0,0,34534,9193,0,33310,11036,1,32240,0,0,132037,0,0,33290,9216,1,34452,9142,16,33288,0,0,33311,13004,1,33302,4701,244;
1701351295977;3448480,44904,1,248,489,550,32408,0,0,34534,9188,0,33310,11038,1,32240,0,0,132037,0,0,33290,9218,1,34452,9142,16,33288,0,0,33311,13005,1,33302,4702,245;
1701351296091;3448582,44904,1,244,485,570,32408,0,0,34534,9198,0,33310,11038,1,32240,0,0,132037,0,0,33290,9216,1,34452,9140,16,33288,0,0,33311,13006,1,33302,4702,245;
1701351296194;3448683,44904,1,243,488,563,32408,0,0,34534,9195,0,33310,11038,1,32240,0,0,132037,0,0,33290,9216,1,34452,9142,15,33288,0,0,33311,13000,1,33302,4702,246;
1701351296482;3448980,44904,1,245,490,552,32408,0,0,34534,9188,0,33310,11039,1,32240,0,0,132037,0,0,33290,9218,1,34452,9144,15,33288,0,0,33311,13002,1,33302,4702,245;
1701351296783;3449279,44904,1,235,485,585,32408,0,0,34534,9188,0,33310,11040,1,32240,0,0,132037,0,0,33290,9215,1,34452,9143,15,33288,0,0,33311,12999,1,33302,4701,243;
1701351296891;3449382,44904,1,235,477,599,32408,0,0,34534,9190,0,33310,11041,1,32240,0,0,132037,0,0,33290,9216,1,34452,9140,15,33288,0,0,33311,13003,1,33302,4701,243;
1701351296982;3449482,44904,1,235,483,589,32408,0,0,34534,9193,0,33310,11040,1,32240,0,0,132037,0,0,33290,9215,1,34452,9142,15,33288,0,0,33311,13000,1,33302,4701,241;
1701351297093;3449583,44904,1,235,487,582,32408,0,0,34534,9189,0,33310,11039,1,32240,0,0,132037,0,0,33290,9214,1,34452,9143,15,33288,0,0,33311,12996,1,33302,4702,241;
1701351297176;3449679,44904,1,239,490,574,32408,0,0,34534,9197,0,33310,11037,1,32240,0,0,132037,0,0,33290,9213,1,34452,9142,14,33288,0,0,33311,13001,1,33302,4702,242;
1701351297292;3449783,44904,1,244,486,567,32408,0,0,34534,9201,0,33310,11038,1,32240,0,0,132037,0,0,33290,9216,1,34452,9141,14,33288,0,0,33311,13001,1,33302,4702,242;
1701351297391;3449882,44904,1,254,490,538,32408,0,0,34534,9198,0,33310,11037,2,32240,0,0,132037,0,0,33290,9219,1,34452,9141,15,33288,0,0,33311,12999,1,33302,4702,243;
1701351297493;3449983,44904,1,246,493,550,32408,0,0,34534,9196,0,33310,11037,1,32240,0,0,132037,0,0,33290,9216,1,34452,9143,15,33288,0,0,33311,12997,1,33302,4701,243;
1701351297578;3450079,44904,1,236,486,587,32408,0,0,34534,9200,0,33310,11038,2,32240,0,0,132037,0,0,33290,9213,1,34452,9141,15,33288,0,0,33311,12998,1,33302,4701,243;
1701351297692;3450182,44904,1,242,487,574,32408,0,0,34534,9200,0,33310,11037,2,32240,0,0,132037,0,0,33290,9214,1,34452,9140,15,33288,0,0,33311,12997,1,33302,4701,242;
1701351297780;3450283,44904,1,247,493,551,32408,0,0,34534,9205,0,33310,11036,2,32240,0,0,132037,0,0,33290,9215,1,34452,9142,15,33288,0,0,33311,12997,1,33302,4701,243;
1701351297985;3450479,44904,1,244,486,567,32408,0,0,34534,9205,0,33310,11038,2,32240,0,0,132037,0,0,33290,9216,1,34452,9141,16,33288,0,0,33311,12998,1,33302,4701,243;
1701351298185;3450683,44904,1,246,489,557,32408,0,0,34534,9202,0,33310,11037,2,32240,0,0,132037,0,0,33290,9216,1,34452,9141,16,33288,0,0,33311,12996,2,33302,4701,244;
1701351298291;3450784,44904,1,252,496,535,32408,0,0,34534,9211,0,33310,11035,1,32240,0,0,132037,0,0,33290,9216,1,34452,9142,16,33288,0,0,33311,12996,2,33302,4701,243;
1701351298486;3450982,44904,1,239,490,574,32408,0,0,34534,9196,0,33310,11037,2,32240,0,0,132037,0,0,33290,9213,1,34452,9142,15,33288,0,0,33311,12994,2,33302,4702,244;
1701351298591;3451083,44904,1,247,495,547,32408,0,0,34534,9195,0,33310,11036,2,32240,0,0,132037,0,0,33290,9215,1,34452,9143,15,33288,0,0,33311,12996,1,33302,4702,246;
1701351298692;3451184,44904,1,240,486,573,32408,0,0,34534,9201,0,33310,11039,1,32240,0,0,132037,0,0,33290,9216,1,34452,9142,16,33288,0,0,33311,12995,1,33302,4701,246;
1701351298775;3451279,44904,1,242,491,568,32408,0,0,34534,9192,0,33310,11036,2,32240,0,0,132037,0,0,33290,9213,1,34452,9141,16,33288,0,0,33311,12997,2,33302,4701,248;
1701351298906;3451382,44904,1,244,489,564,32408,0,0,34534,9188,0,33310,11037,2,32240,0,0,132037,0,0,33290,9215,1,34452,9141,15,33288,0,0,33311,12995,1,33302,4701,248;
1701351298993;3451483,44904,1,238,491,569,32408,0,0,34534,9199,0,33310,11038,2,32240,0,0,132037,0,0,33290,9214,1,34452,9144,15,33288,0,0,33311,12996,2,33302,4701,247;
1701351299091;3451584,44904,1,249,493,544,32408,0,0,34534,9198,0,33310,11036,2,32240,0,0,132037,0,0,33290,9216,1,34452,9142,15,33288,0,0,33311,12995,2,33302,4702,247;
1701351299176;3451679,44904,1,242,491,555,32408,0,0,34534,9187,0,33310,11039,2,32240,0,0,132037,0,0,33290,9217,1,34452,9145,16,33288,0,0,33311,12998,2,33302,4701,246;
1701351299280;3451783,44904,1,238,488,576,32408,0,0,34534,9194,0,33310,11038,2,32240,0,0,132037,0,0,33290,9214,1,34452,9142,16,33288,0,0,33311,12999,2,33302,4701,245;
1701351299377;3451883,44904,1,244,489,564,32408,0,0,34534,9197,0,33310,11037,2,32240,0,0,132037,0,0,33290,9215,1,34452,9141,16,33288,0,0,33311,12997,2,33302,4702,245;
1701351299490;3451984,44904,1,243,488,563,32408,0,0,34534,9196,0,33310,11038,2,32240,0,0,132037,0,0,33290,9216,1,34452,9142,16,33288,0,0,33311,12997,2,33302,4702,244;
1701351299590;3452080,44904,1,243,488,563,32408,0,0,34534,9193,0,33310,11038,2,32240,0,0,132037,0,0,33290,9216,1,34452,9142,15,33288,0,0,33311,12995,2,33302,4701,243;
1701351299789;3452281,44904,1,241,488,570,32408,0,0,34534,9194,0,33310,11038,2,32240,0,0,132037,0,0,33290,9215,1,34452,9142,16,33288,0,0,33311,12993,2,33302,4700,241;
1701351299893;3452384,44904,1,249,497,537,32408,0,0,34534,9199,0,33310,11036,2,32240,0,0,132037,0,0,33290,9216,1,34452,9144,15,33288,0,0,33311,12995,2,33302,4702,244;
1701351299990;3452482,44904,1,244,485,571,32408,0,0,34534,9187,0,33310,11037,2,32240,0,0,132037,0,0,33290,9215,1,34452,9139,15,33288,0,0,33311,12998,2,33302,4701,243;
1701351300091;3452583,44904,1,244,489,564,32408,0,0,34534,9205,0,33310,11037,2,32240,0,0,132037,0,0,33290,9215,1,34452,9141,15,33288,0,0,33311,12995,2,33302,4703,244;
1701351300175;3452679,44904,1,247,493,551,32408,0,0,34534,9196,0,33310,11036,2,32240,0,0,132037,0,0,33290,9215,1,34452,9142,15,33288,0,0,33311,12997,2,33302,4702,244;
1701351300280;3452781,44904,1,251,495,534,32408,0,0,34534,9193,0,33310,11036,2,32240,0,0,132037,0,0,33290,9217,1,34452,9143,15,33288,0,0,33311,12997,2,33302,4701,244;
1701351300486;3452983,44904,1,246,489,557,32408,0,0,34534,9199,0,33310,11037,2,32240,0,0,132037,0,0,33290,9216,1,34452,9141,15,33288,0,0,33311,12994,2,33302,4701,244;
