1701350689418;2841842,44904,1,-473,460,939,32408,0,0,34534,9431,0,33310,11468,0,32240,0,0,132037,0,0,33290,9475,1,34452,9688,7,33288,0,0,33311,12962,0,33302,4563,255;
1701350689597;2841944,44904,1,-439,475,845,32408,0,0,34534,9426,0,33310,11457,0,32240,0,0,132037,0,0,33290,9475,1,34452,9681,7,33288,0,0,33311,12956,0,33302,4563,255;
1701350689664;2842045,44904,1,-439,483,829,32408,0,0,34534,9434,0,33310,11456,0,32240,0,0,132037,0,0,33290,9474,1,34452,9684,7,33288,0,0,33311,12960,0,33302,0,0;
1701350689731;2842146,44904,1,-461,467,902,32408,0,0,34534,9422,0,33310,11464,0,32240,0,0,132037,0,0,33290,9475,1,34452,9686,7,33288,0,0,33311,12957,0,33302,4564,255;
1701350689932;2842344,44904,1,-445,478,851,32408,0,0,34534,9425,0,33310,11458,0,32240,0,0,132037,0,0,33290,9474,1,34452,9684,7,33288,0,0,33311,12960,0,33302,4564,255;
1701350690036;2842446,44904,1,-443,484,832,32408,0,0,34534,9431,0,33310,11457,0,32240,0,0,132037,0,0,33290,9474,1,34452,9686,8,33288,0,0,33311,12963,0,33302,0,0;
1701350690134;2842546,44904,1,-443,484,832,32408,0,0,34534,9426,0,33310,11457,0,32240,0,0,132037,0,0,33290,9474,1,34452,9686,8,33288,0,0,33311,12968,0,33302,4563,255;
1701350690233;2842642,44904,1,-431,493,792,32408,0,0,34534,9428,0,33310,11453,0,32240,0,0,132037,0,0,33290,9474,1,34452,9685,7,33288,0,0,33311,12968,0,33302,4564,255;
1701350690330;2842745,44904,1,-447,480,856,32408,0,0,34534,9427,0,33310,11457,0,32240,0,0,132037,0,0,33290,9472,1,34452,9684,7,33288,0,0,33311,12974,0,33302,4564,255;
1701350690431;2842846,44904,1,-437,486,818,32408,0,0,34534,9425,0,33310,11455,0,32240,0,0,132037,0,0,33290,9474,1,34452,9684,7,33288,0,0,33311,12966,0,33302,4563,255;
1701350690541;2842946,44904,1,-422,499,763,32408,0,0,34534,9427,0,33310,11450,0,32240,0,0,132037,0,0,33290,9474,1,34452,9684,7,33288,0,0,33311,12978,0,33302,4563,255;
1701350690668;2843047,44904,1,-440,481,832,32408,0,0,34534,9425,0,33310,11457,0,32240,0,0,132037,0,0,33290,9475,1,34452,9684,7,33288,0,0,33311,12971,0,33302,4564,255;
1701350690715;2843144,44904,1,-439,487,822,32408,0,0,34534,9428,0,33310,11455,0,32240,0,0,132037,0,0,33290,9473,1,34452,9685,7,33288,0,0,33311,12966,0,33302,4563,255;
1701350690822;2843245,44904,1,-419,493,768,32408,0,0,34534,9422,0,33310,11450,0,32240,0,0,132037,0,0,33290,9475,1,34452,9681,8,33288,0,0,33311,12973,0,33302,4563,255;
1701350690914;2843346,44904,1,-424,513,745,32408,0,0,34534,9433,0,33310,11446,0,32240,0,0,132037,0,0,33290,9470,1,34452,9688,7,33288,0,0,33311,12965,0,33302,4563,255;
1701350691014;2843448,44904,1,-413,519,709,32408,0,0,34534,9427,0,33310,11444,0,32240,0,0,132037,0,0,33290,9472,1,34452,9688,8,33288,0,0,33311,12968,0,33302,4564,255;
1701350691114;2843542,44904,1,-401,517,688,32408,0,0,34534,9430,0,33310,11442,0,32240,0,0,132037,0,0,33290,9474,1,34452,9684,8,33288,0,0,33311,12967,0,33302,4563,255;
1701350691221;2843644,44904,1,-404,522,684,32408,0,0,34534,9433,0,33310,11442,0,32240,0,0,132037,0,0,33290,9473,1,34452,9687,7,33288,0,0,33311,12968,0,33302,4563,255;
1701350691324;2843747,44904,1,-411,515,708,32408,0,0,34534,9433,0,33310,11445,0,32240,0,0,132037,0,0,33290,9474,1,34452,9687,8,33288,0,0,33311,12967,0,33302,4564,255;
1701350691413;2843845,44904,1,-407,526,684,32408,0,0,34534,9428,0,33310,11441,0,32240,0,0,132037,0,0,33290,9471,1,34452,9688,7,33288,0,0,33311,12967,0,33302,4564,255;
1701350691528;2843946,44904,1,-408,519,694,32408,0,0,34534,9429,0,33310,11444,0,32240,0,0,132037,0,0,33290,9474,1,34452,9688,8,33288,0,0,33311,12967,0,33302,4563,255;
1701350691613;2844044,44904,1,-422,504,751,32408,0,0,34534,9430,0,33310,11450,0,32240,0,0,132037,0,0,33290,9474,1,34452,9687,8,33288,0,0,33311,12967,0,33302,4564,255;
1701350691712;2844144,44904,1,-413,511,724,32408,0,0,34534,9430,0,33310,11445,0,32240,0,0,132037,0,0,33290,9473,1,34452,9685,8,33288,0,0,33311,12974,0,33302,4564,255;
1701350691821;2844245,44904,1,-416,506,738,32408,0,0,34534,9430,0,33310,11448,0,32240,0,0,132037,0,0,33290,9474,1,34452,9685,8,33288,0,0,33311,12976,0,33302,4563,255;
1701350691929;2844347,44904,1,-423,500,758,32408,0,0,34534,9430,0,33310,11451,0,32240,0,0,132037,0,0,33290,9475,1,34452,9686,7,33288,0,0,33311,12973,0,33302,4564,255;
1701350692013;2844442,44904,1,-439,487,822,32408,0,0,34534,9424,0,33310,11455,0,32240,0,0,132037,0,0,33290,9473,1,34452,9685,8,33288,0,0,33311,12973,0,33302,4563,255;
1701350692113;2844545,44904,1,-440,479,836,32408,0,0,34534,9434,0,33310,11457,0,32240,0,0,132037,0,0,33290,9475,1,34452,9683,8,33288,0,0,33311,12980,0,33302,4564,255;
1701350692212;2844645,44904,1,-434,494,795,32408,0,0,34534,9430,0,33310,11454,0,32240,0,0,132037,0,0,33290,9474,1,34452,9687,8,33288,0,0,33311,12969,0,33302,4563,255;
1701350692312;2844746,44904,1,-433,491,804,32408,0,0,34534,9430,0,33310,11453,0,32240,0,0,132037,0,0,33290,9473,1,34452,9684,8,33288,0,0,33311,12966,0,33302,4563,255;
1701350692527;2844944,44904,1,-414,512,719,32408,0,0,34534,9441,0,33310,11446,0,32240,0,0,132037,0,0,33290,9474,1,34452,9687,7,33288,0,0,33311,12969,0,33302,4564,255;
1701350692613;2845046,44904,1,-420,503,747,32408,0,0,34534,9428,0,33310,11450,0,32240,0,0,132037,0,0,33290,9475,1,34452,9686,7,33288,0,0,33311,12971,0,33302,4564,255;
1701350692724;2845146,44904,1,-419,509,737,32408,0,0,34534,9430,0,33310,11448,0,32240,0,0,132037,0,0,33290,9473,1,34452,9687,7,33288,0,0,33311,12974,0,33302,4563,255;
1701350692812;2845249,44904,1,-443,478,843,32408,0,0,34534,9433,0,33310,11458,0,32240,0,0,132037,0,0,33290,9475,1,34452,9684,7,33288,0,0,33311,12973,0,33302,4564,255;
1701350692916;2845344,44904,1,-436,484,823,32408,0,0,34534,9430,0,33310,11454,0,32240,0,0,132037,0,0,33290,9473,1,34452,9682,7,33288,0,0,33311,12969,0,33302,4563,255;
1701350693010;2845444,44904,1,-446,478,850,32408,0,0,34534,9431,0,33310,11459,0,32240,0,0,132037,0,0,33290,9475,1,34452,9685,7,33288,0,0,33311,12976,0,33302,4564,255;
1701350693120;2845548,44904,1,-454,480,865,32408,0,0,34534,9432,0,33310,11460,0,32240,0,0,132037,0,0,33290,9473,1,34452,9688,7,33288,0,0,33311,12975,0,33302,4564,255;
1701350693214;2845642,44904,1,-463,464,915,32408,0,0,34534,9428,0,33310,11464,0,32240,0,0,132037,0,0,33290,9474,1,34452,9685,7,33288,0,0,33311,12978,0,33302,4564,255;
1701350693324;2845745,44904,1,-449,479,853,32408,0,0,34534,9451,0,33310,11460,0,32240,0,0,132037,0,0,33290,9475,1,34452,9687,7,33288,0,0,33311,12980,0,33302,4563,255;
1701350693418;2845846,44904,1,-446,490,827,32408,0,0,34534,9433,0,33310,11457,0,32240,0,0,132037,0,0,33290,9473,1,34452,9689,8,33288,0,0,33311,12981,0,33302,4563,255;
1701350693526;2845946,44904,1,-479,454,978,32408,0,0,34534,9442,0,33310,11467,0,32240,0,0,132037,0,0,33290,9471,1,34452,9684,7,33288,0,0,33311,12975,0,33302,0,0;
1701350693612;2846047,44904,1,-448,477,858,32408,0,0,34534,9430,0,33310,11459,0,32240,0,0,132037,0,0,33290,9474,1,34452,9685,7,33288,0,0,33311,12973,0,33302,4563,255;
1701350693713;2846143,44904,1,-457,474,884,32408,0,0,34534,9429,0,33310,11461,0,32240,0,0,132037,0,0,33290,9473,1,34452,9686,8,33288,0,0,33311,12969,0,33302,4564,255;
1701350693824;2846245,44904,1,-454,464,897,32408,0,0,34534,9435,0,33310,11462,0,32240,0,0,132037,0,0,33290,9475,1,34452,9682,8,33288,0,0,33311,12976,0,33302,4563,255;
1701350693919;2846345,44904,1,-481,457,967,32408,0,0,34534,9445,0,33310,11469,0,32240,0,0,132037,0,0,33290,9473,1,34452,9688,7,33288,0,0,33311,12975,0,33302,4564,255;
1701350694028;2846446,44904,1,-439,489,817,32408,0,0,34534,9429,0,33310,11455,0,32240,0,0,132037,0,0,33290,9473,1,34452,9686,8,33288,0,0,33311,12968,0,33302,4564,255;
1701350694110;2846542,44904,1,-443,482,835,32408,0,0,34534,9433,0,33310,11458,0,32240,0,0,132037,0,0,33290,9475,1,34452,9686,8,33288,0,0,33311,12968,0,33302,4563,255;
1701350694210;2846644,44904,1,-445,486,836,32408,0,0,34534,9432,0,33310,11456,0,32240,0,0,132037,0,0,33290,9472,1,34452,9686,8,33288,0,0,33311,12971,0,33302,0,0;
1701350694320;2846744,44904,1,-445,484,840,32408,0,0,34534,9435,0,33310,11457,0,32240,0,0,132037,0,0,33290,9473,1,34452,9686,8,33288,0,0,33311,12969,0,33302,4564,255;
1701350694424;2846845,44904,1,-440,485,824,32408,0,0,34534,9433,0,33310,11457,0,32240,0,0,132037,0,0,33290,9475,1,34452,9686,8,33288,0,0,33311,12964,0,33302,0,0;
1701350694518;2846942,44904,1,-445,478,851,32408,0,0,34534,9436,0,33310,11458,0,32240,0,0,132037,0,0,33290,9474,1,34452,9684,8,33288,0,0,33311,12965,0,33302,4564,255;
1701350694613;2847044,44904,1,-446,490,827,32408,0,0,34534,9440,0,33310,11457,0,32240,0,0,132037,0,0,33290,9473,1,34452,9689,8,33288,0,0,33311,12958,0,33302,4563,255;
1701350694720;2847145,44904,1,-449,485,842,32408,0,0,34534,9437,0,33310,11458,0,32240,0,0,132037,0,0,33290,9473,1,34452,9688,8,33288,0,0,33311,12969,0,33302,0,0;
1701350694829;2847246,44904,1,-443,490,820,32408,0,0,34534,9428,0,33310,11456,0,32240,0,0,132037,0,0,33290,9473,1,34452,9688,8,33288,0,0,33311,12966,0,33302,4563,255;
1701350694923;2847346,44904,1,-436,478,835,32408,0,0,34534,9432,0,33310,11455,0,32240,0,0,132037,0,0,33290,9474,1,34452,9680,7,33288,0,0,33311,12965,1,33302,0,0;
1701350695017;2847444,44904,1,-437,488,814,32408,0,0,34534,9435,0,33310,11455,0,32240,0,0,132037,0,0,33290,9474,1,34452,9685,7,33288,0,0,33311,12964,0,33302,4563,255;
1701350695128;2847544,44904,1,-445,490,828,32408,0,0,34534,9433,0,33310,11456,0,32240,0,0,132037,0,0,33290,9472,1,34452,9688,7,33288,0,0,33311,12966,0,33302,4564,255;
1701350695223;2847646,44904,1,-451,483,854,32408,0,0,34534,9428,0,33310,11458,0,32240,0,0,132037,0,0,33290,9472,1,34452,9687,8,33288,0,0,33311,12964,0,33302,0,0;
1701350695318;2847741,44904,1,-436,494,803,32408,0,0,34534,9434,0,33310,11453,0,32240,0,0,132037,0,0,33290,9472,1,34452,9686,8,33288,0,0,33311,12963,0,33302,4563,255;
1701350695413;2847844,44904,1,-438,494,812,32408,0,0,34534,9429,0,33310,11452,0,32240,0,0,132037,0,0,33290,9470,1,34452,9685,7,33288,0,0,33311,12973,0,33302,4563,255;
1701350695513;2847945,44904,1,-439,495,806,32408,0,0,34534,9435,0,33310,11454,0,32240,0,0,132037,0,0,33290,9472,1,34452,9688,7,33288,0,0,33311,12966,0,33302,4563,255;
1701350695624;2848046,44904,1,-445,480,848,32408,0,0,34534,9441,0,33310,11457,0,32240,0,0,132037,0,0,33290,9473,1,34452,9684,7,33288,0,0,33311,12967,0,33302,4563,255;
1701350695718;2848142,44904,1,-427,492,790,32408,0,0,34534,9438,0,33310,11451,0,32240,0,0,132037,0,0,33290,9473,1,34452,9682,8,33288,0,0,33311,12961,0,33302,4563,255;
1701350695823;2848244,44904,1,-424,499,771,32408,0,0,34534,9440,0,33310,11450,0,32240,0,0,132037,0,0,33290,9473,1,34452,9684,8,33288,0,0,33311,12960,0,33302,4563,255;
1701350695933;2848346,44904,1,-457,474,884,32408,0,0,34534,9433,0,33310,11461,0,32240,0,0,132037,0,0,33290,9473,1,34452,9686,8,33288,0,0,33311,12965,0,33302,4563,255;
1701350696028;2848446,44904,1,-439,484,830,32408,0,0,34534,9432,0,33310,11455,0,32240,0,0,132037,0,0,33290,9473,1,34452,9683,8,33288,0,0,33311,12965,0,33302,4563,255;
1701350696126;2848542,44904,1,-431,495,788,32408,0,0,34534,9435,0,33310,11453,0,32240,0,0,132037,0,0,33290,9474,1,34452,9686,7,33288,0,0,33311,12961,0,33302,4564,255;
1701350696221;2848644,44904,1,-465,471,912,32408,0,0,34534,9423,0,33310,11462,0,32240,0,0,132037,0,0,33290,9471,1,34452,9686,7,33288,0,0,33311,12963,0,33302,4563,255;
1701350696328;2848747,44904,1,-446,486,834,32408,0,0,34534,9441,0,33310,11458,0,32240,0,0,132037,0,0,33290,9474,1,34452,9688,7,33288,0,0,33311,12966,0,33302,4563,255;
1701350696411;2848845,44904,1,-427,496,783,32408,0,0,34534,9431,0,33310,11450,0,32240,0,0,132037,0,0,33290,9472,1,34452,9683,7,33288,0,0,33311,12964,0,33302,4563,255;
1701350696517;2848942,44904,1,-439,492,814,32408,0,0,34534,9433,0,33310,11454,0,32240,0,0,132037,0,0,33290,9472,1,34452,9686,8,33288,0,0,33311,12965,0,33302,4563,255;
1701350696628;2849045,44904,1,-440,485,825,32408,0,0,34534,9428,0,33310,11456,0,32240,0,0,132037,0,0,33290,9474,1,34452,9685,8,33288,0,0,33311,12970,0,33302,4564,255;
1701350696733;2849146,44904,1,-456,478,878,32408,0,0,34534,9438,0,33310,11459,0,32240,0,0,132037,0,0,33290,9471,1,34452,9686,8,33288,0,0,33311,12966,0,33302,4564,255;
1701350696840;2849246,44904,1,-452,480,857,32408,0,0,34534,9438,0,33310,11460,0,32240,0,0,132037,0,0,33290,9474,1,34452,9688,8,33288,0,0,33311,12970,0,33302,4564,255;
1701350696928;2849342,44904,1,-443,489,824,32408,0,0,34534,9445,0,33310,11456,0,32240,0,0,132037,0,0,33290,9473,1,34452,9687,7,33288,0,0,33311,12967,0,33302,0,0;
1701350697028;2849445,44904,1,-438,491,805,32408,0,0,34534,9435,0,33310,11456,0,32240,0,0,132037,0,0,33290,9475,1,34452,9688,7,33288,0,0,33311,12975,0,33302,4563,255;
1701350697126;2849545,44904,1,-439,489,817,32408,0,0,34534,9429,0,33310,11455,0,32240,0,0,132037,0,0,33290,9473,1,34452,9686,7,33288,0,0,33311,12971,0,33302,4564,255;
1701350697304;2849645,44904,1,-440,485,825,32408,0,0,34534,9428,0,33310,11456,0,32240,0,0,132037,0,0,33290,9474,1,34452,9685,7,33288,0,0,33311,12965,0,33302,4564,255;
1701350697325;2849741,44904,1,-454,474,877,32408,0,0,34534,9432,0,33310,11460,0,32240,0,0,132037,0,0,33290,9473,1,34452,9685,7,33288,0,0,33311,12969,0,33302,4564,255;
1701350697436;2849844,44904,1,-435,492,798,32408,0,0,34534,9429,0,33310,11455,0,32240,0,0,132037,0,0,33290,9475,1,34452,9687,7,33288,0,0,33311,12965,0,33302,4563,255;
1701350697526;2849945,44904,1,-465,465,924,32408,0,0,34534,9427,0,33310,11463,0,32240,0,0,132037,0,0,33290,9472,1,34452,9684,7,33288,0,0,33311,12973,0,33302,4564,255;
1701350697634;2850047,44904,1,-444,485,841,32408,0,0,34534,9430,0,33310,11455,0,32240,0,0,132037,0,0,33290,9471,1,34452,9684,7,33288,0,0,33311,12971,0,33302,4563,255;
1701350697727;2850141,44904,1,-445,485,841,32408,0,0,34534,9441,0,33310,11456,0,32240,0,0,132037,0,0,33290,9472,1,34452,9685,7,33288,0,0,33311,12970,0,33302,4564,255;
1701350697841;2850245,44904,1,-425,496,774,32408,0,0,34534,9430,0,33310,11451,0,32240,0,0,132037,0,0,33290,9474,1,34452,9684,7,33288,0,0,33311,12969,0,33302,4563,255;
1701350697927;2850344,44904,1,-425,502,762,32408,0,0,34534,9444,0,33310,11451,0,32240,0,0,132037,0,0,33290,9474,1,34452,9687,8,33288,0,0,33311,12970,0,33302,4564,255;
1701350698041;2850446,44904,1,-441,484,839,32408,0,0,34534,9447,0,33310,11454,0,32240,0,0,132037,0,0,33290,9471,1,34452,9682,7,33288,0,0,33311,12973,0,33302,4564,255;
1701350698125;2850542,44904,1,-445,486,835,32408,0,0,34534,9432,0,33310,11457,0,32240,0,0,132037,0,0,33290,9473,1,34452,9687,7,33288,0,0,33311,12968,0,33302,4564,255;
1701350698235;2850644,44904,1,-427,504,766,32408,0,0,34534,9442,0,33310,11450,0,32240,0,0,132037,0,0,33290,9472,1,34452,9687,7,33288,0,0,33311,12963,0,33302,4564,255;
1701350698331;2850746,44904,1,-429,497,776,32408,0,0,34534,9441,0,33310,11453,0,32240,0,0,132037,0,0,33290,9475,1,34452,9687,7,33288,0,0,33311,12967,0,33302,4563,255;
1701350698442;2850846,44904,1,-455,475,871,32408,0,0,34534,9448,0,33310,11462,0,32240,0,0,132037,0,0,33290,9475,1,34452,9688,7,33288,0,0,33311,12975,0,33302,4564,255;
1701350698530;2850941,44904,1,-437,496,798,32408,0,0,34534,9445,0,33310,11454,0,32240,0,0,132037,0,0,33290,9473,1,34452,9688,7,33288,0,0,33311,12968,0,33302,4563,255;
1701350698659;2851044,44904,1,-443,484,832,32408,0,0,34534,9447,0,33310,11457,0,32240,0,0,132037,0,0,33290,9474,1,34452,9686,8,33288,0,0,33311,12970,0,33302,4564,255;
1701350698727;2851146,44904,1,-416,510,730,32408,0,0,34534,9450,0,33310,11446,0,32240,0,0,132037,0,0,33290,9473,1,34452,9686,8,33288,0,0,33311,12968,0,33302,4563,255;
1701350698842;2851245,44904,1,-419,507,741,32408,0,0,34534,9452,0,33310,11448,0,32240,0,0,132037,0,0,33290,9473,1,34452,9686,7,33288,0,0,33311,12966,0,33302,4563,255;
1701350698918;2851341,44904,1,-434,484,814,32408,0,0,34534,9441,0,33310,11455,0,32240,0,0,132037,0,0,33290,9475,1,34452,9683,7,33288,0,0,33311,12968,0,33302,4564,255;
1701350699026;2851444,44904,1,-420,507,740,32408,0,0,34534,9451,0,33310,11449,0,32240,0,0,132037,0,0,33290,9474,1,34452,9687,7,33288,0,0,33311,12965,0,33302,4563,255;
1701350699141;2851546,44904,1,-431,503,773,32408,0,0,34534,9462,0,33310,11451,0,32240,0,0,132037,0,0,33290,9472,1,34452,9688,7,33288,0,0,33311,12968,0,33302,4564,255;
1701350699239;2851645,44904,1,-408,519,694,32408,0,0,34534,6380,0,33310,11444,0,32240,0,0,132037,0,0,33290,9474,1,34452,9688,8,33288,0,0,33311,12975,0,33302,4564,255;
1701350699339;2851746,44904,1,-407,516,702,32408,0,0,34534,9446,0,33310,11443,0,32240,0,0,132037,0,0,33290,9473,1,34452,9685,8,33288,0,0,33311,12966,0,33302,4563,255;
1701350699436;2851842,44904,1,-408,516,702,32408,0,0,34534,9440,0,33310,11444,0,32240,0,0,132037,0,0,33290,9474,1,34452,9686,8,33288,0,0,33311,12971,0,33302,4564,255;
1701350699528;2851945,44904,1,-423,503,765,32408,0,0,34534,9469,0,33310,11448,0,32240,0,0,132037,0,0,33290,9471,1,34452,9684,8,33288,0,0,33311,12969,0,33302,4563,255;
1701350699736;2852146,44904,1,-407,520,695,32408,0,0,34534,9446,0,33310,11442,0,32240,0,0,132037,0,0,33290,9472,1,34452,9686,8,33288,0,0,33311,12974,0,33302,4564,255;
1701350699830;2852242,44904,1,-416,516,719,32408,0,0,34534,9468,0,33310,11445,0,32240,0,0,132037,0,0,33290,9472,1,34452,9688,8,33288,0,0,33311,12973,0,33302,4563,255;
1701350699938;2852342,44904,1,-410,518,706,32408,0,0,34534,9452,0,33310,11443,0,32240,0,0,132037,0,0,33290,9472,1,34452,9686,8,33288,0,0,33311,12980,0,33302,4563,255;
1701350700040;2852444,44904,1,-401,519,685,32408,0,0,34534,9444,0,33310,11441,0,32240,0,0,132037,0,0,33290,9473,1,34452,9684,8,33288,0,0,33311,12968,0,33302,4564,255;
1701350700127;2852545,44904,1,-393,527,653,32408,0,0,34534,9448,0,33310,11439,0,32240,0,0,132037,0,0,33290,9474,1,34452,9685,8,33288,0,0,33311,12970,0,33302,4563,255;
1701350700226;2852641,44904,1,-402,535,654,32408,0,0,34534,9458,0,33310,11440,0,32240,0,0,132037,0,0,33290,9472,1,34452,9691,8,33288,0,0,33311,12968,0,33302,4563,255;
1701350700340;2852743,44904,1,-397,533,643,32408,0,0,34534,9443,0,33310,11441,0,32240,0,0,132037,0,0,33290,9475,1,34452,9691,8,33288,0,0,33311,12973,0,33302,4563,255;
1701350700439;2852845,44904,1,-400,522,682,32408,0,0,34534,9444,0,33310,11440,0,32240,0,0,132037,0,0,33290,9472,1,34452,9684,8,33288,0,0,33311,12974,0,33302,4563,255;
1701350700528;2852946,44904,1,-398,528,663,32408,0,0,34534,9452,0,33310,11440,0,32240,0,0,132037,0,0,33290,9473,1,34452,9687,8,33288,0,0,33311,12968,0,33302,4564,255;
1701350700626;2853041,44904,1,-399,525,666,32408,0,0,34534,9447,0,33310,11441,0,32240,0,0,132037,0,0,33290,9474,1,34452,9687,8,33288,0,0,33311,12967,0,33302,4564,255;
1701350700726;2853143,44904,1,-402,518,698,32408,0,0,34534,9452,0,33310,11440,0,32240,0,0,132037,0,0,33290,9471,1,34452,9682,8,33288,0,0,33311,12965,0,33302,4564,255;
1701350700836;2853246,44904,1,-409,522,699,32408,0,0,34534,9444,0,33310,11442,0,32240,0,0,132037,0,0,33290,9471,1,34452,9687,8,33288,0,0,33311,12971,0,33302,4564,255;
1701350700941;2853344,44904,1,-416,516,719,32408,0,0,34534,9442,0,33310,11445,0,32240,0,0,132037,0,0,33290,9472,1,34452,9688,8,33288,0,0,33311,12966,0,33302,4564,255;
1701350701026;2853441,44904,1,-404,517,696,32408,0,0,34534,9445,0,33310,11442,0,32240,0,0,132037,0,0,33290,9473,1,34452,9684,8,33288,0,0,33311,12973,0,33302,4563,255;
1701350701134;2853543,44904,1,-415,511,731,32408,0,0,34534,9428,0,33310,11445,0,32240,0,0,132037,0,0,33290,9472,1,34452,9685,8,33288,0,0,33311,12971,0,33302,4563,255;
1701350701238;2853646,44904,1,-412,519,710,32408,0,0,34534,9449,0,33310,11443,0,32240,0,0,132037,0,0,33290,9471,1,34452,9687,8,33288,0,0,33311,12973,0,33302,4563,255;
1701350701342;2853746,44904,1,-398,530,660,32408,0,0,34534,9435,0,33310,11439,0,32240,0,0,132037,0,0,33290,9472,1,34452,9687,8,33288,0,0,33311,12968,0,33302,4563,255;
1701350701440;2853847,44904,1,-410,518,706,32408,0,0,34534,9438,0,33310,11443,0,32240,0,0,132037,0,0,33290,9472,1,34452,9686,8,33288,0,0,33311,12965,0,33302,4564,255;
1701350701537;2853942,44904,1,-426,499,780,32408,0,0,34534,9453,0,33310,11449,0,32240,0,0,132037,0,0,33290,9471,1,34452,9683,8,33288,0,0,33311,12969,0,33302,4563,255;
1701350701800;2854045,44904,1,-427,510,756,32408,0,0,34534,9441,0,33310,11448,0,32240,0,0,132037,0,0,33290,9470,1,34452,9688,8,33288,0,0,33311,12970,0,33302,4564,255;
1701350701828;2854245,44904,1,-423,518,739,32408,0,0,34534,9435,0,33310,11444,0,32240,0,0,132037,0,0,33290,9468,1,34452,9688,8,33288,0,0,33311,12968,0,33302,4564,255;
1701350701922;2854340,44904,1,-410,526,691,32408,0,0,34534,9447,0,33310,11442,0,32240,0,0,132037,0,0,33290,9471,1,34452,9689,8,33288,0,0,33311,12967,0,33302,4564,255;
1701350702040;2854444,44904,1,-412,513,721,32408,0,0,34534,9438,0,33310,11444,0,32240,0,0,132037,0,0,33290,9472,1,34452,9685,8,33288,0,0,33311,12965,0,33302,4564,255;
1701350702138;2854545,44904,1,-430,508,767,32408,0,0,34534,9433,0,33310,11449,0,32240,0,0,132037,0,0,33290,9470,1,34452,9688,8,33288,0,0,33311,12964,0,33302,4563,255;
1701350702240;2854645,44904,1,-427,504,766,32408,0,0,34534,9438,0,33310,11450,0,32240,0,0,132037,0,0,33290,9472,1,34452,9687,8,33288,0,0,33311,12972,0,33302,4563,255;
1701350702324;2854742,44904,1,-435,497,801,32408,0,0,34534,9455,0,33310,11451,0,32240,0,0,132037,0,0,33290,9470,1,34452,9685,8,33288,0,0,33311,12971,0,33302,4564,255;
1701350702439;2854843,44904,1,-429,504,775,32408,0,0,34534,9442,0,33310,11449,0,32240,0,0,132037,0,0,33290,9470,1,34452,9686,8,33288,0,0,33311,12976,0,33302,4564,255;
1701350702537;2854944,44904,1,-444,489,833,32408,0,0,34534,9431,0,33310,11455,0,32240,0,0,132037,0,0,33290,9471,1,34452,9686,8,33288,0,0,33311,12966,0,33302,4563,255;
1701350702625;2855044,44904,1,-421,507,749,32408,0,0,34534,9441,0,33310,11448,0,32240,0,0,132037,0,0,33290,9472,1,34452,9686,8,33288,0,0,33311,12977,0,33302,4564,255;
1701350702867;2855146,44904,1,-416,516,719,32408,0,0,34534,9434,0,33310,11445,0,32240,0,0,132037,0,0,33290,9472,1,34452,9688,8,33288,0,0,33311,12973,0,33302,4564,255;
1701350702884;2855241,44904,1,-424,511,748,32408,0,0,34534,9442,0,33310,11448,0,32240,0,0,132037,0,0,33290,9471,1,34452,9688,8,33288,0,0,33311,12968,0,33302,4564,255;
1701350702927;2855344,44904,1,-421,508,750,32408,0,0,34534,9430,0,33310,11446,0,32240,0,0,132037,0,0,33290,9471,1,34452,9685,8,33288,0,0,33311,12970,0,33302,4564,255;
1701350703028;2855444,44904,1,-421,513,738,32408,0,0,34534,9434,0,33310,11446,0,32240,0,0,132037,0,0,33290,9471,1,34452,9688,8,33288,0,0,33311,12972,0,33302,4564,255;
1701350703134;2855544,44904,1,-427,502,770,32408,0,0,34534,9432,0,33310,11450,0,32240,0,0,132037,0,0,33290,9472,1,34452,9686,8,33288,0,0,33311,12971,0,33302,4563,255;
1701350703226;2855644,44904,1,-439,486,826,32408,0,0,34534,9435,0,33310,11455,0,32240,0,0,132037,0,0,33290,9473,1,34452,9684,8,33288,0,0,33311,12981,0,33302,4564,255;
1701350703337;2855746,44904,1,-431,503,773,32408,0,0,34534,9440,0,33310,11451,0,32240,0,0,132037,0,0,33290,9472,1,34452,9688,7,33288,0,0,33311,12977,0,33302,4563,255;
1701350703426;2855840,44904,1,-451,485,850,32408,0,0,34534,9433,0,33310,11458,0,32240,0,0,132037,0,0,33290,9472,1,34452,9688,8,33288,0,0,33311,12971,0,33302,4564,255;
1701350703536;2855944,44904,1,-447,484,848,32408,0,0,34534,9435,0,33310,11456,0,32240,0,0,132037,0,0,33290,9471,1,34452,9685,8,33288,0,0,33311,12978,0,33302,4564,255;
1701350703627;2856045,44904,1,-455,467,902,32408,0,0,34534,9429,0,33310,11460,0,32240,0,0,132037,0,0,33290,9472,1,34452,9681,8,33288,0,0,33311,12979,0,33302,4564,255;
1701350703736;2856145,44904,1,-441,496,815,32408,0,0,34534,9440,0,33310,11453,0,32240,0,0,132037,0,0,33290,9470,1,34452,9687,8,33288,0,0,33311,12978,0,33302,4564,255;
1701350703831;2856241,44904,1,-432,503,782,32408,0,0,34534,9429,0,33310,11450,0,32240,0,0,132037,0,0,33290,9470,1,34452,9687,8,33288,0,0,33311,12980,0,33302,4563,255;
1701350703933;2856344,44904,1,-440,495,805,32408,0,0,34534,9434,0,33310,11455,0,32240,0,0,132037,0,0,33290,9473,1,34452,9689,8,33288,0,0,33311,12971,0,33302,4563,255;
1701350704037;2856444,44904,1,-440,491,813,32408,0,0,34534,9433,0,33310,11455,0,32240,0,0,132037,0,0,33290,9473,1,34452,9687,7,33288,0,0,33311,12990,0,33302,4563,255;
1701350704141;2856545,44904,1,-448,482,851,32408,0,0,34534,9430,0,33310,11458,0,32240,0,0,132037,0,0,33290,9473,1,34452,9686,7,33288,0,0,33311,12974,0,33302,4564,255;
1701350704226;2856641,44904,1,-450,472,880,32408,0,0,34534,9429,0,33310,11458,0,32240,0,0,132037,0,0,33290,9472,1,34452,9681,8,33288,0,0,33311,12977,0,33302,4564,255;
1701350704340;2856743,44904,1,-443,492,816,32408,0,0,34534,9430,0,33310,11456,0,32240,0,0,132037,0,0,33290,9473,1,34452,9689,8,33288,0,0,33311,12979,0,33302,4564,255;
1701350704426;2856844,44904,1,-443,490,820,32408,0,0,34534,9438,0,33310,11456,0,32240,0,0,132037,0,0,33290,9473,1,34452,9688,8,33288,0,0,33311,12979,0,33302,0,0;
1701350704541;2856945,44904,1,-435,495,804,32408,0,0,34534,9432,0,33310,11452,0,32240,0,0,132037,0,0,33290,9471,1,34452,9685,8,33288,0,0,33311,12982,0,33302,4565,255;
1701350704628;2857041,44904,1,-449,485,842,32408,0,0,34534,9437,0,33310,11458,0,32240,0,0,132037,0,0,33290,9473,1,34452,9688,8,33288,0,0,33311,12982,0,33302,4564,255;
1701350704731;2857144,44904,1,-484,446,995,32408,0,0,34534,9462,0,33310,11472,0,32240,0,0,132037,0,0,33290,9475,1,34452,9686,7,33288,0,0,33311,13007,0,33302,4564,255;
1701350704824;2857244,44904,1,-429,496,790,32408,0,0,34534,9438,0,33310,11450,0,32240,0,0,132037,0,0,33290,9471,1,34452,9683,8,33288,0,0,33311,12989,0,33302,4564,255;
1701350704940;2857346,44904,1,-452,475,879,32408,0,0,34534,9433,0,33310,11458,0,32240,0,0,132037,0,0,33290,9471,1,34452,9683,8,33288,0,0,33311,12982,0,33302,4564,255;
1701350705026;2857445,44904,1,-439,488,823,32408,0,0,34534,9436,0,33310,11454,0,32240,0,0,132037,0,0,33290,9472,1,34452,9684,8,33288,0,0,33311,12977,0,33302,4564,255;
1701350705124;2857542,44904,1,-431,501,776,32408,0,0,34534,9438,0,33310,11452,0,32240,0,0,132037,0,0,33290,9473,1,34452,9688,8,33288,0,0,33311,12981,0,33302,4564,255;
1701350705230;2857644,44904,1,-419,506,745,32408,0,0,34534,9452,0,33310,11448,0,32240,0,0,132037,0,0,33290,9473,1,34452,9685,7,33288,0,0,33311,12979,0,33302,4564,255;
1701350705327;2857745,44904,1,-422,497,766,32408,0,0,34534,9435,0,33310,11451,0,32240,0,0,132037,0,0,33290,9475,1,34452,9684,7,33288,0,0,33311,12982,0,33302,4564,255;
1701350705422;2857840,44904,1,-425,498,770,32408,0,0,34534,9433,0,33310,11451,0,32240,0,0,132037,0,0,33290,9474,1,34452,9685,7,33288,0,0,33311,12983,0,33302,4564,255;
1701350705635;2858045,44904,1,-429,495,780,32408,0,0,34534,9443,0,33310,11453,0,32240,0,0,132037,0,0,33290,9475,1,34452,9686,7,33288,0,0,33311,12986,0,33302,4564,255;
1701350705724;2858143,44904,1,-419,497,760,32408,0,0,34534,9444,0,33310,11450,0,32240,0,0,132037,0,0,33290,9475,1,34452,9683,7,33288,0,0,33311,12976,0,33302,4564,255;
1701350705823;2858240,44904,1,-433,491,804,32408,0,0,34534,9438,0,33310,11453,0,32240,0,0,132037,0,0,33290,9473,1,34452,9684,7,33288,0,0,33311,12983,0,33302,4564,255;
1701350705941;2858343,44904,1,-440,493,809,32408,0,0,34534,9454,0,33310,11455,0,32240,0,0,132037,0,0,33290,9473,1,34452,9688,7,33288,0,0,33311,12988,0,33302,4564,255;
1701350706035;2858444,44904,1,-432,485,816,32408,0,0,34534,9435,0,33310,11453,0,32240,0,0,132037,0,0,33290,9473,1,34452,9681,7,33288,0,0,33311,12980,0,33302,4564,255;
1701350706139;2858544,44904,1,-425,502,763,32408,0,0,34534,9449,0,33310,11450,0,32240,0,0,132037,0,0,33290,9473,1,34452,9686,7,33288,0,0,33311,12981,0,33302,4563,255;
1701350706225;2858640,44904,1,-425,500,767,32408,0,0,34534,9444,0,33310,11450,0,32240,0,0,132037,0,0,33290,9473,1,34452,9685,7,33288,0,0,33311,12977,0,33302,4564,255;
1701350706338;2858745,44904,1,-421,505,753,32408,0,0,34534,9441,0,33310,11448,0,32240,0,0,132037,0,0,33290,9472,1,34452,9685,7,33288,0,0,33311,12985,0,33302,4564,255;
1701350706424;2858844,44904,1,-439,490,818,32408,0,0,34534,9451,0,33310,11454,0,32240,0,0,132037,0,0,33290,9472,1,34452,9685,7,33288,0,0,33311,12974,0,33302,4564,255;
1701350706538;2858944,44904,1,-434,484,814,32408,0,0,34534,9441,0,33310,11455,0,32240,0,0,132037,0,0,33290,9475,1,34452,9683,7,33288,0,0,33311,12987,0,33302,4564,255;
1701350706623;2859040,44904,1,-418,508,742,32408,0,0,34534,9451,0,33310,11446,0,32240,0,0,132037,0,0,33290,9472,1,34452,9685,7,33288,0,0,33311,12977,0,33302,4564,255;
1701350706739;2859144,44904,1,-431,489,799,32408,0,0,34534,9438,0,33310,11454,0,32240,0,0,132037,0,0,33290,9475,1,34452,9684,7,33288,0,0,33311,12972,0,33302,4564,255;
1701350706824;2859243,44904,1,-422,495,770,32408,0,0,34534,9459,0,33310,11451,0,32240,0,0,132037,0,0,33290,9475,1,34452,9683,7,33288,0,0,33311,12974,0,33302,4564,255;
1701350706939;2859345,44904,1,-417,507,733,32408,0,0,34534,9443,0,33310,11449,0,32240,0,0,132037,0,0,33290,9475,1,34452,9687,7,33288,0,0,33311,12978,0,33302,4563,255;
1701350707024;2859446,44904,1,-413,508,727,32408,0,0,34534,9451,0,33310,11446,0,32240,0,0,132037,0,0,33290,9474,1,34452,9685,7,33288,0,0,33311,12972,0,33302,4565,255;
1701350707123;2859541,44904,1,-419,501,752,32408,0,0,34534,9436,0,33310,11449,0,32240,0,0,132037,0,0,33290,9474,1,34452,9684,7,33288,0,0,33311,12975,0,33302,4564,255;
1701350707238;2859643,44904,1,-400,513,687,32408,0,0,34534,9438,0,33310,11444,0,32240,0,0,132037,0,0,33290,9477,1,34452,9684,7,33288,0,0,33311,12973,0,33302,4564,255;
1701350707339;2859744,44904,1,-433,491,804,32408,0,0,34534,9438,0,33310,11453,0,32240,0,0,132037,0,0,33290,9473,1,34452,9684,7,33288,0,0,33311,12978,0,33302,4564,255;
1701350707524;2859940,44904,1,-414,506,730,32408,0,0,34534,9443,0,33310,11448,0,32240,0,0,132037,0,0,33290,9475,1,34452,9685,7,33288,0,0,33311,12969,0,33302,4564,255;
1701350707626;2860042,44904,1,-408,511,709,32408,0,0,34534,9441,0,33310,11445,0,32240,0,0,132037,0,0,33290,9475,1,34452,9685,7,33288,0,0,33311,12976,0,33302,4564,255;
1701350707738;2860143,44904,1,-431,495,788,32408,0,0,34534,9428,0,33310,11453,0,32240,0,0,132037,0,0,33290,9474,1,34452,9686,7,33288,0,0,33311,12971,0,33302,4564,255;
1701350707823;2860244,44904,1,-421,499,764,32408,0,0,34534,9433,0,33310,11449,0,32240,0,0,132037,0,0,33290,9473,1,34452,9683,7,33288,0,0,33311,12973,0,33302,4565,255;
1701350707937;2860344,44904,1,-431,495,788,32408,0,0,34534,9448,0,33310,11453,0,32240,0,0,132037,0,0,33290,9474,1,34452,9686,7,33288,0,0,33311,12979,0,33302,4563,255;
1701350708024;2860440,44904,1,-421,499,764,32408,0,0,34534,9442,0,33310,11449,0,32240,0,0,132037,0,0,33290,9473,1,34452,9683,8,33288,0,0,33311,12970,0,33302,4564,255;
1701350708137;2860544,44904,1,-426,498,769,32408,0,0,34534,9445,0,33310,11452,0,32240,0,0,132037,0,0,33290,9475,1,34452,9686,7,33288,0,0,33311,12975,0,33302,4564,255;
1701350708237;2860643,44904,1,-434,495,795,32408,0,0,34534,9449,0,33310,11453,0,32240,0,0,132037,0,0,33290,9473,1,34452,9686,7,33288,0,0,33311,12969,0,33302,4564,255;
1701350708338;2860744,44904,1,-425,500,767,32408,0,0,34534,9434,0,33310,11450,0,32240,0,0,132037,0,0,33290,9473,1,34452,9685,7,33288,0,0,33311,12965,0,33302,0,0;
1701350708421;2860840,44904,1,-423,498,762,32408,0,0,34534,9434,0,33310,11451,0,32240,0,0,132037,0,0,33290,9475,1,34452,9685,7,33288,0,0,33311,12974,0,33302,4564,255;
1701350708538;2860942,44904,1,-434,496,790,32408,0,0,34534,9430,0,33310,11454,0,32240,0,0,132037,0,0,33290,9474,1,34452,9688,8,33288,0,0,33311,12971,0,33302,4564,255;
1701350708623;2861044,44904,1,-440,493,809,32408,0,0,34534,9443,0,33310,11455,0,32240,0,0,132037,0,0,33290,9473,1,34452,9688,8,33288,0,0,33311,12964,0,33302,4564,255;
1701350708739;2861144,44904,1,-420,499,755,32408,0,0,34534,9433,0,33310,11451,0,32240,0,0,132037,0,0,33290,9476,1,34452,9685,8,33288,0,0,33311,12968,0,33302,4564,255;
1701350708823;2861239,44904,1,-442,483,837,32408,0,0,34534,9438,0,33310,11456,0,32240,0,0,132037,0,0,33290,9473,1,34452,9684,8,33288,0,0,33311,12970,0,33302,4564,255;
1701350708937;2861342,44904,1,-425,498,770,32408,0,0,34534,9435,0,33310,11451,0,32240,0,0,132037,0,0,33290,9474,1,34452,9685,7,33288,0,0,33311,12963,0,33302,4564,255;
1701350709039;2861443,44904,1,-422,497,767,32408,0,0,34534,9428,0,33310,11450,0,32240,0,0,132037,0,0,33290,9474,1,34452,9683,7,33288,0,0,33311,12967,0,33302,4564,255;
1701350709123;2861545,44904,1,-442,485,833,32408,0,0,34534,9441,0,33310,11456,0,32240,0,0,132037,0,0,33290,9473,1,34452,9685,7,33288,0,0,33311,12973,0,33302,4564,255;
1701350709236;2861645,44904,1,-425,502,762,32408,0,0,34534,9438,0,33310,11451,0,32240,0,0,132037,0,0,33290,9474,1,34452,9687,7,33288,0,0,33311,12963,0,33302,4565,255;
1701350709333;2861741,44904,1,-444,483,845,32408,0,0,34534,9459,0,33310,11456,0,32240,0,0,132037,0,0,33290,9472,1,34452,9684,7,33288,0,0,33311,12968,0,33302,4564,255;
1701350709438;2861843,44904,1,-425,494,778,32408,0,0,34534,9453,0,33310,11451,0,32240,0,0,132037,0,0,33290,9474,1,34452,9683,8,33288,0,0,33311,12970,0,33302,0,0;
1701350709523;2861943,44904,1,-428,489,792,32408,0,0,34534,9451,0,33310,11453,0,32240,0,0,132037,0,0,33290,9475,1,34452,9683,8,33288,0,0,33311,12962,0,33302,4565,255;
1701350709624;2862044,44904,1,-428,491,788,32408,0,0,34534,9431,0,33310,11453,0,32240,0,0,132037,0,0,33290,9475,1,34452,9684,8,33288,0,0,33311,12964,0,33302,0,0;
1701350709721;2862140,44904,1,-419,512,734,32408,0,0,34534,9441,0,33310,11446,0,32240,0,0,132037,0,0,33290,9472,1,34452,9687,8,33288,0,0,33311,12971,0,33302,4564,255;
1701350709838;2862244,44904,1,-427,502,770,32408,0,0,34534,9441,0,33310,11450,0,32240,0,0,132037,0,0,33290,9472,1,34452,9686,8,33288,0,0,33311,12966,0,33302,4564,255;
1701350709937;2862344,44904,1,-419,505,744,32408,0,0,34534,9452,0,33310,11449,0,32240,0,0,132037,0,0,33290,9474,1,34452,9686,8,33288,0,0,33311,12965,0,33302,4563,255;
