1701351438320;3590768,44904,1,881,443,765,32408,0,0,34534,9183,0,33310,10581,4,32240,0,0,132037,0,0,33290,8896,2,34452,8507,19,33288,0,0,33311,12985,2,33302,4998,185;
1701351438395;3590870,44904,1,982,533,451,32408,0,0,34534,9124,0,33310,10544,4,32240,0,0,132037,0,0,33290,8895,2,34452,8508,18,33288,0,0,33311,12985,2,33302,4998,184;
1701351438462;3590970,44904,1,890,458,725,32408,0,0,34534,9190,0,33310,10576,4,32240,0,0,132037,0,0,33290,8894,2,34452,8509,18,33288,0,0,33311,12984,2,33302,4998,181;
1701351438550;3591070,44904,1,985,536,443,32408,0,0,34534,9202,0,33310,10542,4,32240,0,0,132037,0,0,33290,8895,2,34452,8508,17,33288,0,0,33311,12983,2,33302,4999,182;
1701351438643;3591166,44904,1,889,459,721,32408,0,0,34534,9147,0,33310,10577,4,32240,0,0,132037,0,0,33290,8895,2,34452,8511,17,33288,0,0,33311,12984,2,33302,4999,183;
1701351438856;3591369,44904,1,887,455,734,32408,0,0,34534,9188,0,33310,10577,4,32240,0,0,132037,0,0,33290,8894,2,34452,8509,17,33288,0,0,33311,12983,2,33302,4999,185;
1701351439052;3591565,44904,1,979,536,449,32408,0,0,34534,9133,0,33310,10545,4,32240,0,0,132037,0,0,33290,8895,2,34452,8511,16,33288,0,0,33311,12986,2,33302,4999,183;
1701351439161;3591669,44904,1,983,539,442,32408,0,0,34534,9159,0,33310,10542,4,32240,0,0,132037,0,0,33290,8894,2,34452,8510,17,33288,0,0,33311,12985,2,33302,4999,184;
1701351439254;3591767,44904,1,990,540,426,32408,0,0,34534,9117,0,33310,10541,4,32240,0,0,132037,0,0,33290,8896,2,34452,8509,17,33288,0,0,33311,12986,2,33302,4999,183;
1701351439356;3591869,44904,1,975,534,465,32408,0,0,34534,9050,0,33310,10544,4,32240,0,0,132037,0,0,33290,8892,2,34452,8509,17,33288,0,0,33311,12984,2,33302,4998,182;
1701351439450;3591969,44904,1,983,535,449,32408,0,0,34534,9068,0,33310,10542,4,32240,0,0,132037,0,0,33290,8894,2,34452,8508,17,33288,0,0,33311,12984,2,33302,4999,181;
1701351439643;3592167,44904,1,979,533,456,32408,0,0,34534,9201,0,33310,10545,4,32240,0,0,132037,0,0,33290,8895,2,34452,8509,17,33288,0,0,33311,12982,2,33302,4999,181;
1701351439843;3592370,44904,1,980,531,459,32408,0,0,34534,9221,0,33310,10545,4,32240,0,0,132037,0,0,33290,8895,2,34452,8508,18,33288,0,0,33311,12984,2,33302,4998,181;
1701351439943;3592464,44904,1,976,533,457,32408,0,0,34534,9132,0,33310,10546,4,32240,0,0,132037,0,0,33290,8895,2,34452,8511,17,33288,0,0,33311,12983,2,33302,4998,181;
1701351440255;3592768,44904,1,979,533,456,32408,0,0,34534,9138,0,33310,10545,4,32240,0,0,132037,0,0,33290,8895,2,34452,8509,18,33288,0,0,33311,12983,2,33302,4998,182;
1701351440357;3592864,44904,1,974,530,470,32408,0,0,34534,9098,0,33310,10546,4,32240,0,0,132037,0,0,33290,8894,2,34452,8509,19,33288,0,0,33311,12981,2,33302,4998,182;
1701351440551;3593068,44904,1,976,528,465,32408,0,0,34534,9082,0,33310,10548,4,32240,0,0,132037,0,0,33290,8897,2,34452,8510,18,33288,0,0,33311,12983,2,33302,4999,183;
1701351440657;3593168,44904,1,966,528,485,32408,0,0,34534,9195,0,33310,10548,4,32240,0,0,132037,0,0,33290,8893,2,34452,8511,19,33288,0,0,33311,12982,2,33302,4999,184;
1701351441057;3593568,44904,1,974,526,475,32408,0,0,34534,9245,0,33310,10547,4,32240,0,0,132037,0,0,33290,8895,2,34452,8508,18,33288,0,0,33311,12978,2,33302,4998,185;
1701351441346;3593867,44904,1,974,523,482,32408,0,0,34534,9288,0,33310,10547,4,32240,0,0,132037,0,0,33290,8895,2,34452,8506,18,33288,0,0,33311,12982,2,33302,4999,184;
1701351441554;3594065,44904,1,987,535,435,32408,0,0,34534,9272,0,33310,10545,4,32240,0,0,132037,0,0,33290,8898,2,34452,8510,18,33288,0,0,33311,12983,2,33302,4998,182;
1701351441949;3594469,44904,1,977,532,462,32408,0,0,34534,9162,0,33310,10545,4,32240,0,0,132037,0,0,33290,8894,2,34452,8509,17,33288,0,0,33311,12983,2,33302,4998,185;
1701351442150;3594668,44904,1,986,538,441,32408,0,0,34534,9103,0,33310,10541,4,32240,0,0,132037,0,0,33290,8894,2,34452,8508,18,33288,0,0,33311,12982,2,33302,4999,187;
1701351442288;3594768,44904,1,980,536,450,32408,0,0,34534,9083,0,33310,10544,4,32240,0,0,132037,0,0,33290,8894,2,34452,8510,18,33288,0,0,33311,12982,2,33302,4999,187;
1701351442548;3595068,44904,1,977,532,462,32408,0,0,34534,9106,0,33310,10545,4,32240,0,0,132037,0,0,33290,8894,2,34452,8509,18,33288,0,0,33311,12985,2,33302,4999,189;
1701351442752;3595268,44904,1,966,529,486,32408,0,0,34534,9161,0,33310,10547,4,32240,0,0,132037,0,0,33290,8892,2,34452,8510,18,33288,0,0,33311,12981,2,33302,5000,190;
1701351442855;3595364,44904,1,982,533,450,32408,0,0,34534,9203,0,33310,10545,4,32240,0,0,132037,0,0,33290,8896,2,34452,8509,18,33288,0,0,33311,12982,2,33302,4999,190;
1701351442955;3595466,44904,1,968,526,482,32408,0,0,34534,9140,0,33310,10549,4,32240,0,0,132037,0,0,33290,8895,2,34452,8511,17,33288,0,0,33311,12985,2,33302,4999,189;
1701351443162;3595670,44904,1,971,522,487,32408,0,0,34534,9053,0,33310,10548,4,32240,0,0,132037,0,0,33290,8895,2,34452,8507,17,33288,0,0,33311,12986,2,33302,4999,189;
1701351443251;3595769,44904,1,975,527,476,32408,0,0,34534,9058,0,33310,10546,4,32240,0,0,132037,0,0,33290,8894,2,34452,8507,18,33288,0,0,33311,12984,2,33302,4999,189;
1701351443348;3595870,44904,1,972,526,481,32408,0,0,34534,9129,0,33310,10547,4,32240,0,0,132037,0,0,33290,8894,2,34452,8508,18,33288,0,0,33311,12985,2,33302,4999,187;
1701351443443;3595966,44904,1,972,528,479,32408,0,0,34534,9052,0,33310,10546,4,32240,0,0,132037,0,0,33290,8893,2,34452,8508,18,33288,0,0,33311,12985,2,33302,5000,187;
1701351443656;3596169,44904,1,974,526,475,32408,0,0,34534,9078,0,33310,10547,4,32240,0,0,132037,0,0,33290,8895,2,34452,8508,18,33288,0,0,33311,12981,2,33302,4999,185;
1701351443853;3596365,44904,1,971,529,475,32408,0,0,34534,9028,0,33310,10547,4,32240,0,0,132037,0,0,33290,8894,2,34452,8510,18,33288,0,0,33311,12982,2,33302,4999,183;
1701351443945;3596466,44904,1,972,528,479,32408,0,0,34534,9017,0,33310,10546,4,32240,0,0,132037,0,0,33290,8893,2,34452,8508,17,33288,0,0,33311,12984,2,33302,4999,182;
1701351444054;3596568,44904,1,977,534,459,32408,0,0,34534,8982,0,33310,10544,4,32240,0,0,132037,0,0,33290,8893,2,34452,8509,17,33288,0,0,33311,12981,2,33302,4999,183;
1701351444251;3596769,44904,1,974,528,472,32408,0,0,34534,9014,0,33310,10547,4,32240,0,0,132037,0,0,33290,8895,2,34452,8509,17,33288,0,0,33311,12983,2,33302,4998,180;
1701351444452;3596967,44904,1,967,533,481,32408,0,0,34534,8979,0,33310,10545,4,32240,0,0,132037,0,0,33290,8890,3,34452,8510,18,33288,0,0,33311,12981,2,33302,4999,182;
1701351444653;3597169,44904,1,970,528,485,32408,0,0,34534,8996,0,33310,10546,4,32240,0,0,132037,0,0,33290,8892,2,34452,8508,18,33288,0,0,33311,12981,2,33302,4999,180;
1701351444751;3597265,44904,1,972,535,466,32408,0,0,34534,8992,0,33310,10545,4,32240,0,0,132037,0,0,33290,8892,2,34452,8511,18,33288,0,0,33311,12983,2,33302,4999,178;
1701351444949;3597468,44904,1,967,533,481,32408,0,0,34534,8984,0,33310,10545,3,32240,0,0,132037,0,0,33290,8890,2,34452,8510,18,33288,0,0,33311,12981,2,33302,4999,177;
1701351445056;3597567,44904,1,972,530,475,32408,0,0,34534,8977,0,33310,10546,4,32240,0,0,132037,0,0,33290,8893,3,34452,8509,18,33288,0,0,33311,12983,2,33302,4998,177;
1701351445157;3597669,44904,1,967,525,493,32408,0,0,34534,9001,0,33310,10547,4,32240,0,0,132037,0,0,33290,8892,3,34452,8508,18,33288,0,0,33311,12982,2,33302,4999,178;
1701351445255;3597766,44904,1,967,531,484,32408,0,0,34534,8999,0,33310,10546,4,32240,0,0,132037,0,0,33290,8891,3,34452,8510,18,33288,0,0,33311,12981,2,33302,4998,178;
1701351445353;3597867,44904,1,972,530,476,32408,0,0,34534,8987,0,33310,10545,4,32240,0,0,132037,0,0,33290,8892,2,34452,8508,18,33288,0,0,33311,12981,2,33302,4999,179;
1701351445450;3597967,44904,1,964,528,492,32408,0,0,34534,8930,0,33310,10547,4,32240,0,0,132037,0,0,33290,8891,2,34452,8510,18,33288,0,0,33311,12979,2,33302,4998,178;
1701351445571;3598069,44904,1,967,531,484,32408,0,0,34534,8962,0,33310,10546,4,32240,0,0,132037,0,0,33290,8891,2,34452,8510,18,33288,0,0,33311,12980,2,33302,4999,179;
1701351445753;3598267,44904,1,978,537,457,32408,0,0,34534,8996,0,33310,10542,4,32240,0,0,132037,0,0,33290,8892,2,34452,8509,18,33288,0,0,33311,12980,2,33302,4998,181;
1701351445845;3598367,44904,1,986,540,437,32408,0,0,34534,9062,0,33310,10541,4,32240,0,0,132037,0,0,33290,8894,2,34452,8509,18,33288,0,0,33311,12978,2,33302,4999,182;
1701351445953;3598469,44904,1,972,532,473,32408,0,0,34534,8984,0,33310,10545,4,32240,0,0,132037,0,0,33290,8892,2,34452,8509,18,33288,0,0,33311,12979,2,33302,4999,185;
1701351446041;3598564,44904,1,972,531,472,32408,0,0,34534,9016,0,33310,10546,4,32240,0,0,132037,0,0,33290,8893,3,34452,8510,19,33288,0,0,33311,12979,2,33302,4998,186;
1701351446343;3598869,44904,1,880,454,752,32408,0,0,34534,9069,0,33310,10578,4,32240,0,0,132037,0,0,33290,8892,2,34452,8510,19,33288,0,0,33311,12978,2,33302,4998,190;
1701351446454;3598964,44904,1,977,536,456,32408,0,0,34534,9110,0,33310,10544,4,32240,0,0,132037,0,0,33290,8893,2,34452,8510,19,33288,0,0,33311,12978,2,33302,4999,190;
1701351446556;3599067,44904,1,976,528,466,32408,0,0,34534,9093,0,33310,10547,4,32240,0,0,132037,0,0,33290,8896,2,34452,8509,19,33288,0,0,33311,12978,2,33302,4999,187;
1701351446749;3599268,44904,1,977,530,464,32408,0,0,34534,9138,0,33310,10546,4,32240,0,0,132037,0,0,33290,8895,2,34452,8509,20,33288,0,0,33311,12977,3,33302,4998,186;
1701351446852;3599364,44904,1,982,529,456,32408,0,0,34534,9151,0,33310,10546,4,32240,0,0,132037,0,0,33290,8897,2,34452,8508,19,33288,0,0,33311,12976,3,33302,4999,185;
1701351447144;3599668,44904,1,976,530,463,32408,0,0,34534,9180,0,33310,10547,4,32240,0,0,132037,0,0,33290,8896,2,34452,8510,18,33288,0,0,33311,12977,3,33302,4999,182;
1701351447343;3599866,44904,1,976,531,460,32408,0,0,34534,9173,0,33310,10547,4,32240,0,0,132037,0,0,33290,8896,2,34452,8511,18,33288,0,0,33311,12977,3,33302,4999,186;
1701351447453;3599966,44904,1,979,530,458,32408,0,0,34534,9167,0,33310,10546,4,32240,0,0,132037,0,0,33290,8896,2,34452,8509,18,33288,0,0,33311,12976,2,33302,4999,188;
1701351447743;3600264,44904,1,984,533,444,32408,0,0,34534,9298,0,33310,10545,4,32240,0,0,132037,0,0,33290,8897,2,34452,8509,18,33288,0,0,33311,12978,2,33302,4999,189;
1701351447948;3600468,44904,1,977,532,462,32408,0,0,34534,9269,0,33310,10545,4,32240,0,0,132037,0,0,33290,8894,2,34452,8509,17,33288,0,0,33311,12981,2,33302,4999,189;
1701351448056;3600567,44904,1,974,533,463,32408,0,0,34534,9195,0,33310,10546,4,32240,0,0,132037,0,0,33290,8894,2,34452,8511,17,33288,0,0,33311,12979,2,33302,4999,188;
1701351448154;3600664,44904,1,984,531,447,32408,0,0,34534,9533,0,33310,10546,4,32240,0,0,132037,0,0,33290,8898,2,34452,8509,18,33288,0,0,33311,12981,2,33302,4999,186;
1701351448349;3600867,44904,1,887,451,741,32408,0,0,34534,9268,0,33310,10578,4,32240,0,0,132037,0,0,33290,8895,2,34452,8508,18,33288,0,0,33311,12978,2,33302,4999,187;
1701351448450;3600970,44904,1,977,529,467,32408,0,0,34534,9268,0,33310,10546,4,32240,0,0,132037,0,0,33290,8895,2,34452,8508,19,33288,0,0,33311,12980,2,33302,4998,187;
1701351448649;3601164,44904,1,977,532,462,32408,0,0,34534,9242,0,33310,10545,4,32240,0,0,132037,0,0,33290,8894,2,34452,8509,19,33288,0,0,33311,12981,2,33302,4999,185;
1701351448754;3601267,44904,1,980,535,453,32408,0,0,34534,9251,0,33310,10544,4,32240,0,0,132037,0,0,33290,8894,2,34452,8509,20,33288,0,0,33311,12979,2,33302,4999,185;
1701351448859;3601368,44904,1,982,535,448,32408,0,0,34534,9277,0,33310,10544,4,32240,0,0,132037,0,0,33290,8895,2,34452,8509,19,33288,0,0,33311,12978,2,33302,4998,183;
1701351448954;3601468,44904,1,882,451,753,32408,0,0,34534,9149,0,33310,10578,4,32240,0,0,132037,0,0,33290,8893,2,34452,8508,19,33288,0,0,33311,12979,2,33302,4998,181;
1701351449052;3601564,44904,1,880,450,760,32408,0,0,34534,9255,0,33310,10578,4,32240,0,0,132037,0,0,33290,8892,2,34452,8508,19,33288,0,0,33311,12981,2,33302,4998,180;
1701351449249;3601767,44904,1,989,538,427,32408,0,0,34534,9787,0,33310,10544,4,32240,0,0,132037,0,0,33290,8898,2,34452,8510,19,33288,0,0,33311,12980,2,33302,4999,180;
1701351449345;3601868,44904,1,884,451,746,32408,0,0,34534,9989,0,33310,10579,4,32240,0,0,132037,0,0,33290,8895,2,34452,8509,19,33288,0,0,33311,12979,2,33302,4998,179;
1701351449449;3601964,44904,1,984,531,447,32408,0,0,34534,5089,0,33310,10546,4,32240,0,0,132037,0,0,33290,8898,2,34452,8509,19,33288,0,0,33311,12979,2,33302,4999,180;
1701351449741;3602268,44904,1,974,524,478,32408,0,0,34534,9929,0,33310,10548,4,32240,0,0,132037,0,0,33290,8896,2,34452,8508,19,33288,0,0,33311,12981,2,33302,4999,182;
1701351449852;3602370,44904,1,984,533,444,32408,0,0,34534,9895,0,33310,10545,4,32240,0,0,132037,0,0,33290,8897,2,34452,8509,19,33288,0,0,33311,12979,2,33302,4998,183;
1701351450142;3602667,44904,1,974,528,472,32408,0,0,34534,9968,0,33310,10547,4,32240,0,0,132037,0,0,33290,8895,2,34452,8509,18,33288,0,0,33311,12982,2,33302,4998,185;
1701351450348;3602868,44904,1,979,529,462,32408,0,0,34534,9503,0,33310,10546,4,32240,0,0,132037,0,0,33290,8896,2,34452,8508,17,33288,0,0,33311,12980,2,33302,4999,186;
1701351450548;3603065,44904,1,977,527,471,32408,0,0,34534,9950,0,33310,10546,4,32240,0,0,132037,0,0,33290,8895,2,34452,8507,17,33288,0,0,33311,12982,2,33302,4998,187;
1701351450747;3603268,44904,1,892,459,715,32408,0,0,34534,9292,0,33310,10577,4,32240,0,0,132037,0,0,33290,8896,2,34452,8511,17,33288,0,0,33311,12984,2,33302,4999,188;
1701351450853;3603368,44904,1,887,451,740,32408,0,0,34534,9532,0,33310,10579,4,32240,0,0,132037,0,0,33290,8896,2,34452,8509,16,33288,0,0,33311,12983,2,33302,4998,185;
1701351451048;3603565,44904,1,985,537,439,32408,0,0,34534,9828,0,33310,10544,4,32240,0,0,132037,0,0,33290,8896,2,34452,8510,17,33288,0,0,33311,12984,2,33302,4998,184;
1701351451546;3604066,44904,1,984,533,444,32408,0,0,34534,9456,0,33310,10545,4,32240,0,0,132037,0,0,33290,8897,2,34452,8509,18,33288,0,0,33311,12981,2,33302,4998,185;
1701351451648;3604168,44904,1,984,532,448,32408,0,0,34534,9746,0,33310,10545,4,32240,0,0,132037,0,0,33290,8897,2,34452,8508,18,33288,0,0,33311,12982,2,33302,4998,186;
1701351451848;3604365,44904,1,982,531,453,32408,0,0,34534,9250,0,33310,10545,4,32240,0,0,132037,0,0,33290,8896,2,34452,8508,18,33288,0,0,33311,12986,2,33302,4999,186;
1701351451953;3604465,44904,1,982,533,450,32408,0,0,34534,9504,0,33310,10545,4,32240,0,0,132037,0,0,33290,8896,2,34452,8509,18,33288,0,0,33311,12984,2,33302,4999,185;
1701351452148;3604666,44904,1,982,531,453,32408,0,0,34534,9495,0,33310,10545,4,32240,0,0,132037,0,0,33290,8896,2,34452,8508,18,33288,0,0,33311,12984,2,33302,4998,187;
1701351452251;3604769,44904,1,979,523,471,32408,0,0,34534,9224,0,33310,10547,4,32240,0,0,132037,0,0,33290,8897,2,34452,8506,18,33288,0,0,33311,12983,2,33302,4998,187;
1701351452343;3604868,44904,1,887,451,740,32408,0,0,34534,9573,0,33310,10579,4,32240,0,0,132037,0,0,33290,8896,2,34452,8509,18,33288,0,0,33311,12983,2,33302,4999,187;
1701351452451;3604963,44904,1,974,524,479,32408,0,0,34534,9750,0,33310,10547,4,32240,0,0,132037,0,0,33290,8895,2,34452,8507,18,33288,0,0,33311,12983,2,33302,4998,187;
1701351452651;3605167,44904,1,887,444,753,32408,0,0,34534,9473,0,33310,10580,4,32240,0,0,132037,0,0,33290,8897,2,34452,8506,16,33288,0,0,33311,12983,2,33302,4999,186;
1701351452746;3605269,44904,1,981,525,461,32408,0,0,34534,9696,0,33310,10547,4,32240,0,0,132037,0,0,33290,8898,2,34452,8507,16,33288,0,0,33311,12982,2,33302,4998,187;
1701351452848;3605363,44904,1,979,527,465,32408,0,0,34534,9482,0,33310,10546,4,32240,0,0,132037,0,0,33290,8896,2,34452,8507,16,33288,0,0,33311,12984,2,33302,4997,185;
1701351453051;3605565,44904,1,979,523,471,32408,0,0,34534,9506,0,33310,10547,4,32240,0,0,132037,0,0,33290,8897,2,34452,8506,17,33288,0,0,33311,12985,2,33302,4998,187;
1701351453155;3605667,44904,1,979,523,471,32408,0,0,34534,9252,0,33310,10547,4,32240,0,0,132037,0,0,33290,8897,2,34452,8506,17,33288,0,0,33311,12984,2,33302,4998,189;
1701351453254;3605768,44904,1,891,445,736,32408,0,0,34534,9550,0,33310,10581,4,32240,0,0,132037,0,0,33290,8900,2,34452,8508,18,33288,0,0,33311,12983,2,33302,4998,190;
1701351453337;3605864,44904,1,982,524,465,32408,0,0,34534,9485,0,33310,10547,4,32240,0,0,132037,0,0,33290,8898,2,34452,8506,19,33288,0,0,33311,12982,2,33302,4999,190;
1701351453451;3605965,44904,1,992,533,431,32408,0,0,34534,9884,0,33310,10544,4,32240,0,0,132037,0,0,33290,8899,2,34452,8507,20,33288,0,0,33311,12980,2,33302,4998,190;
1701351453551;3606066,44904,1,984,529,450,32408,0,0,34534,9599,0,33310,10546,4,32240,0,0,132037,0,0,33290,8898,2,34452,8508,20,33288,0,0,33311,12981,2,33302,4998,187;
1701351453653;3606169,44904,1,987,526,451,32408,0,0,34534,9933,0,33310,10546,4,32240,0,0,132037,0,0,33290,8899,2,34452,8506,19,33288,0,0,33311,12983,2,33302,4998,187;
1701351453752;3606268,44904,1,984,527,452,32408,0,0,34534,9969,0,33310,10547,4,32240,0,0,132037,0,0,33290,8899,2,34452,8508,18,33288,0,0,33311,12982,2,33302,4998,186;
1701351453836;3606363,44904,1,978,521,472,32408,0,0,34534,9954,0,33310,10549,4,32240,0,0,132037,0,0,33290,8899,2,34452,8507,18,33288,0,0,33311,12985,2,33302,4998,185;
1701351454141;3606667,44904,1,987,523,457,32408,0,0,34534,9848,0,33310,10547,4,32240,0,0,132037,0,0,33290,8900,2,34452,8505,17,33288,0,0,33311,12984,2,33302,4998,184;
1701351454347;3606863,44904,1,976,524,472,32408,0,0,34534,9531,0,33310,10548,4,32240,0,0,132037,0,0,33290,8897,2,34452,8508,17,33288,0,0,33311,12984,2,33302,4999,183;
1701351454453;3606967,44904,1,981,523,464,32408,0,0,34534,9262,0,33310,10548,4,32240,0,0,132037,0,0,33290,8899,2,34452,8507,17,33288,0,0,33311,12984,2,33302,4999,184;
1701351454553;3607067,44904,1,979,527,464,32408,0,0,34534,9309,0,33310,10547,4,32240,0,0,132037,0,0,33290,8897,2,34452,8508,17,33288,0,0,33311,12981,2,33302,4998,184;
1701351454745;3607263,44904,1,982,524,465,32408,0,0,34534,9228,0,33310,10547,4,32240,0,0,132037,0,0,33290,8898,2,34452,8506,17,33288,0,0,33311,12979,2,33302,4998,187;
1701351455043;3607569,44904,1,979,529,462,32408,0,0,34534,9408,0,33310,10546,4,32240,0,0,132037,0,0,33290,8896,2,34452,8508,18,33288,0,0,33311,12979,2,33302,4999,187;
1701351455245;3607768,44904,1,976,523,475,32408,0,0,34534,9236,0,33310,10548,4,32240,0,0,132037,0,0,33290,8897,2,34452,8507,17,33288,0,0,33311,12981,2,33302,4998,183;
1701351455350;3607867,44904,1,982,528,460,32408,0,0,34534,9148,0,33310,10545,4,32240,0,0,132037,0,0,33290,8896,2,34452,8506,18,33288,0,0,33311,12978,2,33302,4997,185;
1701351455452;3607969,44904,1,966,517,503,32408,0,0,34534,9235,0,33310,10550,3,32240,0,0,132037,0,0,33290,8895,2,34452,8507,18,33288,0,0,33311,12981,2,33302,4999,186;
1701351455549;3608068,44904,1,974,524,478,32408,0,0,34534,9215,0,33310,10548,4,32240,0,0,132037,0,0,33290,8896,2,34452,8508,18,33288,0,0,33311,12980,2,33302,4998,184;
1701351455745;3608267,44904,1,974,524,478,32408,0,0,34534,9257,0,33310,10548,4,32240,0,0,132037,0,0,33290,8896,2,34452,8508,18,33288,0,0,33311,12977,2,33302,4998,182;
1701351455850;3608368,44904,1,981,527,458,32408,0,0,34534,9208,0,33310,10547,4,32240,0,0,132037,0,0,33290,8898,2,34452,8508,18,33288,0,0,33311,12979,2,33302,4998,182;
1701351455949;3608468,44904,1,984,526,457,32408,0,0,34534,9207,0,33310,10546,4,32240,0,0,132037,0,0,33290,8898,2,34452,8506,18,33288,0,0,33311,12979,2,33302,4998,181;
1701351456038;3608563,44904,1,972,526,482,32408,0,0,34534,9156,0,33310,10546,4,32240,0,0,132037,0,0,33290,8893,2,34452,8507,18,33288,0,0,33311,12983,2,33302,4998,179;
1701351456244;3608766,44904,1,974,524,479,32408,0,0,34534,9234,0,33310,10547,4,32240,0,0,132037,0,0,33290,8895,2,34452,8507,19,33288,0,0,33311,12979,2,33302,4997,179;
1701351456443;3608962,44904,1,979,530,458,32408,0,0,34534,9166,0,33310,10546,4,32240,0,0,132037,0,0,33290,8896,2,34452,8509,18,33288,0,0,33311,12981,2,33302,4998,182;
1701351456552;3609067,44904,1,976,526,470,32408,0,0,34534,9315,0,33310,10547,4,32240,0,0,132037,0,0,33290,8896,2,34452,8508,18,33288,0,0,33311,12980,2,33302,4998,181;
1701351456746;3609267,44904,1,979,527,465,32408,0,0,34534,9473,0,33310,10546,4,32240,0,0,132037,0,0,33290,8896,2,34452,8507,18,33288,0,0,33311,12983,2,33302,4998,181;
1701351456849;3609368,44904,1,982,529,456,32408,0,0,34534,9241,0,33310,10546,4,32240,0,0,132037,0,0,33290,8897,2,34452,8508,17,33288,0,0,33311,12983,2,33302,4998,181;
1701351456951;3609467,44904,1,977,532,462,32408,0,0,34534,9255,0,33310,10545,4,32240,0,0,132037,0,0,33290,8894,2,34452,8509,17,33288,0,0,33311,12981,2,33302,4998,182;
1701351457049;3609563,44904,1,979,525,467,32408,0,0,34534,9779,0,33310,10547,4,32240,0,0,132037,0,0,33290,8897,2,34452,8507,17,33288,0,0,33311,12984,2,33302,4998,183;
1701351457246;3609767,44904,1,984,531,447,32408,0,0,34534,9703,0,33310,10546,4,32240,0,0,132037,0,0,33290,8898,2,34452,8509,17,33288,0,0,33311,12985,2,33302,4998,180;
1701351457348;3609866,44904,1,985,532,449,32408,0,0,34534,9882,0,33310,10544,4,32240,0,0,132037,0,0,33290,8896,2,34452,8507,18,33288,0,0,33311,12983,2,33302,4998,180;
1701351457434;3609963,44904,1,982,530,457,32408,0,0,34534,9669,0,33310,10545,4,32240,0,0,132037,0,0,33290,8896,2,34452,8507,18,33288,0,0,33311,12985,2,33302,4998,178;
1701351457549;3610067,44904,1,983,530,458,32408,0,0,34534,9885,0,33310,10544,4,32240,0,0,132037,0,0,33290,8895,2,34452,8506,18,33288,0,0,33311,12985,2,33302,4997,176;
1701351457649;3610167,44904,1,887,448,747,32408,0,0,34534,9985,0,33310,10579,4,32240,0,0,132037,0,0,33290,8896,2,34452,8507,19,33288,0,0,33311,12985,2,33302,4997,175;
1701351457749;3610267,44904,1,984,526,457,32408,0,0,34534,9988,0,33310,10546,4,32240,0,0,132037,0,0,33290,8898,2,34452,8506,19,33288,0,0,33311,12982,2,33302,4998,176;
1701351457836;3610362,44904,1,979,527,465,32408,0,0,34534,9989,0,33310,10546,4,32240,0,0,132037,0,0,33290,8896,2,34452,8507,18,33288,0,0,33311,12985,2,33302,4998,176;
1701351457949;3610468,44904,1,979,530,458,32408,0,0,34534,0,0,33310,10546,4,32240,0,0,132037,0,0,33290,8896,2,34452,8509,18,33288,0,0,33311,12986,2,33302,4998,176;
1701351458050;3610567,44904,1,980,526,469,32408,0,0,34534,0,0,33310,10545,4,32240,0,0,132037,0,0,33290,8895,2,34452,8505,17,33288,0,0,33311,12986,2,33302,4998,178;
1701351458149;3610667,44904,1,987,532,442,32408,0,0,34534,0,0,33310,10545,4,32240,0,0,132037,0,0,33290,8898,2,34452,8508,17,33288,0,0,33311,12985,2,33302,4998,177;
1701351458235;3610763,44904,1,978,527,472,32408,0,0,34534,0,0,33310,10545,4,32240,0,0,132037,0,0,33290,8894,2,34452,8506,17,33288,0,0,33311,12985,2,33302,4997,176;
1701351458349;3610866,44904,1,893,452,729,32408,0,0,34534,0,0,33310,10577,4,32240,0,0,132037,0,0,33290,8896,2,34452,8507,17,33288,0,0,33311,12987,2,33302,4998,177;
1701351458544;3611067,44904,1,977,529,467,32408,0,0,34534,10032,0,33310,10546,4,32240,0,0,132037,0,0,33290,8895,2,34452,8508,18,33288,0,0,33311,12988,1,33302,4998,176;
1701351458649;3611167,44904,1,972,526,481,32408,0,0,34534,10012,0,33310,10547,4,32240,0,0,132037,0,0,33290,8894,2,34452,8508,17,33288,0,0,33311,12989,1,33302,4997,176;
1701351458735;3611263,44904,1,975,521,486,32408,0,0,34534,9964,0,33310,10547,4,32240,0,0,132037,0,0,33290,8895,2,34452,8505,16,33288,0,0,33311,12986,1,33302,4997,176;
1701351458847;3611365,44904,1,977,525,474,32408,0,0,34534,9927,0,33310,10546,4,32240,0,0,132037,0,0,33290,8895,2,34452,8506,16,33288,0,0,33311,12989,1,33302,4998,176;
1701351458947;3611467,44904,1,974,530,470,32408,0,0,34534,9916,0,33310,10546,4,32240,0,0,132037,0,0,33290,8894,2,34452,8509,17,33288,0,0,33311,12983,1,33302,4998,176;
1701351459053;3611566,44904,1,977,525,473,32408,0,0,34534,9929,0,33310,10547,4,32240,0,0,132037,0,0,33290,8896,2,34452,8507,17,33288,0,0,33311,12987,2,33302,4998,177;
1701351459135;3611662,44904,1,975,527,476,32408,0,0,34534,9999,0,33310,10546,4,32240,0,0,132037,0,0,33290,8894,2,34452,8507,16,33288,0,0,33311,12985,1,33302,4997,176;
1701351459453;3611966,44904,1,977,531,465,32408,0,0,34534,9933,0,33310,10545,4,32240,0,0,132037,0,0,33290,8894,2,34452,8508,16,33288,0,0,33311,12983,2,33302,4997,177;
1701351459535;3612062,44904,1,972,524,485,32408,0,0,34534,9900,0,33310,10547,4,32240,0,0,132037,0,0,33290,8894,2,34452,8507,16,33288,0,0,33311,12982,2,33302,4997,177;
1701351459746;3612265,44904,1,979,529,462,32408,0,0,34534,9479,0,33310,10546,4,32240,0,0,132037,0,0,33290,8896,2,34452,8508,16,33288,0,0,33311,12980,2,33302,4997,178;
1701351459848;3612367,44904,1,977,531,465,32408,0,0,34534,9594,0,33310,10545,4,32240,0,0,132037,0,0,33290,8894,2,34452,8508,16,33288,0,0,33311,12983,2,33302,4998,180;
1701351459935;3612462,44904,1,977,525,473,32408,0,0,34534,9746,0,33310,10547,4,32240,0,0,132037,0,0,33290,8896,2,34452,8507,16,33288,0,0,33311,12981,2,33302,4998,180;
1701351460047;3612565,44904,1,965,522,505,32408,0,0,34534,9530,0,33310,10547,4,32240,0,0,132037,0,0,33290,8891,2,34452,8506,16,33288,0,0,33311,12981,2,33302,4998,182;
1701351460246;3612767,44904,1,972,524,485,32408,0,0,34534,9249,0,33310,10547,4,32240,0,0,132037,0,0,33290,8894,2,34452,8507,17,33288,0,0,33311,12981,2,33302,4998,183;
1701351460335;3612863,44904,1,969,526,487,32408,0,0,34534,9515,0,33310,10547,4,32240,0,0,132037,0,0,33290,8893,2,34452,8508,18,33288,0,0,33311,12983,2,33302,4997,182;
1701351460636;3613167,44904,1,972,526,481,32408,0,0,34534,9932,0,33310,10547,4,32240,0,0,132037,0,0,33290,8894,2,34452,8508,18,33288,0,0,33311,12983,2,33302,4998,180;
1701351460748;3613267,44904,1,972,524,485,32408,0,0,34534,10050,0,33310,10547,4,32240,0,0,132037,0,0,33290,8894,2,34452,8507,18,33288,0,0,33311,12981,2,33302,4997,182;
1701351460944;3613466,44904,1,969,523,489,32408,0,0,34534,10036,0,33310,10548,4,32240,0,0,132037,0,0,33290,8894,2,34452,8508,18,33288,0,0,33311,12984,2,33302,4998,186;
1701351461144;3613665,44904,1,971,524,484,32408,0,0,34534,9811,0,33310,10548,4,32240,0,0,132037,0,0,33290,8895,2,34452,8508,18,33288,0,0,33311,12986,2,33302,4998,186;
1701351461249;3613766,44904,1,969,526,487,32408,0,0,34534,9736,0,33310,10547,4,32240,0,0,132037,0,0,33290,8893,2,34452,8508,18,33288,0,0,33311,12983,2,33302,4998,187;
1701351461443;3613963,44904,1,972,526,481,32408,0,0,34534,6023,0,33310,10547,4,32240,0,0,132037,0,0,33290,8894,2,34452,8508,19,33288,0,0,33311,12984,2,33302,4998,186;
1701351461546;3614064,44904,1,967,520,502,32408,0,0,34534,6059,0,33310,10548,4,32240,0,0,132037,0,0,33290,8893,2,34452,8506,18,33288,0,0,33311,12984,2,33302,4998,184;
1701351461646;3614166,44904,1,971,527,478,32408,0,0,34534,6040,0,33310,10547,4,32240,0,0,132037,0,0,33290,8894,2,34452,8509,18,33288,0,0,33311,12985,2,33302,4997,186;
1701351461748;3614267,44904,1,974,524,478,32408,0,0,34534,5984,0,33310,10548,4,32240,0,0,132037,0,0,33290,8896,2,34452,8508,19,33288,0,0,33311,12983,2,33302,4999,187;
1701351461945;3614465,44904,1,974,521,485,32408,0,0,34534,5779,0,33310,10548,4,32240,0,0,132037,0,0,33290,8896,2,34452,8506,18,33288,0,0,33311,12985,2,33302,4999,187;
1701351462045;3614566,44904,1,979,529,462,32408,0,0,34534,5774,0,33310,10546,4,32240,0,0,132037,0,0,33290,8896,2,34452,8508,18,33288,0,0,33311,12986,2,33302,4998,185;
1701351462145;3614668,44904,1,973,526,474,32408,0,0,34534,5805,0,33310,10548,3,32240,0,0,132037,0,0,33290,8896,2,34452,8509,18,33288,0,0,33311,12983,2,33302,4998,187;
1701351462235;3614762,44904,1,978,526,463,32408,0,0,34534,5956,0,33310,10548,4,32240,0,0,132037,0,0,33290,8898,2,34452,8509,18,33288,0,0,33311,12984,2,33302,4998,186;
1701351462538;3615066,44904,1,982,524,465,32408,0,0,34534,6011,0,33310,10547,3,32240,0,0,132037,0,0,33290,8898,2,34452,8506,18,33288,0,0,33311,12984,2,33302,4998,187;
1701351462643;3615162,44904,1,972,520,490,32408,0,0,34534,6052,0,33310,10548,4,32240,0,0,132037,0,0,33290,8895,2,34452,8506,18,33288,0,0,33311,12983,2,33302,4998,186;
1701351462748;3615266,44904,1,979,528,461,32408,0,0,34534,0,0,33310,10547,4,32240,0,0,132037,0,0,33290,8897,2,34452,8509,18,33288,0,0,33311,12985,2,33302,4999,186;
1701351462848;3615365,44904,1,975,524,471,32408,0,0,34534,0,0,33310,10549,4,32240,0,0,132037,0,0,33290,8898,2,34452,8509,18,33288,0,0,33311,12985,2,33302,4998,183;
1701351463042;3615563,44904,1,979,530,458,32408,0,0,34534,0,0,33310,10546,4,32240,0,0,132037,0,0,33290,8896,2,34452,8509,19,33288,0,0,33311,12979,2,33302,4999,183;
1701351463146;3615666,44904,1,984,533,443,32408,0,0,34534,0,0,33310,10546,4,32240,0,0,132037,0,0,33290,8898,2,34452,8510,19,33288,0,0,33311,12981,2,33302,4998,182;
1701351463343;3615867,44904,1,979,527,465,32408,0,0,34534,0,0,33310,10546,4,32240,0,0,132037,0,0,33290,8896,2,34452,8507,18,33288,0,0,33311,12979,2,33302,4998,183;
1701351463447;3615963,44904,1,985,535,442,32408,0,0,34534,5986,0,33310,10544,4,32240,0,0,132037,0,0,33290,8896,2,34452,8509,18,33288,0,0,33311,12978,2,33302,4998,184;
1701351463643;3616165,44904,1,982,527,459,32408,0,0,34534,0,0,33310,10546,4,32240,0,0,132037,0,0,33290,8897,2,34452,8507,18,33288,0,0,33311,12980,2,33302,4998,183;
1701351463841;3616362,44904,1,974,532,466,32408,0,0,34534,0,0,33310,10546,4,32240,0,0,132037,0,0,33290,8894,2,34452,8510,18,33288,0,0,33311,12982,2,33302,4997,182;
1701351464042;3616566,44904,1,979,530,458,32408,0,0,34534,0,0,33310,10546,4,32240,0,0,132037,0,0,33290,8896,2,34452,8509,18,33288,0,0,33311,12979,2,33302,4998,182;
1701351464145;3616666,44904,1,979,527,464,32408,0,0,34534,6061,0,33310,10547,4,32240,0,0,132037,0,0,33290,8897,2,34452,8508,18,33288,0,0,33311,12981,2,33302,4998,182;
1701351464246;3616767,44904,1,982,528,460,32408,0,0,34534,0,0,33310,10545,4,32240,0,0,132037,0,0,33290,8896,2,34452,8506,17,33288,0,0,33311,12981,2,33302,4998,182;
1701351464351;3616862,44904,1,976,526,470,32408,0,0,34534,0,0,33310,10547,4,32240,0,0,132037,0,0,33290,8896,2,34452,8508,17,33288,0,0,33311,12983,2,33302,4998,183;
1701351464447;3616967,44904,1,980,531,459,32408,0,0,34534,0,0,33310,10545,4,32240,0,0,132037,0,0,33290,8895,2,34452,8508,18,33288,0,0,33311,12981,2,33302,4997,183;
1701351464642;3617166,44904,1,979,527,465,32408,0,0,34534,0,0,33310,10546,4,32240,0,0,132037,0,0,33290,8896,2,34452,8507,18,33288,0,0,33311,12981,2,33302,4998,183;
1701351464839;3617368,44904,1,976,532,461,32408,0,0,34534,5754,0,33310,10546,4,32240,0,0,132037,0,0,33290,8895,2,34452,8510,16,33288,0,0,33311,12982,2,33302,4998,181;
1701351465043;3617565,44904,1,974,526,475,32408,0,0,34534,5537,0,33310,10547,4,32240,0,0,132037,0,0,33290,8895,2,34452,8508,17,33288,0,0,33311,12982,2,33302,4999,184;
1701351465147;3617668,44904,1,977,529,467,32408,0,0,34534,5546,0,33310,10546,4,32240,0,0,132037,0,0,33290,8895,2,34452,8508,17,33288,0,0,33311,12980,2,33302,4998,183;
1701351465245;3617767,44904,1,977,523,476,32408,0,0,34534,5659,0,33310,10547,4,32240,0,0,132037,0,0,33290,8896,2,34452,8506,17,33288,0,0,33311,12983,2,33302,4998,183;
1701351465348;3617863,44904,1,969,523,489,32408,0,0,34534,5575,0,33310,10548,4,32240,0,0,132037,0,0,33290,8894,2,34452,8508,18,33288,0,0,33311,12984,2,33302,4998,183;
1701351465541;3618065,44904,1,983,530,458,32408,0,0,34534,10042,0,33310,10544,4,32240,0,0,132037,0,0,33290,8895,2,34452,8506,17,33288,0,0,33311,12982,2,33302,4998,185;
1701351466038;3618566,44904,1,978,527,472,32408,0,0,34534,9934,0,33310,10545,4,32240,0,0,132037,0,0,33290,8894,2,34452,8506,16,33288,0,0,33311,12983,2,33302,4998,187;
1701351466335;3618865,44904,1,979,533,456,32408,0,0,34534,5998,0,33310,10545,4,32240,0,0,132037,0,0,33290,8895,2,34452,8509,17,33288,0,0,33311,12986,2,33302,4999,185;
1701351466444;3618967,44904,1,974,528,473,32408,0,0,34534,0,0,33310,10546,4,32240,0,0,132037,0,0,33290,8894,2,34452,8508,17,33288,0,0,33311,12983,2,33302,4998,184;
1701351466644;3619162,44904,1,972,526,481,32408,0,0,34534,6078,0,33310,10547,4,32240,0,0,132037,0,0,33290,8894,2,34452,8508,16,33288,0,0,33311,12979,2,33302,4998,185;
1701351466841;3619366,44904,1,977,534,458,32408,0,0,34534,5717,0,33310,10545,4,32240,0,0,132037,0,0,33290,8894,2,34452,8510,16,33288,0,0,33311,12984,2,33302,4998,185;
1701351467037;3619566,44904,1,977,529,468,32408,0,0,34534,5484,0,33310,10545,4,32240,0,0,132037,0,0,33290,8894,2,34452,8507,17,33288,0,0,33311,12984,2,33302,4998,188;
1701351467145;3619663,44904,1,977,525,473,32408,0,0,34534,5565,0,33310,10547,4,32240,0,0,132037,0,0,33290,8896,2,34452,8507,17,33288,0,0,33311,12984,2,33302,4999,187;
1701351467244;3619765,44904,1,973,523,490,32408,0,0,34534,5737,0,33310,10545,4,32240,0,0,132037,0,0,33290,8892,2,34452,8504,17,33288,0,0,33311,12982,2,33302,4999,188;
1701351467440;3619965,44904,1,972,523,488,32408,0,0,34534,5632,0,33310,10547,4,32240,0,0,132037,0,0,33290,8894,2,34452,8506,17,33288,0,0,33311,12985,2,33302,4998,184;
1701351467542;3620067,44904,1,977,531,465,32408,0,0,34534,5717,0,33310,10545,4,32240,0,0,132037,0,0,33290,8894,2,34452,8508,16,33288,0,0,33311,12984,2,33302,4998,184;
1701351467644;3620161,44904,1,975,525,480,32408,0,0,34534,5573,0,33310,10546,4,32240,0,0,132037,0,0,33290,8894,2,34452,8506,16,33288,0,0,33311,12985,2,33302,4998,180;
1701351467838;3620368,44904,1,972,525,486,32408,0,0,34534,5596,0,33310,10546,4,32240,0,0,132037,0,0,33290,8893,2,34452,8506,17,33288,0,0,33311,12985,2,33302,4998,179;
1701351468041;3620562,44904,1,974,528,473,32408,0,0,34534,5766,0,33310,10546,4,32240,0,0,132037,0,0,33290,8894,2,34452,8508,17,33288,0,0,33311,12986,2,33302,4998,180;
1701351468143;3620664,44904,1,979,529,462,32408,0,0,34534,5740,0,33310,10546,4,32240,0,0,132037,0,0,33290,8896,2,34452,8508,16,33288,0,0,33311,12982,2,33302,4998,181;
1701351468251;3620766,44904,1,981,528,467,32408,0,0,34534,0,0,33310,10544,4,32240,0,0,132037,0,0,33290,8894,2,34452,8505,16,33288,0,0,33311,12983,2,33302,4998,181;
1701351468348;3620867,44904,1,980,530,463,32408,0,0,34534,0,0,33310,10544,4,32240,0,0,132037,0,0,33290,8894,2,34452,8506,16,33288,0,0,33311,12981,2,33302,4998,183;
