1701352191936;4344291,44904,1,6524,370,130,32408,0,0,34534,8691,0,33310,8370,5,32240,0,0,132037,0,0,33290,8622,2,34452,4735,171,33288,0,0,33311,0,0,33302,8985,13;
1701352192018;4344391,44904,1,6539,380,115,32408,0,0,34534,8700,0,33310,8365,5,32240,0,0,132037,0,0,33290,8623,2,34452,4735,172,33288,0,0,33311,0,0,33302,8985,14;
1701352192019;4344590,44904,1,6544,381,112,32408,0,0,34534,8702,0,33310,8365,6,32240,0,0,132037,0,0,33290,8625,2,34452,4735,173,33288,0,0,33311,0,0,33302,8986,13;
1701352192274;4344892,44904,1,6621,445,31,32408,0,0,34534,8704,0,33310,8331,6,32240,0,0,132037,0,0,33290,8623,2,34452,4735,174,33288,0,0,33311,0,0,33302,8987,11;
1701352192370;4344987,44904,1,6532,376,122,32408,0,0,34534,8707,0,33310,8367,6,32240,0,0,132037,0,0,33290,8622,2,34452,4735,171,33288,0,0,33311,0,0,33302,8983,10;
1701352192468;4345089,44904,1,6544,382,111,32408,0,0,34534,8697,0,33310,8364,6,32240,0,0,132037,0,0,33290,8624,2,34452,4735,172,33288,0,0,33311,0,0,33302,8983,10;
1701352192568;4345191,44904,1,6529,373,126,32408,0,0,34534,8701,0,33310,8368,6,32240,0,0,132037,0,0,33290,8622,2,34452,4734,173,33288,0,0,33311,0,0,33302,8982,12;
1701352192664;4345292,44904,1,6542,382,112,32408,0,0,34534,8700,0,33310,8364,6,32240,0,0,132037,0,0,33290,8623,2,34452,4735,174,33288,0,0,33311,0,0,33302,8985,12;
1701352192759;4345386,44904,1,6544,384,110,32408,0,0,34534,8699,0,33310,8363,6,32240,0,0,132037,0,0,33290,8623,2,34452,4735,173,33288,0,0,33311,0,0,33302,8982,12;
1701352192968;4345591,44904,1,6540,376,119,32408,0,0,34534,8697,0,33310,8367,6,32240,0,0,132037,0,0,33290,8625,2,34452,4734,172,33288,0,0,33311,0,0,33302,8987,12;
1701352193069;4345692,44904,1,6542,379,114,32408,0,0,34534,8701,0,33310,8366,6,32240,0,0,132037,0,0,33290,8625,2,34452,4735,174,33288,0,0,33311,0,0,33302,8987,12;
1701352193168;4345786,44904,1,6542,379,115,32408,0,0,34534,8703,0,33310,8365,6,32240,0,0,132037,0,0,33290,8624,2,34452,4734,172,33288,0,0,33311,0,0,33302,8988,12;
1701352193264;4345889,44904,1,6547,383,109,32408,0,0,34534,8699,0,33310,8364,6,32240,0,0,132037,0,0,33290,8625,2,34452,4735,172,33288,0,0,33311,0,0,33302,8988,11;
1701352193470;4346091,44904,1,6552,383,106,32408,0,0,34534,8702,0,33310,8364,6,32240,0,0,132037,0,0,33290,8627,2,34452,4735,172,33288,0,0,33311,0,0,33302,8982,11;
1701352193558;4346187,44904,1,6539,380,115,32408,0,0,34534,8702,0,33310,8365,6,32240,0,0,132037,0,0,33290,8623,2,34452,4735,173,33288,0,0,33311,0,0,33302,8984,12;
1701352193665;4346290,44904,1,6547,383,110,32408,0,0,34534,8702,0,33310,8363,6,32240,0,0,132037,0,0,33290,8624,2,34452,4734,173,33288,0,0,33311,0,0,33302,8986,11;
1701352193862;4346491,44904,1,6544,381,112,32408,0,0,34534,8699,0,33310,8365,6,32240,0,0,132037,0,0,33290,8625,2,34452,4735,174,33288,0,0,33311,0,0,33302,8987,12;
1701352194065;4346690,44904,1,6534,376,120,32408,0,0,34534,8700,0,33310,8367,6,32240,0,0,132037,0,0,33290,8623,2,34452,4735,173,33288,0,0,33311,0,0,33302,8988,12;
1701352194169;4346790,44904,1,6544,382,111,32408,0,0,34534,8698,0,33310,8364,6,32240,0,0,132037,0,0,33290,8624,2,34452,4735,173,33288,0,0,33311,0,0,33302,8986,11;
1701352194268;4346891,44904,1,6547,383,110,32408,0,0,34534,8697,0,33310,8363,6,32240,0,0,132037,0,0,33290,8624,2,34452,4734,170,33288,0,0,33311,0,0,33302,8982,11;
1701352194366;4346987,44904,1,6537,379,116,32408,0,0,34534,8694,0,33310,8366,6,32240,0,0,132037,0,0,33290,8623,2,34452,4736,173,33288,0,0,33311,0,0,33302,8985,11;
1701352194467;4347089,44904,1,6539,380,115,32408,0,0,34534,8698,0,33310,8365,6,32240,0,0,132037,0,0,33290,8623,2,34452,4735,173,33288,0,0,33311,0,0,33302,8988,11;
1701352194661;4347291,44904,1,6544,382,111,32408,0,0,34534,8687,0,33310,8364,6,32240,0,0,132037,0,0,33290,8624,2,34452,4735,174,33288,0,0,33311,0,0,33302,8988,12;
1701352194860;4347492,44904,1,6527,374,126,32408,0,0,34534,8695,0,33310,8368,6,32240,0,0,132037,0,0,33290,8621,2,34452,4735,173,33288,0,0,33311,0,0,33302,8986,12;
1701352194966;4347588,44904,1,6537,380,117,32408,0,0,34534,8689,0,33310,8365,6,32240,0,0,132037,0,0,33290,8622,2,34452,4735,172,33288,0,0,33311,0,0,33302,8986,12;
1701352195068;4347689,44904,1,6537,379,118,32408,0,0,34534,8691,0,33310,8365,5,32240,0,0,132037,0,0,33290,8622,2,34452,4734,172,33288,0,0,33311,0,0,33302,8988,12;
1701352195167;4347790,44904,1,6537,380,117,32408,0,0,34534,8687,0,33310,8365,5,32240,0,0,132037,0,0,33290,8622,2,34452,4735,171,33288,0,0,33311,0,0,33302,8984,12;
1701352195269;4347893,44904,1,6539,382,114,32408,0,0,34534,8687,0,33310,8364,6,32240,0,0,132037,0,0,33290,8622,2,34452,4735,171,33288,0,0,33311,0,0,33302,8986,12;
1701352195367;4347987,44904,1,6532,376,122,32408,0,0,34534,8688,0,33310,8367,6,32240,0,0,132037,0,0,33290,8622,2,34452,4735,171,33288,0,0,33311,0,0,33302,8985,12;
1701352195565;4348191,44904,1,6532,375,124,32408,0,0,34534,8687,0,33310,8367,6,32240,0,0,132037,0,0,33290,8622,2,34452,4734,168,33288,0,0,33311,0,0,33302,8982,11;
1701352195763;4348386,44904,1,6537,380,117,32408,0,0,34534,8688,0,33310,8364,6,32240,0,0,132037,0,0,33290,8621,2,34452,4734,170,33288,0,0,33311,0,0,33302,8986,11;
1701352195866;4348488,44904,1,6531,379,120,32408,0,0,34534,8688,0,33310,8365,6,32240,0,0,132037,0,0,33290,8620,2,34452,4735,171,33288,0,0,33311,0,0,33302,8986,11;
1701352195964;4348592,44904,1,6537,381,116,32408,0,0,34534,8685,0,33310,8364,6,32240,0,0,132037,0,0,33290,8621,2,34452,4735,171,33288,0,0,33311,0,0,33302,8986,11;
1701352196159;4348787,44904,1,6529,379,121,32408,0,0,34534,8682,0,33310,8365,6,32240,0,0,132037,0,0,33290,8619,2,34452,4735,168,33288,0,0,33311,0,0,33302,8988,11;
1701352196266;4348889,44904,1,6537,380,117,32408,0,0,34534,8687,0,33310,8364,6,32240,0,0,132037,0,0,33290,8621,2,34452,4734,166,33288,0,0,33311,0,0,33302,8986,11;
1701352196465;4349091,44904,1,6524,375,127,32408,0,0,34534,8688,0,33310,8367,6,32240,0,0,132037,0,0,33290,8619,2,34452,4735,170,33288,0,0,33311,0,0,33302,8983,12;
1701352196565;4349187,44904,1,6527,376,126,32408,0,0,34534,8692,0,33310,8366,6,32240,0,0,132037,0,0,33290,8619,2,34452,4734,169,33288,0,0,33311,0,0,33302,8984,12;
1701352196665;4349289,44904,1,6534,381,117,32408,0,0,34534,8695,0,33310,8364,6,32240,0,0,132037,0,0,33290,8620,2,34452,4735,168,33288,0,0,33311,0,0,33302,8980,12;
1701352196765;4349390,44904,1,6539,381,116,32408,0,0,34534,8691,0,33310,8364,6,32240,0,0,132037,0,0,33290,8622,2,34452,4734,168,33288,0,0,33311,0,0,33302,8987,12;
1701352196960;4349586,44904,1,6534,377,121,32408,0,0,34534,8703,0,33310,8366,6,32240,0,0,132037,0,0,33290,8622,2,34452,4734,168,33288,0,0,33311,0,0,33302,8984,12;
1701352197262;4349891,44904,1,6537,379,116,32408,0,0,34534,8701,0,33310,8366,6,32240,0,0,132037,0,0,33290,8623,2,34452,4736,167,33288,0,0,33311,0,0,33302,8988,12;
1701352197365;4349992,44904,1,6537,376,120,32408,0,0,34534,8715,0,33310,8367,6,32240,0,0,132037,0,0,33290,8624,2,34452,4734,167,33288,0,0,33311,0,0,33302,8985,12;
1701352197561;4350190,44904,1,6547,383,110,32408,0,0,34534,8710,0,33310,8363,6,32240,0,0,132037,0,0,33290,8624,2,34452,4734,171,33288,0,0,33311,0,0,33302,8987,12;
1701352197664;4350291,44904,1,6547,382,111,32408,0,0,34534,8708,0,33310,8364,6,32240,0,0,132037,0,0,33290,8625,2,34452,4734,169,33288,0,0,33311,0,0,33302,8986,12;
1701352197764;4350391,44904,1,6542,379,115,32408,0,0,34534,8712,0,33310,8365,6,32240,0,0,132037,0,0,33290,8624,2,34452,4734,167,33288,0,0,33311,0,0,33302,8984,12;
1701352197865;4350487,44904,1,6544,379,113,32408,0,0,34534,8698,0,33310,8366,6,32240,0,0,132037,0,0,33290,8626,2,34452,4735,168,33288,0,0,33311,0,0,33302,8985,13;
1701352198059;4350690,44904,1,6537,380,117,32408,0,0,34534,8696,0,33310,8364,6,32240,0,0,132037,0,0,33290,8621,2,34452,4734,169,33288,0,0,33311,0,0,33302,8987,13;
1701352198163;4350791,44904,1,6554,389,102,32408,0,0,34534,8691,0,33310,8360,6,32240,0,0,132037,0,0,33290,8624,2,34452,4734,169,33288,0,0,33311,0,0,33302,8986,13;
1701352198363;4350989,44904,1,6547,385,109,32408,0,0,34534,8702,0,33310,8362,6,32240,0,0,132037,0,0,33290,8623,2,34452,4734,170,33288,0,0,33311,0,0,33302,8987,14;
1701352198653;4351287,44904,1,6544,381,113,32408,0,0,34534,8702,0,33310,8364,6,32240,0,0,132037,0,0,33290,8624,2,34452,4734,168,33288,0,0,33311,0,0,33302,8989,14;
1701352198779;4351390,44904,1,6542,380,113,32408,0,0,34534,8700,0,33310,8365,6,32240,0,0,132037,0,0,33290,8624,2,34452,4735,169,33288,0,0,33311,0,0,33302,8985,14;
1701352198866;4351490,44904,1,6542,380,113,32408,0,0,34534,8702,0,33310,8365,6,32240,0,0,132037,0,0,33290,8624,2,34452,4735,169,33288,0,0,33311,0,0,33302,8987,14;
1701352199169;4351789,44904,1,6534,376,120,32408,0,0,34534,8692,0,33310,8367,6,32240,0,0,132037,0,0,33290,8623,2,34452,4735,169,33288,0,0,33311,0,0,33302,8984,12;
1701352199358;4351991,44904,1,6631,452,21,32408,0,0,34534,8700,0,33310,8327,6,32240,0,0,132037,0,0,33290,8623,2,34452,4735,167,33288,0,0,33311,0,0,33302,8983,11;
1701352199464;4352087,44904,1,6542,380,113,32408,0,0,34534,8695,0,33310,8365,6,32240,0,0,132037,0,0,33290,8624,2,34452,4735,168,33288,0,0,33311,0,0,33302,8987,11;
1701352199659;4352290,44904,1,6539,383,113,32408,0,0,34534,8690,0,33310,8363,6,32240,0,0,132037,0,0,33290,8621,2,34452,4735,169,33288,0,0,33311,0,0,33302,8983,10;
1701352199857;4352486,44904,1,6539,379,117,32408,0,0,34534,8689,0,33310,8365,6,32240,0,0,132037,0,0,33290,8623,2,34452,4734,169,33288,0,0,33311,0,0,33302,8985,11;
1701352199963;4352588,44904,1,6542,382,112,32408,0,0,34534,8686,0,33310,8364,6,32240,0,0,132037,0,0,33290,8623,2,34452,4735,170,33288,0,0,33311,0,0,33302,8986,11;
1701352200174;4352791,44904,1,6534,377,121,32408,0,0,34534,8690,0,33310,8366,6,32240,0,0,132037,0,0,33290,8622,2,34452,4734,171,33288,0,0,33311,0,0,33302,8986,11;
1701352200266;4352891,44904,1,6537,380,117,32408,0,0,34534,8695,0,33310,8364,6,32240,0,0,132037,0,0,33290,8621,2,34452,4734,172,33288,0,0,33311,0,0,33302,8991,10;
1701352200368;4352986,44904,1,6537,381,116,32408,0,0,34534,8697,0,33310,8364,6,32240,0,0,132037,0,0,33290,8621,2,34452,4735,172,33288,0,0,33311,0,0,33302,8987,10;
1701352200464;4353091,44904,1,6544,386,109,32408,0,0,34534,8690,0,33310,8362,6,32240,0,0,132037,0,0,33290,8622,2,34452,4735,172,33288,0,0,33311,0,0,33302,8984,10;
1701352200566;4353190,44904,1,6542,381,114,32408,0,0,34534,8689,0,33310,8364,6,32240,0,0,132037,0,0,33290,8623,2,34452,4734,169,33288,0,0,33311,0,0,33302,8986,10;
1701352200662;4353290,44904,1,6539,381,116,32408,0,0,34534,8695,0,33310,8364,6,32240,0,0,132037,0,0,33290,8622,2,34452,4734,170,33288,0,0,33311,0,0,33302,8984,10;
1701352200767;4353386,44904,1,6537,378,118,32408,0,0,34534,8698,0,33310,8366,6,32240,0,0,132037,0,0,33290,8623,2,34452,4735,172,33288,0,0,33311,0,0,33302,8984,11;
1701352200958;4353589,44904,1,6537,380,117,32408,0,0,34534,8687,0,33310,8364,6,32240,0,0,132037,0,0,33290,8621,2,34452,4734,167,33288,0,0,33311,0,0,33302,8985,11;
1701352201066;4353690,44904,1,6623,447,29,32408,0,0,34534,8696,0,33310,8329,6,32240,0,0,132037,0,0,33290,8622,2,34452,4734,169,33288,0,0,33311,0,0,33302,8985,11;
1701352201163;4353786,44904,1,6539,378,116,32408,0,0,34534,8708,0,33310,8366,6,32240,0,0,132037,0,0,33290,8624,2,34452,4735,171,33288,0,0,33311,0,0,33302,8988,11;
1701352201266;4353888,44904,1,6539,379,117,32408,0,0,34534,8704,0,33310,8365,6,32240,0,0,132037,0,0,33290,8623,2,34452,4734,172,33288,0,0,33311,0,0,33302,8986,11;
1701352201457;4354093,44904,1,6537,379,118,32408,0,0,34534,8704,0,33310,8365,6,32240,0,0,132037,0,0,33290,8622,2,34452,4734,171,33288,0,0,33311,0,0,33302,8986,12;
1701352201663;4354288,44904,1,6544,385,111,32408,0,0,34534,8700,0,33310,8362,6,32240,0,0,132037,0,0,33290,8622,2,34452,4734,174,33288,0,0,33311,0,0,33302,8984,12;
1701352201761;4354389,44904,1,6539,383,113,32408,0,0,34534,8695,0,33310,8363,6,32240,0,0,132037,0,0,33290,8621,2,34452,4735,174,33288,0,0,33311,0,0,33302,8988,12;
1701352201872;4354491,44904,1,6537,378,118,32408,0,0,34534,8693,0,33310,8366,6,32240,0,0,132037,0,0,33290,8623,2,34452,4735,174,33288,0,0,33311,0,0,33302,8984,12;
1701352201960;4354586,44904,1,6532,376,122,32408,0,0,34534,8690,0,33310,8367,6,32240,0,0,132037,0,0,33290,8622,2,34452,4735,172,33288,0,0,33311,0,0,33302,8989,12;
1701352202070;4354688,44904,1,6542,381,114,32408,0,0,34534,8689,0,33310,8364,6,32240,0,0,132037,0,0,33290,8623,2,34452,4734,171,33288,0,0,33311,0,0,33302,8983,12;
1701352202161;4354791,44904,1,6527,376,126,32408,0,0,34534,8695,0,33310,8366,6,32240,0,0,132037,0,0,33290,8619,2,34452,4734,169,33288,0,0,33311,0,0,33302,8984,12;
1701352202389;4354890,44904,1,6537,382,116,32408,0,0,34534,8685,0,33310,8363,6,32240,0,0,132037,0,0,33290,8620,2,34452,4734,171,33288,0,0,33311,0,0,33302,8986,11;
1701352202417;4354985,44904,1,6542,384,111,32408,0,0,34534,8693,0,33310,8363,6,32240,0,0,132037,0,0,33290,8622,2,34452,4735,173,33288,0,0,33311,0,0,33302,8981,11;
1701352202654;4355290,44904,1,6534,377,121,32408,0,0,34534,8699,0,33310,8366,6,32240,0,0,132037,0,0,33290,8622,2,34452,4734,173,33288,0,0,33311,0,0,33302,8985,10;
1701352202854;4355487,44904,1,6537,378,118,32408,0,0,34534,8706,0,33310,8366,6,32240,0,0,132037,0,0,33290,8623,2,34452,4735,176,33288,0,0,33311,0,0,33302,8984,10;
1701352202962;4355589,44904,1,6539,382,114,32408,0,0,34534,8710,0,33310,8364,6,32240,0,0,132037,0,0,33290,8622,2,34452,4735,173,33288,0,0,33311,0,0,33302,8986,11;
1701352203065;4355689,44904,1,6542,379,115,32408,0,0,34534,8701,0,33310,8365,6,32240,0,0,132037,0,0,33290,8624,2,34452,4734,175,33288,0,0,33311,0,0,33302,8982,11;
1701352203162;4355791,44904,1,6618,448,29,32408,0,0,34534,8700,0,33310,8329,6,32240,0,0,132037,0,0,33290,8620,2,34452,4736,181,33288,0,0,33311,0,0,33302,8986,11;
1701352203261;4355885,44904,1,6536,384,115,32408,0,0,34534,8697,0,33310,8362,6,32240,0,0,132037,0,0,33290,8619,2,34452,4734,178,33288,0,0,33311,0,0,33302,8985,11;
1701352203362;4355988,44904,1,6536,383,115,32408,0,0,34534,8696,0,33310,8363,6,32240,0,0,132037,0,0,33290,8620,2,34452,4735,177,33288,0,0,33311,0,0,33302,8986,11;
1701352203461;4356091,44904,1,6537,380,117,32408,0,0,34534,8696,0,33310,8365,6,32240,0,0,132037,0,0,33290,8622,2,34452,4735,177,33288,0,0,33311,0,0,33302,8984,11;
1701352203559;4356189,44904,1,6547,385,109,32408,0,0,34534,8693,0,33310,8362,6,32240,0,0,132037,0,0,33290,8623,2,34452,4734,175,33288,0,0,33311,0,0,33302,8984,11;
1701352203661;4356285,44904,1,6536,383,115,32408,0,0,34534,8694,0,33310,8363,6,32240,0,0,132037,0,0,33290,8620,2,34452,4735,177,33288,0,0,33311,0,0,33302,8987,11;
1701352203858;4356489,44904,1,6537,381,116,32408,0,0,34534,8695,0,33310,8364,6,32240,0,0,132037,0,0,33290,8621,2,34452,4735,177,33288,0,0,33311,0,0,33302,8989,11;
1701352203961;4356590,44904,1,6539,382,114,32408,0,0,34534,8693,0,33310,8364,6,32240,0,0,132037,0,0,33290,8622,2,34452,4735,177,33288,0,0,33311,0,0,33302,8986,11;
1701352204058;4356687,44904,1,6532,376,122,32408,0,0,34534,8694,0,33310,8367,5,32240,0,0,132037,0,0,33290,8622,2,34452,4735,175,33288,0,0,33311,0,0,33302,8984,11;
1701352204158;4356788,44904,1,6537,380,117,32408,0,0,34534,8700,0,33310,8364,5,32240,0,0,132037,0,0,33290,8621,2,34452,4734,174,33288,0,0,33311,0,0,33302,8988,11;
1701352204264;4356889,44904,1,6618,443,33,32408,0,0,34534,8708,0,33310,8332,5,32240,0,0,132037,0,0,33290,8623,2,34452,4735,173,33288,0,0,33311,0,0,33302,8983,12;
1701352204456;4357086,44904,1,6621,446,30,32408,0,0,34534,8696,0,33310,8330,5,32240,0,0,132037,0,0,33290,8622,2,34452,4735,172,33288,0,0,33311,0,0,33302,8988,11;
1701352204670;4357290,44904,1,6534,381,117,32408,0,0,34534,8692,0,33310,8364,5,32240,0,0,132037,0,0,33290,8620,2,34452,4735,173,33288,0,0,33311,0,0,33302,8987,11;
1701352204763;4357389,44904,1,6522,370,131,32408,0,0,34534,8692,0,33310,8370,5,32240,0,0,132037,0,0,33290,8621,2,34452,4735,173,33288,0,0,33311,0,0,33302,8985,11;
1701352204956;4357588,44904,1,6616,443,36,32408,0,0,34534,8690,0,33310,8331,5,32240,0,0,132037,0,0,33290,8621,2,34452,4734,171,33288,0,0,33311,0,0,33302,8987,12;
1701352205155;4357790,44904,1,6532,375,124,32408,0,0,34534,8691,0,33310,8367,6,32240,0,0,132037,0,0,33290,8622,2,34452,4734,167,33288,0,0,33311,0,0,33302,8980,12;
1701352205259;4357885,44904,1,6618,444,32,32408,0,0,34534,8700,0,33310,8331,6,32240,0,0,132037,0,0,33290,8622,2,34452,4735,168,33288,0,0,33311,0,0,33302,8989,11;
1701352205661;4358285,44904,1,6534,377,121,32408,0,0,34534,8692,0,33310,8366,6,32240,0,0,132037,0,0,33290,8622,2,34452,4734,168,33288,0,0,33311,0,0,33302,8987,10;
1701352205966;4358589,44904,1,6539,382,114,32408,0,0,34534,8700,0,33310,8364,6,32240,0,0,132037,0,0,33290,8622,2,34452,4735,171,33288,0,0,33311,0,0,33302,8980,9;
1701352206062;4358692,44904,1,6532,377,123,32408,0,0,34534,8694,0,33310,8366,6,32240,0,0,132037,0,0,33290,8621,2,34452,4734,169,33288,0,0,33311,0,0,33302,8984,9;
1701352206162;4358785,44904,1,6542,382,112,32408,0,0,34534,8701,0,33310,8364,6,32240,0,0,132037,0,0,33290,8623,2,34452,4735,169,33288,0,0,33311,0,0,33302,8985,10;
1701352206269;4358888,44904,1,6539,383,113,32408,0,0,34534,8702,0,33310,8363,6,32240,0,0,132037,0,0,33290,8621,2,34452,4735,167,33288,0,0,33311,0,0,33302,8986,10;
1701352206361;4358988,44904,1,6531,380,121,32408,0,0,34534,8696,0,33310,8364,6,32240,0,0,132037,0,0,33290,8619,2,34452,4734,166,33288,0,0,33311,0,0,33302,8987,10;
1701352206556;4359185,44904,1,6539,382,115,32408,0,0,34534,8695,0,33310,8363,6,32240,0,0,132037,0,0,33290,8621,2,34452,4734,169,33288,0,0,33311,0,0,33302,8982,10;
1701352206658;4359288,44904,1,6534,378,119,32408,0,0,34534,8690,0,33310,8366,6,32240,0,0,132037,0,0,33290,8622,2,34452,4735,173,33288,0,0,33311,0,0,33302,8984,10;
1701352206854;4359490,44904,1,6537,377,119,32408,0,0,34534,8692,0,33310,8366,6,32240,0,0,132037,0,0,33290,8623,2,34452,4734,168,33288,0,0,33311,0,0,33302,8986,11;
1701352206961;4359590,44904,1,6534,380,119,32408,0,0,34534,8688,0,33310,8364,6,32240,0,0,132037,0,0,33290,8620,2,34452,4734,170,33288,0,0,33311,0,0,33302,8981,11;
1701352207109;4359687,44904,1,6542,384,111,32408,0,0,34534,8689,0,33310,8363,6,32240,0,0,132037,0,0,33290,8622,2,34452,4735,172,33288,0,0,33311,0,0,33302,8985,12;
1701352207305;4359889,44904,1,6532,377,123,32408,0,0,34534,8692,0,33310,8366,6,32240,0,0,132037,0,0,33290,8621,2,34452,4734,169,33288,0,0,33311,0,0,33302,8987,12;
1701352208071;4360085,44904,1,6536,385,114,32408,0,0,34534,8688,0,33310,8362,6,32240,0,0,132037,0,0,33290,8619,2,34452,4735,171,33288,0,0,33311,0,0,33302,8987,13;
1701352208087;4360187,44904,1,6537,380,117,32408,0,0,34534,8693,0,33310,8364,6,32240,0,0,132037,0,0,33290,8621,2,34452,4734,170,33288,0,0,33311,0,0,33302,8987,12;
1701352208095;4360390,44904,1,6529,377,123,32408,0,0,34534,8687,0,33310,8366,6,32240,0,0,132037,0,0,33290,8620,2,34452,4735,170,33288,0,0,33311,0,0,33302,8987,12;
1701352208111;4360486,44904,1,6536,385,114,32408,0,0,34534,8695,0,33310,8362,6,32240,0,0,132037,0,0,33290,8619,2,34452,4735,170,33288,0,0,33311,0,0,33302,8987,13;
1701352208135;4360689,44904,1,6527,376,126,32408,0,0,34534,8682,0,33310,8366,6,32240,0,0,132037,0,0,33290,8619,2,34452,4734,170,33288,0,0,33311,0,0,33302,8988,13;
1701352208259;4360885,44904,1,6534,380,119,32408,0,0,34534,8697,0,33310,8364,6,32240,0,0,132037,0,0,33290,8620,2,34452,4734,168,33288,0,0,33311,0,0,33302,8988,13;
1701352208455;4361088,44904,1,6534,379,120,32408,0,0,34534,8690,0,33310,8365,6,32240,0,0,132037,0,0,33290,8621,2,34452,4734,173,33288,0,0,33311,0,0,33302,8983,13;
1701352208653;4361290,44904,1,6539,382,114,32408,0,0,34534,8700,0,33310,8364,6,32240,0,0,132037,0,0,33290,8622,2,34452,4735,170,33288,0,0,33311,0,0,33302,8985,12;
1701352208759;4361385,44904,1,6532,377,121,32408,0,0,34534,8692,0,33310,8366,6,32240,0,0,132037,0,0,33290,8621,2,34452,4735,172,33288,0,0,33311,0,0,33302,8987,13;
1701352208859;4361489,44904,1,6542,384,111,32408,0,0,34534,8697,0,33310,8363,6,32240,0,0,132037,0,0,33290,8622,2,34452,4735,170,33288,0,0,33311,0,0,33302,8987,13;
1701352209071;4361689,44904,1,6534,378,119,32408,0,0,34534,8698,0,33310,8366,6,32240,0,0,132037,0,0,33290,8622,2,34452,4735,171,33288,0,0,33311,0,0,33302,8985,12;
1701352209162;4361785,44904,1,6532,377,121,32408,0,0,34534,8705,0,33310,8366,6,32240,0,0,132037,0,0,33290,8621,2,34452,4735,172,33288,0,0,33311,0,0,33302,8985,12;
1701352209275;4361887,44904,1,6529,376,124,32408,0,0,34534,8700,0,33310,8367,6,32240,0,0,132037,0,0,33290,8621,2,34452,4735,170,33288,0,0,33311,0,0,33302,8985,13;
1701352209455;4362089,44904,1,6544,385,111,32408,0,0,34534,8700,0,33310,8362,6,32240,0,0,132037,0,0,33290,8622,2,34452,4734,168,33288,0,0,33311,0,0,33302,8989,13;
1701352209574;4362192,44904,1,6534,379,120,32408,0,0,34534,8697,0,33310,8365,6,32240,0,0,132037,0,0,33290,8621,2,34452,4734,168,33288,0,0,33311,0,0,33302,8987,13;
1701352209658;4362285,44904,1,6537,377,119,32408,0,0,34534,8701,0,33310,8366,6,32240,0,0,132037,0,0,33290,8623,2,34452,4734,166,33288,0,0,33311,0,0,33302,8986,13;
1701352209762;4362388,44904,1,6539,382,114,32408,0,0,34534,8705,0,33310,8364,6,32240,0,0,132037,0,0,33290,8622,2,34452,4735,168,33288,0,0,33311,0,0,33302,8985,13;
1701352209955;4362589,44904,1,6532,374,123,32408,0,0,34534,8703,0,33310,8368,6,32240,0,0,132037,0,0,33290,8623,2,34452,4735,167,33288,0,0,33311,0,0,33302,8985,12;
1701352210282;4362788,44904,1,6532,377,121,32408,0,0,34534,8705,0,33310,8366,6,32240,0,0,132037,0,0,33290,8621,2,34452,4735,167,33288,0,0,33311,0,0,33302,8985,12;
1701352210313;4362890,44904,1,6537,378,118,32408,0,0,34534,8701,0,33310,8366,6,32240,0,0,132037,0,0,33290,8623,2,34452,4735,168,33288,0,0,33311,0,0,33302,8985,12;
1701352210376;4362989,44904,1,6534,378,119,32408,0,0,34534,8704,0,33310,8366,6,32240,0,0,132037,0,0,33290,8622,2,34452,4735,167,33288,0,0,33311,0,0,33302,8988,12;
1701352210472;4363095,44904,1,6542,381,114,32408,0,0,34534,8696,0,33310,8364,6,32240,0,0,132037,0,0,33290,8623,2,34452,4734,166,33288,0,0,33311,0,0,33302,8987,12;
1701352210655;4363288,44904,1,6537,380,117,32408,0,0,34534,8706,0,33310,8365,6,32240,0,0,132037,0,0,33290,8622,2,34452,4735,167,33288,0,0,33311,0,0,33302,8989,12;
1701352210771;4363390,44904,1,6534,376,120,32408,0,0,34534,8695,0,33310,8367,6,32240,0,0,132037,0,0,33290,8623,2,34452,4735,167,33288,0,0,33311,0,0,33302,8987,12;
1701352210851;4363485,44904,1,6547,385,109,32408,0,0,34534,8700,0,33310,8362,6,32240,0,0,132037,0,0,33290,8623,2,34452,4734,166,33288,0,0,33311,0,0,33302,8984,12;
1701352211052;4363689,44904,1,6537,379,118,32408,0,0,34534,8687,0,33310,8365,6,32240,0,0,132037,0,0,33290,8622,2,34452,4734,165,33288,0,0,33311,0,0,33302,8988,12;
1701352211159;4363790,44904,1,6542,382,112,32408,0,0,34534,8702,0,33310,8364,6,32240,0,0,132037,0,0,33290,8623,2,34452,4735,167,33288,0,0,33311,0,0,33302,8984,12;
1701352211370;4363987,44904,1,6552,384,107,32408,0,0,34534,8699,0,33310,8363,6,32240,0,0,132037,0,0,33290,8626,2,34452,4734,168,33288,0,0,33311,0,0,33302,8984,12;
1701352211471;4364090,44904,1,6539,378,118,32408,0,0,34534,8700,0,33310,8366,6,32240,0,0,132037,0,0,33290,8624,2,34452,4734,166,33288,0,0,33311,0,0,33302,8985,11;
1701352211654;4364289,44904,1,6539,380,115,32408,0,0,34534,8693,0,33310,8365,6,32240,0,0,132037,0,0,33290,8623,2,34452,4735,170,33288,0,0,33311,0,0,33302,8987,11;
1701352211759;4364385,44904,1,6537,377,119,32408,0,0,34534,8695,0,33310,8366,6,32240,0,0,132037,0,0,33290,8623,2,34452,4734,170,33288,0,0,33311,0,0,33302,8988,11;
1701352212062;4364689,44904,1,6529,372,126,32408,0,0,34534,8690,0,33310,8369,6,32240,0,0,132037,0,0,33290,8623,2,34452,4735,172,33288,0,0,33311,0,0,33302,8987,12;
1701352212162;4364786,44904,1,6534,377,121,32408,0,0,34534,8692,0,33310,8366,6,32240,0,0,132037,0,0,33290,8622,2,34452,4734,172,33288,0,0,33311,0,0,33302,8987,12;
1701352212256;4364887,44904,1,6534,375,122,32408,0,0,34534,8683,0,33310,8367,6,32240,0,0,132037,0,0,33290,8623,2,34452,4734,171,33288,0,0,33311,0,0,33302,8986,11;
1701352212359;4364988,44904,1,6527,374,126,32408,0,0,34534,8695,0,33310,8368,6,32240,0,0,132037,0,0,33290,8621,2,34452,4735,170,33288,0,0,33311,0,0,33302,8984,10;
1701352212458;4365091,44904,1,6618,443,33,32408,0,0,34534,8695,0,33310,8332,6,32240,0,0,132037,0,0,33290,8623,2,34452,4735,171,33288,0,0,33311,0,0,33302,8981,10;
1701352212653;4365287,44904,1,6537,380,117,32408,0,0,34534,8694,0,33310,8365,6,32240,0,0,132037,0,0,33290,8622,2,34452,4735,171,33288,0,0,33311,0,0,33302,8987,10;
1701352212772;4365391,44904,1,6534,381,117,32408,0,0,34534,8697,0,33310,8364,6,32240,0,0,132037,0,0,33290,8620,2,34452,4735,171,33288,0,0,33311,0,0,33302,8987,11;
1701352212856;4365489,44904,1,6539,379,117,32408,0,0,34534,8688,0,33310,8365,6,32240,0,0,132037,0,0,33290,8623,2,34452,4734,172,33288,0,0,33311,0,0,33302,8983,11;
1701352212972;4365589,44904,1,6532,378,119,32408,0,0,34534,8695,0,33310,8366,6,32240,0,0,132037,0,0,33290,8621,2,34452,4736,173,33288,0,0,33311,0,0,33302,8991,11;
1701352213262;4365888,44904,1,6534,381,117,32408,0,0,34534,8691,0,33310,8364,6,32240,0,0,132037,0,0,33290,8620,2,34452,4735,174,33288,0,0,33311,0,0,33302,8989,11;
1701352213372;4365989,44904,1,6534,381,117,32408,0,0,34534,8689,0,33310,8364,6,32240,0,0,132037,0,0,33290,8620,2,34452,4735,176,33288,0,0,33311,0,0,33302,8987,11;
1701352213458;4366086,44904,1,6526,377,124,32408,0,0,34534,8695,0,33310,8366,6,32240,0,0,132037,0,0,33290,8619,2,34452,4735,174,33288,0,0,33311,0,0,33302,8986,11;
1701352213699;4366288,44904,1,6526,377,124,32408,0,0,34534,8692,0,33310,8366,6,32240,0,0,132037,0,0,33290,8619,2,34452,4735,173,33288,0,0,33311,0,0,33302,8984,10;
1701352213871;4366489,44904,1,6531,380,118,32408,0,0,34534,8690,0,33310,8365,6,32240,0,0,132037,0,0,33290,8620,2,34452,4736,176,33288,0,0,33311,0,0,33302,8985,10;
1701352214164;4366787,44904,1,6537,380,117,32408,0,0,34534,8692,0,33310,8365,6,32240,0,0,132037,0,0,33290,8622,2,34452,4735,174,33288,0,0,33311,0,0,33302,8989,10;
1701352214364;4366984,44904,1,6524,372,129,32408,0,0,34534,8693,0,33310,8369,6,32240,0,0,132037,0,0,33290,8621,2,34452,4735,173,33288,0,0,33311,0,0,33302,8987,11;
1701352214556;4367187,44904,1,6529,377,123,32408,0,0,34534,8688,0,33310,8366,6,32240,0,0,132037,0,0,33290,8620,2,34452,4735,171,33288,0,0,33311,0,0,33302,8986,11;
1701352214672;4367288,44904,1,6610,443,36,32408,0,0,34534,8690,0,33310,8332,6,32240,0,0,132037,0,0,33290,8620,2,34452,4736,172,33288,0,0,33311,0,0,33302,8989,10;
1701352214865;4367486,44904,1,6532,377,123,32408,0,0,34534,8691,0,33310,8366,6,32240,0,0,132037,0,0,33290,8621,2,34452,4734,170,33288,0,0,33311,0,0,33302,8987,10;
1701352215067;4367689,44904,1,6537,381,116,32408,0,0,34534,8688,0,33310,8364,6,32240,0,0,132037,0,0,33290,8621,2,34452,4735,175,33288,0,0,33311,0,0,33302,8981,10;
1701352215155;4367788,44904,1,6618,446,31,32408,0,0,34534,8689,0,33310,8330,6,32240,0,0,132037,0,0,33290,8621,2,34452,4735,175,33288,0,0,33311,0,0,33302,8986,10;
1701352215256;4367884,44904,1,6616,444,34,32408,0,0,34534,8685,0,33310,8331,6,32240,0,0,132037,0,0,33290,8621,2,34452,4735,176,33288,0,0,33311,0,0,33302,8985,10;
1701352215467;4368089,44904,1,6529,377,123,32408,0,0,34534,8684,0,33310,8366,6,32240,0,0,132037,0,0,33290,8620,2,34452,4735,175,33288,0,0,33311,0,0,33302,8987,9;
1701352215652;4368289,44904,1,6532,377,121,32408,0,0,34534,8685,0,33310,8366,6,32240,0,0,132037,0,0,33290,8621,2,34452,4735,173,33288,0,0,33311,0,0,33302,8986,10;
1701352215850;4368487,44904,1,6529,378,121,32408,0,0,34534,8692,0,33310,8366,6,32240,0,0,132037,0,0,33290,8620,2,34452,4736,174,33288,0,0,33311,0,0,33302,8990,11;
1701352216161;4368789,44904,1,6531,381,119,32408,0,0,34534,8694,0,33310,8364,6,32240,0,0,132037,0,0,33290,8619,3,34452,4735,177,33288,0,0,33311,0,0,33302,8985,12;
1701352216256;4368884,44904,1,6534,380,119,32408,0,0,34534,8691,0,33310,8364,6,32240,0,0,132037,0,0,33290,8620,2,34452,4734,176,33288,0,0,33311,0,0,33302,8988,12;
1701352216467;4369091,44904,1,6529,377,123,32408,0,0,34534,8696,0,33310,8366,6,32240,0,0,132037,0,0,33290,8620,2,34452,4735,176,33288,0,0,33311,0,0,33302,8988,12;
1701352216757;4369387,44904,1,6532,377,121,32408,0,0,34534,8697,0,33310,8366,6,32240,0,0,132037,0,0,33290,8621,2,34452,4735,170,33288,0,0,33311,0,0,33302,8989,12;
1701352216858;4369488,44904,1,6542,382,112,32408,0,0,34534,8703,0,33310,8364,6,32240,0,0,132037,0,0,33290,8623,2,34452,4735,171,33288,0,0,33311,0,0,33302,8988,12;
1701352217052;4369689,44904,1,6547,384,108,32408,0,0,34534,8710,0,33310,8363,6,32240,0,0,132037,0,0,33290,8624,2,34452,4735,171,33288,0,0,33311,0,0,33302,8986,12;
1701352217155;4369785,44904,1,6537,380,117,32408,0,0,34534,8702,0,33310,8364,6,32240,0,0,132037,0,0,33290,8621,2,34452,4734,173,33288,0,0,33311,0,0,33302,8986,11;
1701352217257;4369887,44904,1,6549,388,104,32408,0,0,34534,8707,0,33310,8361,6,32240,0,0,132037,0,0,33290,8623,2,34452,4735,174,33288,0,0,33311,0,0,33302,8984,11;
1701352217358;4369988,44904,1,6539,380,115,32408,0,0,34534,8711,0,33310,8365,6,32240,0,0,132037,0,0,33290,8623,2,34452,4735,173,33288,0,0,33311,0,0,33302,8985,11;
1701352217457;4370089,44904,1,6539,379,114,32408,0,0,34534,8708,0,33310,8366,6,32240,0,0,132037,0,0,33290,8624,2,34452,4736,173,33288,0,0,33311,0,0,33302,8987,11;
1701352217563;4370190,44904,1,6544,385,108,32408,0,0,34534,8713,0,33310,8363,6,32240,0,0,132037,0,0,33290,8623,2,34452,4736,172,33288,0,0,33311,0,0,33302,8985,11;
1701352217657;4370285,44904,1,6542,383,110,32408,0,0,34534,8717,0,33310,8364,6,32240,0,0,132037,0,0,33290,8623,2,34452,4736,172,33288,0,0,33311,0,0,33302,8983,11;
1701352217756;4370387,44904,1,6539,381,113,32408,0,0,34534,8720,0,33310,8365,6,32240,0,0,132037,0,0,33290,8623,2,34452,4736,173,33288,0,0,33311,0,0,33302,8986,12;
1701352217872;4370489,44904,1,6547,384,108,32408,0,0,34534,8730,0,33310,8363,6,32240,0,0,132037,0,0,33290,8624,2,34452,4735,172,33288,0,0,33311,0,0,33302,8988,12;
1701352217973;4370589,44904,1,6537,378,118,32408,0,0,34534,8710,0,33310,8366,6,32240,0,0,132037,0,0,33290,8623,2,34452,4735,172,33288,0,0,33311,0,0,33302,8987,12;
1701352218058;4370689,44904,1,6554,387,102,32408,0,0,34534,8714,0,33310,8362,6,32240,0,0,132037,0,0,33290,8626,2,34452,4735,172,33288,0,0,33311,0,0,33302,8986,12;
1701352218354;4370988,44904,1,6537,379,118,32408,0,0,34534,8699,0,33310,8365,6,32240,0,0,132037,0,0,33290,8622,2,34452,4734,170,33288,0,0,33311,0,0,33302,8987,13;
1701352218472;4371089,44904,1,6539,381,116,32408,0,0,34534,8694,0,33310,8364,6,32240,0,0,132037,0,0,33290,8622,2,34452,4734,170,33288,0,0,33311,0,0,33302,8987,13;
1701352218651;4371287,44904,1,6534,377,121,32408,0,0,34534,8700,0,33310,8366,6,32240,0,0,132037,0,0,33290,8622,2,34452,4734,170,33288,0,0,33311,0,0,33302,8986,12;
1701352219059;4371685,44904,1,6539,381,116,32408,0,0,34534,8695,0,33310,8364,6,32240,0,0,132037,0,0,33290,8622,2,34452,4734,168,33288,0,0,33311,0,0,33302,8983,11;
1701352219251;4371888,44904,1,6531,379,120,32408,0,0,34534,8687,0,33310,8365,6,32240,0,0,132037,0,0,33290,8620,2,34452,4735,169,33288,0,0,33311,0,0,33302,8987,11;
1701352219372;4371989,44904,1,6529,377,123,32408,0,0,34534,8691,0,33310,8366,6,32240,0,0,132037,0,0,33290,8620,2,34452,4735,169,33288,0,0,33311,0,0,33302,8985,11;
1701352219456;4372090,44904,1,6537,380,117,32408,0,0,34534,8686,0,33310,8365,6,32240,0,0,132037,0,0,33290,8622,2,34452,4735,169,33288,0,0,33311,0,0,33302,8986,11;
1701352219555;4372185,44904,1,6531,380,121,32408,0,0,34534,8691,0,33310,8364,6,32240,0,0,132037,0,0,33290,8619,2,34452,4734,168,33288,0,0,33311,0,0,33302,8984,12;
1701352219657;4372288,44904,1,6539,382,115,32408,0,0,34534,8686,0,33310,8363,6,32240,0,0,132037,0,0,33290,8621,2,34452,4734,169,33288,0,0,33311,0,0,33302,8985,12;
1701352219865;4372488,44904,1,6524,376,126,32408,0,0,34534,8691,0,33310,8366,6,32240,0,0,132037,0,0,33290,8618,2,34452,4735,170,33288,0,0,33311,0,0,33302,8984,12;
1701352219957;4372584,44904,1,6532,377,121,32408,0,0,34534,8685,0,33310,8366,6,32240,0,0,132037,0,0,33290,8621,2,34452,4735,172,33288,0,0,33311,0,0,33302,8986,11;
1701352220068;4372687,44904,1,6537,378,118,32408,0,0,34534,8692,0,33310,8366,6,32240,0,0,132037,0,0,33290,8623,2,34452,4735,171,33288,0,0,33311,0,0,33302,8987,11;
1701352220157;4372787,44904,1,6537,378,118,32408,0,0,34534,8691,0,33310,8366,6,32240,0,0,132037,0,0,33290,8623,2,34452,4735,172,33288,0,0,33311,0,0,33302,8984,11;
1701352220349;4372983,44904,1,6537,380,117,32408,0,0,34534,8693,0,33310,8365,6,32240,0,0,132037,0,0,33290,8622,2,34452,4735,168,33288,0,0,33311,0,0,33302,8983,10;
1701352220471;4373089,44904,1,6532,378,122,32408,0,0,34534,8693,0,33310,8365,6,32240,0,0,132037,0,0,33290,8620,2,34452,4734,172,33288,0,0,33311,0,0,33302,8987,9;
1701352224360;4376987,44904,1,6537,377,119,32408,0,0,34534,8699,0,33310,8366,6,32240,0,0,132037,0,0,33290,8623,2,34452,4734,169,33288,0,0,33311,0,0,33302,8982,10;
1701352224469;4377089,44904,1,6544,379,113,32408,0,0,34534,8695,0,33310,8366,6,32240,0,0,132037,0,0,33290,8626,2,34452,4735,170,33288,0,0,33311,0,0,33302,8985,11;
