1701351207977;3360488,44904,1,177,499,540,32408,0,0,34534,9208,0,33310,11084,2,32240,0,0,132037,0,0,33290,9248,2,34452,9207,15,33288,0,0,33311,12995,1,33302,4678,244;
1701351208115;3360593,44904,1,181,499,526,32408,0,0,34534,9210,0,33310,11085,2,32240,0,0,132037,0,0,33290,9251,2,34452,9208,15,33288,0,0,33311,12993,1,33302,4678,243;
1701351208215;3360692,44904,1,166,484,590,32408,0,0,34534,9210,0,33310,11087,2,32240,0,0,132037,0,0,33290,9247,2,34452,9203,15,33288,0,0,33311,12999,1,33302,4679,243;
1701351208309;3360793,44904,1,176,495,546,32408,0,0,34534,9206,0,33310,11086,2,32240,0,0,132037,0,0,33290,9250,1,34452,9207,16,33288,0,0,33311,13006,1,33302,4678,244;
1701351208409;3360889,44904,1,174,493,556,32408,0,0,34534,9208,0,33310,11086,2,32240,0,0,132037,0,0,33290,9249,1,34452,9206,16,33288,0,0,33311,13008,1,33302,4679,245;
1701351208509;3360992,44904,1,174,493,557,32408,0,0,34534,9208,0,33310,11085,2,32240,0,0,132037,0,0,33290,9248,1,34452,9205,17,33288,0,0,33311,13004,1,33302,4678,245;
1701351208616;3361092,44904,1,173,494,552,32408,0,0,34534,9217,0,33310,11086,2,32240,0,0,132037,0,0,33290,9249,1,34452,9207,17,33288,0,0,33311,13012,1,33302,4678,243;
1701351208901;3361391,44904,1,184,504,513,32408,0,0,34534,9222,0,33310,11084,2,32240,0,0,132037,0,0,33290,9251,1,34452,9209,17,33288,0,0,33311,13009,1,33302,4679,247;
1701351209016;3361492,44904,1,185,499,525,32408,0,0,34534,9217,0,33310,11083,2,32240,0,0,132037,0,0,33290,9250,1,34452,9205,16,33288,0,0,33311,13001,1,33302,4679,246;
1701351209205;3361689,44904,1,184,500,520,32408,0,0,34534,9230,0,33310,11084,2,32240,0,0,132037,0,0,33290,9251,1,34452,9207,16,33288,0,0,33311,13009,1,33302,4679,245;
1701351209300;3361790,44904,1,192,507,491,32408,0,0,34534,9225,0,33310,11082,2,32240,0,0,132037,0,0,33290,9252,1,34452,9208,16,33288,0,0,33311,13000,1,33302,4678,244;
1701351209402;3361892,44904,1,182,496,534,32408,0,0,34534,9217,0,33310,11084,2,32240,0,0,132037,0,0,33290,9250,1,34452,9205,15,33288,0,0,33311,13001,1,33302,4679,244;
1701351209504;3361993,44904,1,187,501,515,32408,0,0,34534,9220,0,33310,11083,2,32240,0,0,132037,0,0,33290,9251,1,34452,9206,15,33288,0,0,33311,13002,1,33302,4679,243;
1701351209719;3362191,44904,1,182,496,534,32408,0,0,34534,9217,0,33310,11084,2,32240,0,0,132037,0,0,33290,9250,1,34452,9205,14,33288,0,0,33311,13005,1,33302,4678,241;
1701351209803;3362293,44904,1,168,494,566,32408,0,0,34534,9211,0,33310,11086,2,32240,0,0,132037,0,0,33290,9247,1,34452,9207,14,33288,0,0,33311,13005,1,33302,4679,240;
1701351209998;3362488,44904,1,176,503,533,32408,0,0,34534,9211,0,33310,11084,2,32240,0,0,132037,0,0,33290,9248,1,34452,9209,15,33288,0,0,33311,12998,1,33302,4678,239;
1701351210115;3362591,44904,1,179,494,544,32408,0,0,34534,9207,0,33310,11085,2,32240,0,0,132037,0,0,33290,9250,2,34452,9205,15,33288,0,0,33311,12998,1,33302,4679,239;
1701351210204;3362693,44904,1,174,487,567,32408,0,0,34534,9211,0,33310,11086,1,32240,0,0,132037,0,0,33290,9249,1,34452,9203,13,33288,0,0,33311,13003,1,33302,4679,238;
1701351210315;3362792,44904,1,166,490,579,32408,0,0,34534,9208,0,33310,11087,1,32240,0,0,132037,0,0,33290,9247,2,34452,9206,12,33288,0,0,33311,12995,1,33302,4679,238;
1701351210404;3362893,44904,1,172,497,557,32408,0,0,34534,9207,0,33310,11084,2,32240,0,0,132037,0,0,33290,9246,2,34452,9206,13,33288,0,0,33311,12996,1,33302,4679,238;
1701351210499;3362989,44904,1,173,494,552,32408,0,0,34534,9206,0,33310,11086,2,32240,0,0,132037,0,0,33290,9249,2,34452,9207,14,33288,0,0,33311,12998,1,33302,4678,237;
1701351210616;3363092,44904,1,171,498,552,32408,0,0,34534,9203,0,33310,11086,2,32240,0,0,132037,0,0,33290,9248,2,34452,9209,14,33288,0,0,33311,12994,1,33302,4678,237;
1701351210704;3363191,44904,1,175,489,564,32408,0,0,34534,9199,0,33310,11085,1,32240,0,0,132037,0,0,33290,9248,2,34452,9203,14,33288,0,0,33311,12996,1,33302,4678,237;
1701351210815;3363292,44904,1,168,489,571,32408,0,0,34534,9201,0,33310,11088,1,32240,0,0,132037,0,0,33290,9249,2,34452,9207,14,33288,0,0,33311,12995,1,33302,4678,238;
1701351210903;3363394,44904,1,170,495,554,32408,0,0,34534,9200,0,33310,11087,1,32240,0,0,132037,0,0,33290,9249,2,34452,9209,13,33288,0,0,33311,12997,1,33302,4679,239;
1701351211016;3363495,44904,1,169,496,563,32408,0,0,34534,9195,0,33310,11085,1,32240,0,0,132037,0,0,33290,9246,2,34452,9207,13,33288,0,0,33311,12992,1,33302,4679,242;
1701351211196;3363691,44904,1,167,494,573,32408,0,0,34534,9196,0,33310,11085,1,32240,0,0,132037,0,0,33290,9245,2,34452,9206,13,33288,0,0,33311,12993,1,33302,4678,242;
1701351211315;3363793,44904,1,168,488,576,32408,0,0,34534,9195,0,33310,11087,1,32240,0,0,132037,0,0,33290,9248,2,34452,9205,13,33288,0,0,33311,12993,1,33302,4678,243;
1701351211400;3363893,44904,1,154,487,603,32408,0,0,34534,9198,0,33310,11090,1,32240,0,0,132037,0,0,33290,9246,2,34452,9209,13,33288,0,0,33311,12989,1,33302,4679,243;
1701351211502;3363989,44904,1,171,491,567,32408,0,0,34534,9200,0,33310,11086,1,32240,0,0,132037,0,0,33290,9248,2,34452,9205,13,33288,0,0,33311,12990,2,33302,4679,244;
1701351211600;3364091,44904,1,163,487,589,32408,0,0,34534,9200,0,33310,11088,2,32240,0,0,132037,0,0,33290,9247,2,34452,9206,13,33288,0,0,33311,12993,1,33302,4678,242;
1701351211715;3364193,44904,1,168,488,576,32408,0,0,34534,9201,0,33310,11087,2,32240,0,0,132037,0,0,33290,9248,2,34452,9205,13,33288,0,0,33311,12993,2,33302,4678,243;
1701351211816;3364292,44904,1,158,482,609,32408,0,0,34534,9199,0,33310,11089,2,32240,0,0,132037,0,0,33290,9246,2,34452,9205,13,33288,0,0,33311,12989,1,33302,4679,243;
1701351212023;3364492,44904,1,161,491,589,32408,0,0,34534,9203,0,33310,11087,2,32240,0,0,132037,0,0,33290,9245,2,34452,9207,12,33288,0,0,33311,12991,1,33302,4678,241;
1701351212100;3364591,44904,1,155,478,622,32408,0,0,34534,9205,1,33310,11090,2,32240,0,0,132037,0,0,33290,9246,2,34452,9204,13,33288,0,0,33311,12993,2,33302,4679,242;
1701351212215;3364692,44904,1,168,492,569,32408,0,0,34534,9201,0,33310,11087,2,32240,0,0,132037,0,0,33290,9248,2,34452,9207,13,33288,0,0,33311,12990,2,33302,4679,244;
1701351212302;3364793,44904,1,160,488,592,32408,0,0,34534,9197,0,33310,11088,2,32240,0,0,132037,0,0,33290,9246,2,34452,9207,13,33288,0,0,33311,12993,2,33302,4679,245;
1701351212398;3364889,44904,1,157,484,604,32408,0,0,34534,9197,0,33310,11090,1,32240,0,0,132037,0,0,33290,9247,2,34452,9207,13,33288,0,0,33311,12994,2,33302,4678,244;
1701351212502;3364990,44904,1,149,481,627,32408,0,0,34534,9198,1,33310,11091,1,32240,0,0,132037,0,0,33290,9245,2,34452,9207,13,33288,0,0,33311,12991,1,33302,4680,246;
1701351212616;3365094,44904,1,157,480,611,32408,0,0,34534,9195,0,33310,11090,1,32240,0,0,132037,0,0,33290,9247,2,34452,9205,13,33288,0,0,33311,12994,1,33302,4679,245;
1701351212701;3365189,44904,1,165,498,560,32408,0,0,34534,9196,0,33310,11087,1,32240,0,0,132037,0,0,33290,9247,2,34452,9211,13,33288,0,0,33311,12992,1,33302,4678,243;
1701351212816;3365291,44904,1,160,486,594,32408,0,0,34534,9194,0,33310,11089,1,32240,0,0,132037,0,0,33290,9247,2,34452,9207,14,33288,0,0,33311,12992,1,33302,4679,245;
1701351213012;3365493,44904,1,173,492,555,32408,0,0,34534,9196,0,33310,11087,1,32240,0,0,132037,0,0,33290,9250,2,34452,9207,14,33288,0,0,33311,12992,2,33302,4677,243;
1701351213099;3365588,44904,1,157,476,618,32408,0,0,34534,9198,0,33310,11091,1,32240,0,0,132037,0,0,33290,9248,2,34452,9204,14,33288,0,0,33311,12993,1,33302,4678,244;
1701351213215;3365691,44904,1,162,487,588,32408,0,0,34534,9198,0,33310,11089,1,32240,0,0,132037,0,0,33290,9248,2,34452,9207,14,33288,0,0,33311,12996,1,33302,4678,245;
1701351213299;3365792,44904,1,152,473,635,32408,0,0,34534,9200,0,33310,11092,1,32240,0,0,132037,0,0,33290,9247,2,34452,9204,14,33288,0,0,33311,12995,1,33302,4678,245;
1701351213399;3365892,44904,1,159,484,597,32408,0,0,34534,9204,0,33310,11090,1,32240,0,0,132037,0,0,33290,9248,2,34452,9207,15,33288,0,0,33311,12995,1,33302,4679,246;
1701351213515;3365988,44904,1,163,483,595,32408,0,0,34534,9206,0,33310,11089,1,32240,0,0,132037,0,0,33290,9248,2,34452,9205,14,33288,0,0,33311,13000,1,33302,4679,245;
1701351213602;3366090,44904,1,167,491,567,32408,0,0,34534,9207,0,33310,11089,2,32240,0,0,132037,0,0,33290,9250,2,34452,9209,15,33288,0,0,33311,12994,1,33302,4679,248;
1701351213809;3366292,44904,1,170,491,561,32408,0,0,34534,9209,0,33310,11088,2,32240,0,0,132037,0,0,33290,9250,1,34452,9208,15,33288,0,0,33311,12995,1,33302,4679,247;
1701351213993;3366490,44904,1,171,482,579,32408,0,0,34534,9207,0,33310,11088,2,32240,0,0,132037,0,0,33290,9250,1,34452,9203,14,33288,0,0,33311,12997,1,33302,4678,248;
1701351214115;3366592,44904,1,170,487,567,32408,0,0,34534,9210,0,33310,11089,2,32240,0,0,132037,0,0,33290,9251,1,34452,9207,14,33288,0,0,33311,13000,1,33302,4679,248;
1701351214405;3366892,44904,1,165,487,582,32408,0,0,34534,9203,0,33310,11088,2,32240,0,0,132037,0,0,33290,9248,2,34452,9206,13,33288,0,0,33311,12998,1,33302,4679,247;
1701351214609;3367091,44904,1,161,479,609,32408,0,0,34534,9205,0,33310,11089,2,32240,0,0,132037,0,0,33290,9247,2,34452,9203,14,33288,0,0,33311,12998,1,33302,4680,248;
1701351214714;3367194,44904,1,161,482,593,32408,0,0,34534,9210,0,33310,11091,2,32240,0,0,132037,0,0,33290,9250,1,34452,9207,14,33288,0,0,33311,13000,1,33302,4678,247;
1701351214895;3367388,44904,1,151,479,623,32408,0,0,34534,9205,0,33310,11092,1,32240,0,0,132037,0,0,33290,9247,2,34452,9207,14,33288,0,0,33311,13003,1,33302,4679,247;
1701351215008;3367490,44904,1,161,480,596,32408,0,0,34534,9212,0,33310,11092,1,32240,0,0,132037,0,0,33290,9251,1,34452,9207,14,33288,0,0,33311,13004,1,33302,4679,248;
1701351215194;3367690,44904,1,162,478,601,32408,0,0,34534,9206,0,33310,11091,1,32240,0,0,132037,0,0,33290,9250,2,34452,9205,15,33288,0,0,33311,13002,1,33302,4680,248;
1701351215502;3367991,44904,1,154,485,606,32408,0,0,34534,9208,0,33310,11091,1,32240,0,0,132037,0,0,33290,9247,2,34452,9209,15,33288,0,0,33311,13005,1,33302,4679,247;
1701351215615;3368092,44904,1,164,484,583,32408,0,0,34534,9209,0,33310,11091,1,32240,0,0,132037,0,0,33290,9251,2,34452,9208,15,33288,0,0,33311,13001,1,33302,4679,248;
1701351215795;3368291,44904,1,167,485,578,32408,0,0,34534,9201,0,33310,11089,1,32240,0,0,132037,0,0,33290,9250,2,34452,9206,15,33288,0,0,33311,12997,1,33302,4679,247;
1701351215913;3368391,44904,1,156,481,607,32408,0,0,34534,9205,0,33310,11091,1,32240,0,0,132037,0,0,33290,9248,2,34452,9207,16,33288,0,0,33311,12995,1,33302,4679,247;
1701351216001;3368492,44904,1,161,490,579,32408,0,0,34534,9206,0,33310,11090,1,32240,0,0,132037,0,0,33290,9249,2,34452,9210,15,33288,0,0,33311,12998,1,33302,4679,246;
1701351216101;3368587,44904,1,170,487,567,32408,0,0,34534,9203,0,33310,11089,1,32240,0,0,132037,0,0,33290,9251,1,34452,9207,15,33288,0,0,33311,12995,1,33302,4679,246;
1701351216298;3368788,44904,1,178,491,545,32408,0,0,34534,9208,0,33310,11087,2,32240,0,0,132037,0,0,33290,9252,2,34452,9206,15,33288,0,0,33311,12994,1,33302,4679,246;
1701351216602;3369092,44904,1,161,484,589,32408,0,0,34534,9212,0,33310,11091,1,32240,0,0,132037,0,0,33290,9250,1,34452,9208,15,33288,0,0,33311,12994,1,33302,4678,246;
1701351216792;3369288,44904,1,172,484,568,32408,0,0,34534,9208,0,33310,11089,2,32240,0,0,132037,0,0,33290,9252,2,34452,9205,16,33288,0,0,33311,12993,1,33302,4679,248;
1701351217008;3369492,44904,1,164,488,576,32408,0,0,34534,9210,0,33310,11090,2,32240,0,0,132037,0,0,33290,9250,2,34452,9209,16,33288,0,0,33311,12997,1,33302,4679,245;
1701351217111;3369593,44904,1,159,486,593,32408,0,0,34534,9210,0,33310,11090,2,32240,0,0,132037,0,0,33290,9248,2,34452,9208,16,33288,0,0,33311,12996,1,33302,4679,245;
1701351217199;3369688,44904,1,161,474,606,32408,0,0,34534,9208,0,33310,11093,2,32240,0,0,132037,0,0,33290,9252,2,34452,9205,16,33288,0,0,33311,12999,1,33302,4679,241;
1701351217312;3369792,44904,1,166,484,576,32408,0,0,34534,9207,0,33310,11091,2,32240,0,0,132037,0,0,33290,9252,2,34452,9208,16,33288,0,0,33311,12996,1,33302,4679,242;
1701351217603;3370092,44904,1,153,481,613,32408,0,0,34534,9201,0,33310,11092,2,32240,0,0,132037,0,0,33290,9248,2,34452,9208,17,33288,0,0,33311,12994,1,33302,4678,244;
1701351217712;3370189,44904,1,156,479,610,32408,0,0,34534,9204,0,33310,11092,2,32240,0,0,132037,0,0,33290,9249,2,34452,9207,18,33288,0,0,33311,12995,1,33302,4679,246;
1701351217800;3370290,44904,1,159,482,600,32408,0,0,34534,9203,0,33310,11091,2,32240,0,0,132037,0,0,33290,9249,2,34452,9207,18,33288,0,0,33311,12998,1,33302,4678,246;
1701351218007;3370492,44904,1,164,485,584,32408,0,0,34534,9202,0,33310,11090,2,32240,0,0,132037,0,0,33290,9250,2,34452,9207,18,33288,0,0,33311,12993,1,33302,4679,249;
1701351218099;3370590,44904,1,161,487,582,32408,0,0,34534,9200,1,33310,11091,2,32240,0,0,132037,0,0,33290,9250,2,34452,9210,18,33288,0,0,33311,12998,1,33302,4680,250;
1701351218197;3370687,44904,1,167,492,563,32408,0,0,34534,9200,1,33310,11089,2,32240,0,0,132037,0,0,33290,9250,2,34452,9210,18,33288,0,0,33311,12998,1,33302,4679,249;
1701351218312;3370790,44904,1,154,485,606,32408,0,0,34534,9200,1,33310,11091,2,32240,0,0,132037,0,0,33290,9247,2,34452,9209,18,33288,0,0,33311,12996,1,33302,4678,248;
1701351218399;3370892,44904,1,156,481,607,32408,0,0,34534,9199,1,33310,11091,2,32240,0,0,132037,0,0,33290,9248,2,34452,9207,19,33288,0,0,33311,12997,1,33302,4679,248;
1701351218512;3370990,44904,1,167,491,568,32408,0,0,34534,9198,1,33310,11088,2,32240,0,0,132037,0,0,33290,9249,2,34452,9208,19,33288,0,0,33311,12998,1,33302,4680,248;
1701351218708;3371190,44904,1,167,487,574,32408,0,0,34534,9196,1,33310,11089,2,32240,0,0,132037,0,0,33290,9250,2,34452,9207,18,33288,0,0,33311,12999,1,33302,4678,246;
1701351218810;3371291,44904,1,162,487,588,32408,0,0,34534,9197,1,33310,11089,2,32240,0,0,132037,0,0,33290,9248,3,34452,9207,18,33288,0,0,33311,12999,1,33302,4679,246;
1701351218899;3371392,44904,1,156,477,613,32408,0,0,34534,9197,1,33310,11092,2,32240,0,0,132037,0,0,33290,9249,2,34452,9206,18,33288,0,0,33311,13006,1,33302,4678,245;
1701351219106;3371590,44904,1,165,487,581,32408,0,0,34534,9199,1,33310,11089,2,32240,0,0,132037,0,0,33290,9249,2,34452,9207,18,33288,0,0,33311,12998,1,33302,4679,245;
1701351219305;3371791,44904,1,153,481,613,32408,0,0,34534,9200,1,33310,11092,2,32240,0,0,132037,0,0,33290,9248,2,34452,9208,18,33288,0,0,33311,12996,1,33302,4679,246;
1701351219402;3371888,44904,1,156,481,606,32408,0,0,34534,9196,0,33310,11092,2,32240,0,0,132037,0,0,33290,9249,2,34452,9208,18,33288,0,0,33311,12999,1,33302,4678,245;
1701351219511;3371988,44904,1,157,485,600,32408,0,0,34534,9200,1,33310,11090,2,32240,0,0,132037,0,0,33290,9247,2,34452,9208,18,33288,0,0,33311,12997,1,33302,4678,245;
1701351219598;3372090,44904,1,163,483,595,32408,0,0,34534,9196,1,33310,11089,2,32240,0,0,132037,0,0,33290,9248,2,34452,9205,18,33288,0,0,33311,12995,1,33302,4679,246;
1701351219712;3372190,44904,1,156,485,599,32408,0,0,34534,9198,1,33310,11091,2,32240,0,0,132037,0,0,33290,9248,2,34452,9209,18,33288,0,0,33311,12995,1,33302,4679,246;
1701351219799;3372293,44904,1,165,487,582,32408,0,0,34534,9201,1,33310,11088,2,32240,0,0,132037,0,0,33290,9248,2,34452,9206,18,33288,0,0,33311,12996,1,33302,4678,245;
1701351220011;3372490,44904,1,152,481,621,32408,0,0,34534,9200,1,33310,11090,2,32240,0,0,132037,0,0,33290,9245,2,34452,9206,17,33288,0,0,33311,12997,1,33302,4678,245;
1701351220207;3372691,44904,1,165,487,581,32408,0,0,34534,9196,1,33310,11089,2,32240,0,0,132037,0,0,33290,9249,2,34452,9207,17,33288,0,0,33311,13000,1,33302,4679,244;
1701351220295;3372792,44904,1,160,486,594,32408,0,0,34534,9200,1,33310,11089,2,32240,0,0,132037,0,0,33290,9247,2,34452,9207,16,33288,0,0,33311,12997,1,33302,4679,244;
1701351220397;3372889,44904,1,166,490,579,32408,0,0,34534,9198,0,33310,11087,3,32240,0,0,132037,0,0,33290,9247,2,34452,9206,16,33288,0,0,33311,12999,1,33302,4679,245;
1701351220511;3372989,44904,1,173,490,559,32408,0,0,34534,9200,1,33310,11087,3,32240,0,0,132037,0,0,33290,9250,2,34452,9206,16,33288,0,0,33311,12997,1,33302,4679,244;
1701351220597;3373091,44904,1,171,488,569,32408,0,0,34534,9198,1,33310,11087,3,32240,0,0,132037,0,0,33290,9249,2,34452,9205,16,33288,0,0,33311,13000,1,33302,4678,243;
1701351220807;3373290,44904,1,171,488,569,32408,0,0,34534,9196,1,33310,11087,3,32240,0,0,132037,0,0,33290,9249,2,34452,9205,17,33288,0,0,33311,12999,1,33302,4680,245;
1701351221109;3373592,44904,1,171,494,559,32408,0,0,34534,9201,1,33310,11086,3,32240,0,0,132037,0,0,33290,9248,2,34452,9207,16,33288,0,0,33311,12998,1,33302,4679,244;
1701351221197;3373692,44904,1,171,491,567,32408,0,0,34534,9199,1,33310,11086,3,32240,0,0,132037,0,0,33290,9248,2,34452,9205,16,33288,0,0,33311,12997,1,33302,4679,244;
1701351221312;3373793,44904,1,173,494,552,32408,0,0,34534,9203,1,33310,11086,3,32240,0,0,132037,0,0,33290,9249,2,34452,9207,16,33288,0,0,33311,12997,1,33302,4679,243;
1701351221398;3373888,44904,1,176,502,532,32408,0,0,34534,9200,1,33310,11085,3,32240,0,0,132037,0,0,33290,9249,2,34452,9210,16,33288,0,0,33311,12994,1,33302,4678,241;
1701351221607;3374091,44904,1,171,488,569,32408,0,0,34534,9199,1,33310,11087,3,32240,0,0,132037,0,0,33290,9249,2,34452,9205,16,33288,0,0,33311,12997,1,33302,4679,240;
1701351221713;3374193,44904,1,182,500,527,32408,0,0,34534,9198,1,33310,11084,3,32240,0,0,132037,0,0,33290,9250,2,34452,9207,16,33288,0,0,33311,12997,1,33302,4679,239;
1701351221997;3374488,44904,1,171,491,567,32408,0,0,34534,9201,1,33310,11086,3,32240,0,0,132037,0,0,33290,9248,2,34452,9205,16,33288,0,0,33311,12993,1,33302,4679,238;
1701351222206;3374691,44904,1,177,493,550,32408,0,0,34534,9198,1,33310,11085,3,32240,0,0,132037,0,0,33290,9249,2,34452,9205,16,33288,0,0,33311,12996,1,33302,4679,238;
1701351222309;3374790,44904,1,176,504,528,32408,0,0,34534,9201,1,33310,11085,3,32240,0,0,132037,0,0,33290,9249,2,34452,9211,16,33288,0,0,33311,12993,1,33302,4680,238;
1701351222411;3374893,44904,1,171,490,566,32408,0,0,34534,9198,1,33310,11087,3,32240,0,0,132037,0,0,33290,9249,2,34452,9206,16,33288,0,0,33311,12992,1,33302,4679,238;
1701351222496;3374990,44904,1,175,495,554,32408,0,0,34534,9198,1,33310,11084,3,32240,0,0,132037,0,0,33290,9247,2,34452,9205,16,33288,0,0,33311,12994,1,33302,4680,240;
1701351222708;3375193,44904,1,166,491,575,32408,0,0,34534,9198,1,33310,11087,3,32240,0,0,132037,0,0,33290,9247,2,34452,9207,16,33288,0,0,33311,12995,1,33302,4678,243;
1701351222794;3375289,44904,1,169,492,570,32408,0,0,34534,9197,1,33310,11086,3,32240,0,0,132037,0,0,33290,9247,2,34452,9206,16,33288,0,0,33311,12994,1,33302,4679,246;
1701351223007;3375491,44904,1,164,483,587,32408,0,0,34534,9199,1,33310,11090,3,32240,0,0,132037,0,0,33290,9250,2,34452,9206,17,33288,0,0,33311,12996,1,33302,4679,251;
1701351223208;3375690,44904,1,170,494,558,32408,0,0,34534,9200,1,33310,11087,3,32240,0,0,132037,0,0,33290,9249,2,34452,9208,16,33288,0,0,33311,12997,1,33302,4678,252;
1701351223406;3375891,44904,1,165,483,588,32408,0,0,34534,9199,1,33310,11089,3,32240,0,0,132037,0,0,33290,9249,2,34452,9205,16,33288,0,0,33311,12999,1,33302,4679,251;
1701351223510;3375988,44904,1,165,491,574,32408,0,0,34534,9200,1,33310,11088,3,32240,0,0,132037,0,0,33290,9248,2,34452,9208,16,33288,0,0,33311,13001,1,33302,4679,248;
1701351223708;3376190,44904,1,173,489,563,32408,0,0,34534,9198,1,33310,11087,3,32240,0,0,132037,0,0,33290,9250,2,34452,9205,16,33288,0,0,33311,12996,1,33302,4679,249;
1701351223812;3376292,44904,1,171,490,566,32408,0,0,34534,9200,1,33310,11087,3,32240,0,0,132037,0,0,33290,9249,2,34452,9206,17,33288,0,0,33311,12999,1,33302,4679,248;
1701351224008;3376490,44904,1,173,486,565,32408,0,0,34534,9198,1,33310,11088,3,32240,0,0,132037,0,0,33290,9251,2,34452,9205,16,33288,0,0,33311,12994,1,33302,4679,249;
1701351224112;3376591,44904,1,176,491,553,32408,0,0,34534,9201,1,33310,11086,3,32240,0,0,132037,0,0,33290,9250,2,34452,9205,15,33288,0,0,33311,12998,1,33302,4679,248;
1701351224210;3376691,44904,1,173,489,563,32408,0,0,34534,9200,1,33310,11087,3,32240,0,0,132037,0,0,33290,9250,2,34452,9205,15,33288,0,0,33311,12998,1,33302,4679,247;
1701351224297;3376787,44904,1,171,490,566,32408,0,0,34534,9201,1,33310,11087,3,32240,0,0,132037,0,0,33290,9249,2,34452,9206,15,33288,0,0,33311,12999,1,33302,4679,246;
1701351224409;3376891,44904,1,175,492,548,32408,0,0,34534,9199,1,33310,11087,3,32240,0,0,132037,0,0,33290,9251,2,34452,9207,16,33288,0,0,33311,12996,1,33302,4679,246;
1701351224494;3376990,44904,1,179,499,533,32408,0,0,34534,9203,1,33310,11085,3,32240,0,0,132037,0,0,33290,9250,2,34452,9208,16,33288,0,0,33311,12998,1,33302,4679,246;
1701351224608;3377089,44904,1,175,492,548,32408,0,0,34534,9203,1,33310,11087,3,32240,0,0,132037,0,0,33290,9251,2,34452,9207,16,33288,0,0,33311,12997,1,33302,4680,247;
1701351224694;3377189,44904,1,173,490,559,32408,0,0,34534,9202,1,33310,11087,3,32240,0,0,132037,0,0,33290,9250,2,34452,9206,16,33288,0,0,33311,13002,1,33302,4679,245;
1701351224809;3377290,44904,1,173,492,555,32408,0,0,34534,9204,1,33310,11087,3,32240,0,0,132037,0,0,33290,9250,2,34452,9207,16,33288,0,0,33311,12999,1,33302,4679,243;
1701351224910;3377392,44904,1,175,492,548,32408,0,0,34534,9202,0,33310,11087,3,32240,0,0,132037,0,0,33290,9251,2,34452,9207,16,33288,0,0,33311,13003,1,33302,4679,245;
1701351225010;3377492,44904,1,173,489,563,32408,0,0,34534,9202,0,33310,11087,3,32240,0,0,132037,0,0,33290,9250,2,34452,9205,16,33288,0,0,33311,13000,1,33302,4679,245;
1701351225300;3377791,44904,1,178,493,542,32408,0,0,34534,9202,0,33310,11087,3,32240,0,0,132037,0,0,33290,9252,2,34452,9207,16,33288,0,0,33311,13005,1,33302,4679,244;
1701351225599;3378088,44904,1,176,487,560,32408,0,0,34534,9208,1,33310,11087,3,32240,0,0,132037,0,0,33290,9251,2,34452,9204,16,33288,0,0,33311,13003,1,33302,4679,246;
1701351225708;3378190,44904,1,170,490,565,32408,0,0,34534,9210,1,33310,11088,3,32240,0,0,132037,0,0,33290,9250,2,34452,9207,16,33288,0,0,33311,13001,1,33302,4680,247;
1701351225891;3378388,44904,1,170,486,572,32408,0,0,34534,9208,0,33310,11088,3,32240,0,0,132037,0,0,33290,9250,2,34452,9205,16,33288,0,0,33311,13006,1,33302,4679,247;
1701351226199;3378689,44904,1,175,494,545,32408,0,0,34534,9205,0,33310,11087,3,32240,0,0,132037,0,0,33290,9251,2,34452,9208,16,33288,0,0,33311,13002,1,33302,4680,248;
1701351226803;3379290,44904,1,176,485,563,32408,0,0,34534,9200,1,33310,11087,3,32240,0,0,132037,0,0,33290,9251,2,34452,9203,17,33288,0,0,33311,13004,1,33302,4679,244;
1701351226909;3379391,44904,1,170,486,572,32408,0,0,34534,9198,1,33310,11088,3,32240,0,0,132037,0,0,33290,9250,2,34452,9205,17,33288,0,0,33311,13003,1,33302,4679,245;
1701351226996;3379487,44904,1,173,492,555,32408,0,0,34534,9200,1,33310,11087,3,32240,0,0,132037,0,0,33290,9250,2,34452,9207,17,33288,0,0,33311,13002,1,33302,4679,244;
1701351227205;3379690,44904,1,168,490,572,32408,0,0,34534,9200,1,33310,11087,3,32240,0,0,132037,0,0,33290,9248,2,34452,9206,17,33288,0,0,33311,13004,1,33302,4679,245;
1701351227302;3379791,44904,1,173,492,555,32408,0,0,34534,9199,1,33310,11087,3,32240,0,0,132037,0,0,33290,9250,2,34452,9207,17,33288,0,0,33311,13004,1,33302,4679,247;
1701351227405;3379890,44904,1,168,490,572,32408,0,0,34534,9197,1,33310,11087,3,32240,0,0,132037,0,0,33290,9248,2,34452,9206,17,33288,0,0,33311,13007,1,33302,4679,247;
1701351227506;3379991,44904,1,171,490,566,32408,0,0,34534,9198,1,33310,11087,3,32240,0,0,132037,0,0,33290,9249,2,34452,9206,17,33288,0,0,33311,13010,1,33302,4678,247;
1701351227800;3380290,44904,1,168,484,582,32408,0,0,34534,9200,1,33310,11089,3,32240,0,0,132037,0,0,33290,9250,2,34452,9205,16,33288,0,0,33311,13007,1,33302,4678,246;
1701351227907;3380389,44904,1,173,490,559,32408,0,0,34534,9199,1,33310,11087,3,32240,0,0,132037,0,0,33290,9250,2,34452,9206,16,33288,0,0,33311,13012,1,33302,4679,247;
1701351228105;3380591,44904,1,173,490,559,32408,0,0,34534,9203,1,33310,11087,2,32240,0,0,132037,0,0,33290,9250,2,34452,9206,16,33288,0,0,33311,13010,1,33302,4677,244;
1701351228210;3380689,44904,1,180,493,535,32408,0,0,34534,9200,1,33310,11087,3,32240,0,0,132037,0,0,33290,9253,2,34452,9207,16,33288,0,0,33311,13015,1,33302,4680,248;
1701351228310;3380792,44904,1,175,492,548,32408,0,0,34534,9203,1,33310,11087,3,32240,0,0,132037,0,0,33290,9251,2,34452,9207,17,33288,0,0,33311,13010,1,33302,4678,246;
1701351228410;3380890,44904,1,186,506,503,32408,0,0,34534,9202,1,33310,11084,3,32240,0,0,132037,0,0,33290,9252,2,34452,9210,17,33288,0,0,33311,13013,1,33302,4680,248;
1701351228493;3380987,44904,1,170,490,565,32408,0,0,34534,9207,1,33310,11088,3,32240,0,0,132037,0,0,33290,9250,2,34452,9207,17,33288,0,0,33311,13020,1,33302,4678,245;
1701351228710;3381188,44904,1,170,486,571,32408,0,0,34534,9202,1,33310,11089,3,32240,0,0,132037,0,0,33290,9251,2,34452,9206,17,33288,0,0,33311,13018,1,33302,4680,246;
1701351228794;3381287,44904,1,170,488,568,32408,0,0,34534,9203,0,33310,11088,3,32240,0,0,132037,0,0,33290,9250,2,34452,9206,17,33288,0,0,33311,13017,1,33302,4679,246;
1701351228909;3381389,44904,1,172,484,568,32408,0,0,34534,9206,1,33310,11089,3,32240,0,0,132037,0,0,33290,9252,2,34452,9205,17,33288,0,0,33311,13016,1,33302,4679,246;
1701351228993;3381489,44904,1,172,492,554,32408,0,0,34534,9202,0,33310,11088,3,32240,0,0,132037,0,0,33290,9251,2,34452,9208,17,33288,0,0,33311,13018,1,33302,4680,246;
1701351229092;3381589,44904,1,174,493,556,32408,0,0,34534,9202,0,33310,11086,3,32240,0,0,132037,0,0,33290,9249,2,34452,9206,17,33288,0,0,33311,13017,1,33302,4680,247;
1701351229200;3381690,44904,1,174,487,566,32408,0,0,34534,9203,0,33310,11087,3,32240,0,0,132037,0,0,33290,9250,2,34452,9204,17,33288,0,0,33311,13023,1,33302,4679,246;
1701351229298;3381787,44904,1,176,495,546,32408,0,0,34534,9205,0,33310,11086,3,32240,0,0,132037,0,0,33290,9250,2,34452,9207,17,33288,0,0,33311,13015,1,33302,4679,246;
1701351229510;3381991,44904,1,164,486,580,32408,0,0,34534,9206,1,33310,11090,3,32240,0,0,132037,0,0,33290,9250,2,34452,9208,17,33288,0,0,33311,13024,1,33302,4679,244;
1701351229710;3382191,44904,1,175,492,548,32408,0,0,34534,9205,1,33310,11087,3,32240,0,0,132037,0,0,33290,9251,2,34452,9207,16,33288,0,0,33311,13017,1,33302,4679,244;
1701351229928;3382389,44904,1,168,492,569,32408,0,0,34534,9206,1,33310,11087,3,32240,0,0,132037,0,0,33290,9248,2,34452,9207,16,33288,0,0,33311,13018,1,33302,4679,244;
1701351230089;3382587,44904,1,168,492,569,32408,0,0,34534,9205,1,33310,11087,3,32240,0,0,132037,0,0,33290,9248,2,34452,9207,16,33288,0,0,33311,13016,1,33302,4679,244;
1701351230198;3382689,44904,1,173,492,555,32408,0,0,34534,9200,0,33310,11087,3,32240,0,0,132037,0,0,33290,9250,2,34452,9207,16,33288,0,0,33311,13011,1,33302,4679,245;
1701351230402;3382891,44904,1,179,499,533,32408,0,0,34534,9202,1,33310,11085,3,32240,0,0,132037,0,0,33290,9250,2,34452,9208,16,33288,0,0,33311,13010,1,33302,4681,246;
1701351230522;3382992,44904,1,182,498,531,32408,0,0,34534,9204,1,33310,11084,3,32240,0,0,132037,0,0,33290,9250,2,34452,9206,16,33288,0,0,33311,13008,1,33302,4681,247;
1701351230598;3383087,44904,1,178,495,539,32408,0,0,34534,9204,1,33310,11086,3,32240,0,0,132037,0,0,33290,9251,2,34452,9207,16,33288,0,0,33311,13008,1,33302,4679,245;
1701351230707;3383190,44904,1,179,497,536,32408,0,0,34534,9202,1,33310,11085,3,32240,0,0,132037,0,0,33290,9250,2,34452,9207,16,33288,0,0,33311,13010,1,33302,4679,245;
1701351230902;3383389,44904,1,173,492,555,32408,0,0,34534,9203,1,33310,11087,3,32240,0,0,132037,0,0,33290,9250,2,34452,9207,17,33288,0,0,33311,13009,1,33302,4680,248;
1701351231196;3383689,44904,1,173,492,555,32408,0,0,34534,9203,0,33310,11087,3,32240,0,0,132037,0,0,33290,9250,2,34452,9207,17,33288,0,0,33311,13011,1,33302,4680,250;
1701351231395;3383789,44904,1,179,491,546,32408,0,0,34534,9207,1,33310,11086,3,32240,0,0,132037,0,0,33290,9251,2,34452,9205,16,33288,0,0,33311,13009,1,33302,4680,251;
1701351231427;3383887,44904,1,168,488,575,32408,0,0,34534,9203,0,33310,11088,3,32240,0,0,132037,0,0,33290,9249,2,34452,9206,16,33288,0,0,33311,13012,1,33302,4678,248;
1701351231607;3384089,44904,1,176,491,553,32408,0,0,34534,9205,0,33310,11086,3,32240,0,0,132037,0,0,33290,9250,2,34452,9205,16,33288,0,0,33311,13003,1,33302,4680,249;
1701351231705;3384190,44904,1,182,494,537,32408,0,0,34534,9207,0,33310,11085,3,32240,0,0,132037,0,0,33290,9251,2,34452,9205,16,33288,0,0,33311,13004,1,33302,4680,250;
1701351231800;3384288,44904,1,173,492,555,32408,0,0,34534,9210,0,33310,11087,3,32240,0,0,132037,0,0,33290,9250,2,34452,9207,16,33288,0,0,33311,13009,1,33302,4679,250;
1701351231908;3384389,44904,1,179,493,543,32408,0,0,34534,9206,0,33310,11086,3,32240,0,0,132037,0,0,33290,9251,2,34452,9206,17,33288,0,0,33311,13007,1,33302,4679,249;
1701351232103;3384588,44904,1,180,499,525,32408,0,0,34534,9206,0,33310,11086,3,32240,0,0,132037,0,0,33290,9252,2,34452,9209,16,33288,0,0,33311,13001,1,33302,4680,252;
1701351232205;3384687,44904,1,178,503,525,32408,0,0,34534,9215,0,33310,11085,3,32240,0,0,132037,0,0,33290,9250,2,34452,9210,16,33288,0,0,33311,13003,1,33302,4679,250;
1701351232299;3384788,44904,1,173,496,548,32408,0,0,34534,9209,0,33310,11087,3,32240,0,0,132037,0,0,33290,9250,2,34452,9209,16,33288,0,0,33311,13007,1,33302,4679,250;
1701351232597;3385086,44904,1,173,488,562,32408,0,0,34534,9205,0,33310,11088,3,32240,0,0,132037,0,0,33290,9251,2,34452,9206,17,33288,0,0,33311,13002,1,33302,4681,251;
1701351232698;3385189,44904,1,176,491,552,32408,0,0,34534,9210,0,33310,11087,3,32240,0,0,132037,0,0,33290,9251,2,34452,9206,17,33288,0,0,33311,13003,1,33302,4681,251;
1701351232806;3385289,44904,1,181,490,543,32408,0,0,34534,9208,0,33310,11086,3,32240,0,0,132037,0,0,33290,9252,2,34452,9204,16,33288,0,0,33311,13005,1,33302,4680,251;
1701351233004;3385489,44904,1,178,491,545,32408,0,0,34534,9205,0,33310,11087,3,32240,0,0,132037,0,0,33290,9252,2,34452,9206,16,33288,0,0,33311,13004,1,33302,4680,251;
1701351233121;3385589,44904,1,168,488,576,32408,0,0,34534,9208,0,33310,11087,3,32240,0,0,132037,0,0,33290,9248,2,34452,9205,16,33288,0,0,33311,13008,1,33302,4680,250;
1701351233303;3385787,44904,1,176,489,556,32408,0,0,34534,9204,0,33310,11087,3,32240,0,0,132037,0,0,33290,9251,2,34452,9205,16,33288,0,0,33311,13006,1,33302,4679,248;
1701351233413;3385889,44904,1,174,491,561,32408,0,0,34534,9208,0,33310,11085,3,32240,0,0,132037,0,0,33290,9248,2,34452,9204,16,33288,0,0,33311,13008,1,33302,4680,247;
1701351233504;3385989,44904,1,178,495,539,32408,0,0,34534,9210,0,33310,11086,3,32240,0,0,132037,0,0,33290,9251,2,34452,9207,15,33288,0,0,33311,13013,1,33302,4680,246;
1701351233598;3386087,44904,1,176,491,552,32408,0,0,34534,9210,0,33310,11087,3,32240,0,0,132037,0,0,33290,9251,2,34452,9206,15,33288,0,0,33311,13011,1,33302,4679,248;
1701351233801;3386287,44904,1,179,493,543,32408,0,0,34534,9213,0,33310,11086,3,32240,0,0,132037,0,0,33290,9251,2,34452,9206,16,33288,0,0,33311,13011,1,33302,4679,247;
1701351233917;3386389,44904,1,179,499,533,32408,0,0,34534,9207,0,33310,11085,3,32240,0,0,132037,0,0,33290,9250,2,34452,9208,16,33288,0,0,33311,13012,1,33302,4680,248;
1701351234009;3386489,44904,1,176,489,556,32408,0,0,34534,9211,0,33310,11087,3,32240,0,0,132037,0,0,33290,9251,2,34452,9205,16,33288,0,0,33311,13007,1,33302,4680,247;
1701351234090;3386589,44904,1,186,502,510,32408,0,0,34534,9217,0,33310,11084,3,32240,0,0,132037,0,0,33290,9252,2,34452,9208,16,33288,0,0,33311,13010,1,33302,4680,247;
1701351234299;3386786,44904,1,175,500,535,32408,0,0,34534,9212,0,33310,11086,3,32240,0,0,132037,0,0,33290,9250,2,34452,9210,15,33288,0,0,33311,13008,1,33302,4679,248;
1701351234409;3386889,44904,1,181,492,540,32408,0,0,34534,9213,0,33310,11086,3,32240,0,0,132037,0,0,33290,9252,2,34452,9205,15,33288,0,0,33311,13006,1,33302,4680,248;
1701351234585;3386988,44904,1,181,497,530,32408,0,0,34534,9215,0,33310,11085,3,32240,0,0,132037,0,0,33290,9251,2,34452,9207,15,33288,0,0,33311,13003,1,33302,4680,249;
1701351234704;3387188,44904,1,179,497,536,32408,0,0,34534,9217,0,33310,11085,3,32240,0,0,132037,0,0,33290,9250,2,34452,9207,15,33288,0,0,33311,13003,1,33302,4680,247;
1701351234802;3387291,44904,1,181,496,533,32408,0,0,34534,9208,0,33310,11085,3,32240,0,0,132037,0,0,33290,9251,1,34452,9206,16,33288,0,0,33311,13003,1,33302,4679,248;
1701351234903;3387388,44904,1,184,494,530,32408,0,0,34534,9209,0,33310,11085,3,32240,0,0,132037,0,0,33290,9252,2,34452,9205,16,33288,0,0,33311,13000,1,33302,4680,247;
1701351235004;3387488,44904,1,179,499,533,32408,0,0,34534,9212,0,33310,11085,3,32240,0,0,132037,0,0,33290,9250,1,34452,9208,17,33288,0,0,33311,13000,1,33302,4680,247;
1701351235104;3387586,44904,1,182,494,537,32408,0,0,34534,9212,0,33310,11085,3,32240,0,0,132037,0,0,33290,9251,1,34452,9205,17,33288,0,0,33311,13002,1,33302,4679,245;
1701351235205;3387688,44904,1,184,500,520,32408,0,0,34534,9212,0,33310,11084,3,32240,0,0,132037,0,0,33290,9251,1,34452,9207,16,33288,0,0,33311,13001,1,33302,4680,245;
1701351235306;3387785,44904,1,178,493,542,32408,0,0,34534,9212,0,33310,11087,3,32240,0,0,132037,0,0,33290,9252,1,34452,9207,16,33288,0,0,33311,12999,1,33302,4679,242;
1701351235407;3387888,44904,1,181,499,526,32408,0,0,34534,9216,0,33310,11085,3,32240,0,0,132037,0,0,33290,9251,1,34452,9208,16,33288,0,0,33311,12997,1,33302,4679,241;
1701351235507;3387989,44904,1,176,491,552,32408,0,0,34534,9210,0,33310,11087,3,32240,0,0,132037,0,0,33290,9251,2,34452,9206,16,33288,0,0,33311,12998,1,33302,4679,240;
1701351235602;3388090,44904,1,181,490,543,32408,0,0,34534,9208,0,33310,11086,3,32240,0,0,132037,0,0,33290,9252,1,34452,9204,15,33288,0,0,33311,13000,1,33302,4679,240;
1701351235698;3388188,44904,1,176,495,547,32408,0,0,34534,9214,0,33310,11085,3,32240,0,0,132037,0,0,33290,9249,2,34452,9206,15,33288,0,0,33311,12998,1,33302,4680,241;
