1701351971207;4123813,44904,1,5883,383,175,32408,0,0,34534,8495,2,33310,8467,6,32240,0,0,132037,0,0,33290,8472,4,34452,5001,151,33288,0,0,33311,14260,0,33302,8443,17;
1701351971385;4123914,44904,1,5881,384,176,32408,0,0,34534,8496,2,33310,8466,6,32240,0,0,132037,0,0,33290,8470,4,34452,5001,149,33288,0,0,33311,14254,0,33302,8444,17;
1701351971472;4124014,44904,1,5891,385,168,32408,0,0,34534,8496,2,33310,8466,6,32240,0,0,132037,0,0,33290,8474,4,34452,5001,148,33288,0,0,33311,14259,0,33302,8444,17;
1701351971525;4124109,44904,1,5886,386,171,32408,0,0,34534,8497,2,33310,8465,6,32240,0,0,132037,0,0,33290,8471,4,34452,5001,144,33288,0,0,33311,14255,0,33302,8442,16;
1701351971629;4124215,44904,1,5888,387,169,32408,0,0,34534,8498,2,33310,8465,7,32240,0,0,132037,0,0,33290,8472,3,34452,5001,145,33288,0,0,33311,14250,0,33302,8445,16;
1701351971726;4124313,44904,1,5890,389,163,32408,0,0,34534,8496,2,33310,8465,7,32240,0,0,132037,0,0,33290,8473,4,34452,5003,145,33288,0,0,33311,14249,0,33302,8443,16;
1701351971822;4124414,44904,1,5888,388,167,32408,0,0,34534,8498,2,33310,8465,7,32240,0,0,132037,0,0,33290,8472,4,34452,5002,147,33288,0,0,33311,14246,0,33302,8440,15;
1701351971924;4124509,44904,1,5901,392,156,32408,0,0,34534,8499,2,33310,8463,7,32240,0,0,132037,0,0,33290,8475,4,34452,5001,150,33288,0,0,33311,14250,0,33302,8443,16;
1701351972026;4124612,44904,1,5900,395,151,32408,0,0,34534,8495,2,33310,8462,7,32240,0,0,132037,0,0,33290,8474,4,34452,5003,149,33288,0,0,33311,14250,0,33302,8443,16;
1701351972122;4124713,44904,1,5906,395,149,32408,0,0,34534,8500,2,33310,8462,7,32240,0,0,132037,0,0,33290,8476,4,34452,5002,146,33288,0,0,33311,14251,0,33302,8441,16;
1701351972218;4124816,44904,1,5891,390,164,32408,0,0,34534,8497,2,33310,8464,7,32240,0,0,132037,0,0,33290,8472,3,34452,5002,145,33288,0,0,33311,14248,0,33302,8445,18;
1701351976610;4129213,44904,1,5878,380,179,32408,0,0,34534,8496,2,33310,8469,6,32240,0,0,132037,0,0,33290,8472,4,34452,5002,153,33288,0,0,33311,14254,0,33302,8444,17;
1701351976721;4129313,44904,1,5878,380,179,32408,0,0,34534,8495,2,33310,8469,7,32240,0,0,132037,0,0,33290,8472,4,34452,5002,154,33288,0,0,33311,14253,0,33302,8442,18;
1701351976915;4129511,44904,1,5883,385,174,32408,0,0,34534,8496,2,33310,8466,6,32240,0,0,132037,0,0,33290,8471,3,34452,5001,147,33288,0,0,33311,14263,0,33302,8443,17;
1701351977019;4129615,44904,1,5893,389,161,32408,0,0,34534,8496,2,33310,8465,7,32240,0,0,132037,0,0,33290,8474,4,34452,5003,153,33288,0,0,33311,14259,0,33302,8442,16;
1701351977117;4129713,44904,1,5886,382,172,32408,0,0,34534,8496,2,33310,8468,6,32240,0,0,132037,0,0,33290,8474,3,34452,5002,150,33288,0,0,33311,14259,0,33302,8440,16;
1701351977223;4129809,44904,1,5891,386,165,32408,0,0,34534,8495,2,33310,8467,7,32240,0,0,132037,0,0,33290,8475,3,34452,5003,150,33288,0,0,33311,14259,0,33302,8443,16;
1701351977319;4129911,44904,1,5886,383,173,32408,0,0,34534,8498,2,33310,8467,6,32240,0,0,132037,0,0,33290,8473,3,34452,5001,147,33288,0,0,33311,14255,0,33302,8441,16;
1701351977419;4130012,44904,1,5898,391,158,32408,0,0,34534,8497,2,33310,8463,7,32240,0,0,132037,0,0,33290,8474,3,34452,5001,147,33288,0,0,33311,14259,0,33302,8442,17;
1701351977516;4130113,44904,1,5893,387,164,32408,0,0,34534,8496,2,33310,8466,7,32240,0,0,132037,0,0,33290,8475,3,34452,5002,147,33288,0,0,33311,14252,0,33302,8443,19;
1701351977621;4130209,44904,1,5886,387,169,32408,0,0,34534,8498,2,33310,8465,7,32240,0,0,132037,0,0,33290,8471,3,34452,5002,148,33288,0,0,33311,14250,0,33302,8443,20;
1701351977724;4130312,44904,1,5980,458,57,32408,0,0,34534,8499,2,33310,8429,7,32240,0,0,132037,0,0,33290,8474,3,34452,5002,147,33288,0,0,33311,14252,0,33302,8442,20;
1701351977820;4130413,44904,1,5886,386,170,32408,0,0,34534,8497,2,33310,8466,7,32240,0,0,132037,0,0,33290,8472,3,34452,5002,151,33288,0,0,33311,14254,0,33302,8442,19;
1701351977919;4130515,44904,1,5888,388,167,32408,0,0,34534,8498,2,33310,8465,7,32240,0,0,132037,0,0,33290,8472,4,34452,5002,157,33288,0,0,33311,14249,0,33302,8441,18;
1701351978025;4130610,44904,1,5891,388,165,32408,0,0,34534,8496,2,33310,8465,7,32240,0,0,132037,0,0,33290,8473,3,34452,5002,156,33288,0,0,33311,14252,0,33302,8443,18;
1701351978125;4130712,44904,1,5891,388,165,32408,0,0,34534,8495,2,33310,8465,7,32240,0,0,132037,0,0,33290,8473,4,34452,5002,155,33288,0,0,33311,14252,0,33302,8443,20;
1701351978220;4130813,44904,1,5896,392,159,32408,0,0,34534,8495,2,33310,8463,7,32240,0,0,132037,0,0,33290,8473,4,34452,5002,156,33288,0,0,33311,14264,0,33302,8442,21;
1701351978322;4130914,44904,1,5878,382,179,32408,0,0,34534,8497,2,33310,8467,7,32240,0,0,132037,0,0,33290,8470,3,34452,5001,157,33288,0,0,33311,14253,0,33302,8445,20;
1701351978424;4131009,44904,1,5878,380,179,32408,0,0,34534,8497,2,33310,8469,7,32240,0,0,132037,0,0,33290,8472,3,34452,5002,156,33288,0,0,33311,14259,0,33302,8443,18;
1701351978524;4131111,44904,1,5886,384,171,32408,0,0,34534,8498,2,33310,8467,6,32240,0,0,132037,0,0,33290,8473,3,34452,5002,151,33288,0,0,33311,14254,0,33302,8445,17;
1701351978621;4131212,44904,1,5893,389,161,32408,0,0,34534,8495,2,33310,8465,6,32240,0,0,132037,0,0,33290,8474,4,34452,5003,157,33288,0,0,33311,14255,0,33302,8445,17;
1701351978723;4131315,44904,1,5888,390,163,32408,0,0,34534,8498,2,33310,8465,6,32240,0,0,132037,0,0,33290,8472,3,34452,5004,154,33288,0,0,33311,14263,0,33302,8448,17;
1701351978822;4131413,44904,1,5883,382,174,32408,0,0,34534,8497,2,33310,8468,7,32240,0,0,132037,0,0,33290,8473,3,34452,5002,145,33288,0,0,33311,14255,0,33302,8444,17;
1701351978921;4131509,44904,1,5896,390,160,32408,0,0,34534,8498,2,33310,8464,7,32240,0,0,132037,0,0,33290,8474,3,34452,5002,148,33288,0,0,33311,14264,0,33302,8444,17;
1701351979021;4131612,44904,1,5893,389,161,32408,0,0,34534,8500,2,33310,8465,6,32240,0,0,132037,0,0,33290,8474,3,34452,5003,150,33288,0,0,33311,14264,0,33302,8446,18;
1701351979121;4131712,44904,1,5888,383,170,32408,0,0,34534,8500,2,33310,8468,6,32240,0,0,132037,0,0,33290,8475,3,34452,5002,147,33288,0,0,33311,14260,0,33302,8444,18;
1701351979222;4131813,44904,1,5898,392,156,32408,0,0,34534,8500,2,33310,8463,6,32240,0,0,132037,0,0,33290,8474,3,34452,5002,149,33288,0,0,33311,14254,0,33302,8447,17;
1701351979322;4131909,44904,1,5886,382,171,32408,0,0,34534,8498,2,33310,8469,6,32240,0,0,132037,0,0,33290,8475,3,34452,5003,145,33288,0,0,33311,14248,0,33302,8443,17;
1701351979609;4132214,44904,1,5886,387,168,32408,0,0,34534,8497,2,33310,8466,6,32240,0,0,132037,0,0,33290,8472,3,34452,5003,148,33288,0,0,33311,14254,0,33302,8442,20;
1701351979733;4132308,44904,1,5895,391,158,32408,0,0,34534,8496,2,33310,8464,6,32240,0,0,132037,0,0,33290,8474,3,34452,5003,150,33288,0,0,33311,14248,0,33302,8445,19;
1701351979821;4132411,44904,1,5895,391,158,32408,0,0,34534,8499,2,33310,8464,6,32240,0,0,132037,0,0,33290,8474,3,34452,5003,148,33288,0,0,33311,14241,0,33302,8445,19;
1701351979926;4132512,44904,1,5883,387,168,32408,0,0,34534,8497,2,33310,8466,6,32240,0,0,132037,0,0,33290,8471,3,34452,5004,146,33288,0,0,33311,14244,0,33302,8446,18;
1701351980208;4132811,44904,1,5883,384,173,32408,0,0,34534,8499,2,33310,8467,6,32240,0,0,132037,0,0,33290,8472,3,34452,5002,147,33288,0,0,33311,14247,0,33302,8444,17;
1701351980317;4132909,44904,1,5881,381,175,32408,0,0,34534,8497,2,33310,8469,6,32240,0,0,132037,0,0,33290,8473,3,34452,5003,147,33288,0,0,33311,14252,0,33302,8444,15;
1701351980512;4133114,44904,1,5878,379,178,32408,0,0,34534,8496,2,33310,8470,6,32240,0,0,132037,0,0,33290,8473,3,34452,5003,149,33288,0,0,33311,14249,0,33302,8442,16;
1701351980617;4133213,44904,1,5886,387,168,32408,0,0,34534,8496,2,33310,8466,7,32240,0,0,132037,0,0,33290,8472,3,34452,5003,151,33288,0,0,33311,14246,0,33302,8445,17;
1701351980721;4133310,44904,1,5890,389,163,32408,0,0,34534,8498,2,33310,8465,7,32240,0,0,132037,0,0,33290,8473,3,34452,5003,151,33288,0,0,33311,14244,0,33302,8446,16;
1701351980820;4133412,44904,1,5895,393,157,32408,0,0,34534,8495,2,33310,8463,7,32240,0,0,132037,0,0,33290,8473,3,34452,5003,149,33288,0,0,33311,14244,0,33302,8445,16;
1701351980918;4133513,44904,1,5883,385,172,32408,0,0,34534,8494,2,33310,8466,7,32240,0,0,132037,0,0,33290,8471,4,34452,5002,149,33288,0,0,33311,14242,0,33302,8442,16;
1701351981022;4133613,44904,1,5891,390,164,32408,0,0,34534,8497,2,33310,8464,7,32240,0,0,132037,0,0,33290,8472,4,34452,5002,149,33288,0,0,33311,14242,0,33302,8445,16;
1701351981123;4133713,44904,1,5890,389,163,32408,0,0,34534,8496,2,33310,8465,7,32240,0,0,132037,0,0,33290,8473,4,34452,5003,152,33288,0,0,33311,14259,0,33302,8447,17;
1701351981216;4133809,44904,1,5886,386,170,32408,0,0,34534,8498,2,33310,8466,7,32240,0,0,132037,0,0,33290,8472,3,34452,5002,154,33288,0,0,33311,14262,0,33302,8445,17;
1701351981317;4133914,44904,1,5891,390,164,32408,0,0,34534,8495,2,33310,8464,7,32240,0,0,132037,0,0,33290,8472,4,34452,5002,155,33288,0,0,33311,14277,0,33302,8445,16;
1701351981419;4134012,44904,1,5898,394,155,32408,0,0,34534,8495,2,33310,8462,6,32240,0,0,132037,0,0,33290,8473,4,34452,5002,153,33288,0,0,33311,14283,0,33302,8445,16;
1701351981524;4134112,44904,1,5888,384,169,32408,0,0,34534,8496,2,33310,8467,6,32240,0,0,132037,0,0,33290,8474,4,34452,5002,153,33288,0,0,33311,14276,0,33302,8445,15;
1701351981808;4134410,44904,1,5888,388,167,32408,0,0,34534,8496,2,33310,8465,6,32240,0,0,132037,0,0,33290,8472,4,34452,5002,155,33288,0,0,33311,14263,0,33302,8444,17;
1701351981916;4134512,44904,1,5886,385,169,32408,0,0,34534,8495,2,33310,8467,6,32240,0,0,132037,0,0,33290,8473,3,34452,5003,157,33288,0,0,33311,14261,0,33302,8443,17;
1701351982019;4134614,44904,1,5883,382,174,32408,0,0,34534,8497,2,33310,8468,6,32240,0,0,132037,0,0,33290,8473,3,34452,5002,160,33288,0,0,33311,14260,0,33302,8447,18;
1701351982119;4134709,44904,1,5883,381,173,32408,0,0,34534,8497,2,33310,8469,6,32240,0,0,132037,0,0,33290,8474,3,34452,5003,154,33288,0,0,33311,14255,0,33302,8443,19;
1701351982216;4134812,44904,1,5883,380,175,32408,0,0,34534,8498,2,33310,8469,6,32240,0,0,132037,0,0,33290,8474,4,34452,5002,152,33288,0,0,33311,14261,0,33302,8446,18;
1701351982317;4134912,44904,1,5886,385,169,32408,0,0,34534,8499,2,33310,8467,6,32240,0,0,132037,0,0,33290,8473,3,34452,5003,153,33288,0,0,33311,14275,0,33302,8446,18;
1701351982418;4135013,44904,1,5883,385,171,32408,0,0,34534,8497,2,33310,8467,6,32240,0,0,132037,0,0,33290,8472,3,34452,5003,150,33288,0,0,33311,14262,0,33302,8445,18;
1701351982520;4135108,44904,1,5888,387,166,32408,0,0,34534,8496,2,33310,8466,6,32240,0,0,132037,0,0,33290,8473,4,34452,5003,146,33288,0,0,33311,14278,0,33302,8440,17;
1701351982621;4135211,44904,1,5886,387,169,32408,0,0,34534,8496,2,33310,8465,6,32240,0,0,132037,0,0,33290,8471,4,34452,5002,146,33288,0,0,33311,14281,0,33302,8445,16;
1701351982714;4135312,44904,1,5891,390,164,32408,0,0,34534,8497,2,33310,8464,6,32240,0,0,132037,0,0,33290,8472,4,34452,5002,148,33288,0,0,33311,14291,0,33302,8446,16;
1701351982819;4135413,44904,1,5885,388,167,32408,0,0,34534,8495,2,33310,8465,6,32240,0,0,132037,0,0,33290,8471,4,34452,5003,149,33288,0,0,33311,14276,0,33302,8443,16;
1701351982910;4135508,44904,1,5883,386,170,32408,0,0,34534,8497,2,33310,8466,6,32240,0,0,132037,0,0,33290,8471,4,34452,5003,147,33288,0,0,33311,14278,0,33302,8446,15;
1701351983019;4135611,44904,1,5890,389,163,32408,0,0,34534,8496,2,33310,8465,6,32240,0,0,132037,0,0,33290,8473,4,34452,5003,148,33288,0,0,33311,14272,0,33302,8446,15;
1701351983126;4135713,44904,1,5881,384,173,32408,0,0,34534,8496,2,33310,8467,6,32240,0,0,132037,0,0,33290,8471,4,34452,5003,151,33288,0,0,33311,14270,0,33302,8443,15;
1701351983222;4135813,44904,1,5895,396,154,32408,0,0,34534,8494,2,33310,8462,6,32240,0,0,132037,0,0,33290,8472,4,34452,5004,150,33288,0,0,33311,14263,0,33302,8446,15;
1701351983316;4135909,44904,1,5888,387,166,32408,0,0,34534,8499,2,33310,8466,6,32240,0,0,132037,0,0,33290,8473,4,34452,5003,150,33288,0,0,33311,14266,0,33302,8443,15;
1701351983425;4136011,44904,1,5885,388,167,32408,0,0,34534,8496,2,33310,8465,6,32240,0,0,132037,0,0,33290,8471,4,34452,5003,150,33288,0,0,33311,14257,0,33302,8444,15;
1701351983522;4136113,44904,1,5883,388,169,32408,0,0,34534,8496,2,33310,8465,6,32240,0,0,132037,0,0,33290,8470,4,34452,5003,151,33288,0,0,33311,14271,0,33302,8443,15;
1701351983613;4136212,44904,1,5878,383,177,32408,0,0,34534,8495,2,33310,8467,7,32240,0,0,132037,0,0,33290,8470,4,34452,5002,152,33288,0,0,33311,14270,0,33302,8445,15;
1701351983721;4136308,44904,1,5881,382,179,32408,0,0,34534,8495,2,33310,8467,6,32240,0,0,132037,0,0,33290,8471,4,34452,5000,148,33288,0,0,33311,14278,0,33302,8445,17;
1701351983818;4136411,44904,1,5885,391,164,32408,0,0,34534,8496,2,33310,8464,6,32240,0,0,132037,0,0,33290,8470,4,34452,5004,152,33288,0,0,33311,14271,0,33302,8444,17;
1701351983929;4136512,44904,1,5883,388,169,32408,0,0,34534,8494,2,33310,8465,6,32240,0,0,132037,0,0,33290,8470,4,34452,5003,151,33288,0,0,33311,14270,0,33302,8445,17;
1701351984021;4136613,44904,1,5890,394,160,32408,0,0,34534,8493,2,33310,8462,7,32240,0,0,132037,0,0,33290,8470,4,34452,5003,147,33288,0,0,33311,14285,0,33302,8445,17;
1701351984112;4136708,44904,1,5890,389,163,32408,0,0,34534,8495,2,33310,8465,6,32240,0,0,132037,0,0,33290,8473,4,34452,5003,147,33288,0,0,33311,14285,0,33302,8444,17;
1701351984223;4136811,44904,1,5891,388,165,32408,0,0,34534,8494,2,33310,8465,6,32240,0,0,132037,0,0,33290,8473,4,34452,5002,152,33288,0,0,33311,14275,0,33302,8445,18;
1701351984316;4136912,44904,1,5891,390,164,32408,0,0,34534,8497,2,33310,8464,7,32240,0,0,132037,0,0,33290,8472,4,34452,5002,149,33288,0,0,33311,14283,0,33302,8446,17;
1701351984426;4137014,44904,1,5878,380,179,32408,0,0,34534,8496,2,33310,8469,7,32240,0,0,132037,0,0,33290,8472,4,34452,5002,147,33288,0,0,33311,14264,0,33302,8444,17;
1701351984612;4137209,44904,1,5881,384,173,32408,0,0,34534,8495,2,33310,8467,7,32240,0,0,132037,0,0,33290,8471,4,34452,5003,149,33288,0,0,33311,14272,0,33302,8445,17;
1701351984720;4137311,44904,1,5890,391,162,32408,0,0,34534,8496,2,33310,8464,7,32240,0,0,132037,0,0,33290,8472,4,34452,5003,149,33288,0,0,33311,14260,0,33302,8447,18;
1701351988716;4141313,44904,1,5883,385,172,32408,0,0,34534,8496,2,33310,8466,7,32240,0,0,132037,0,0,33290,8471,3,34452,5002,149,33288,0,0,33311,14259,0,33302,8444,16;
1701351988823;4141412,44904,1,5891,387,164,32408,0,0,34534,8496,2,33310,8466,7,32240,0,0,132037,0,0,33290,8474,3,34452,5003,149,33288,0,0,33311,14251,0,33302,8442,16;
1701351988914;4141508,44904,1,5878,382,178,32408,0,0,34534,8498,2,33310,8468,7,32240,0,0,132037,0,0,33290,8471,3,34452,5002,152,33288,0,0,33311,14256,0,33302,8444,16;
1701351989025;4141612,44904,1,5888,384,169,32408,0,0,34534,8496,2,33310,8467,7,32240,0,0,132037,0,0,33290,8474,3,34452,5002,153,33288,0,0,33311,14248,0,33302,8444,15;
1701351989118;4141712,44904,1,5883,384,173,32408,0,0,34534,8499,2,33310,8467,7,32240,0,0,132037,0,0,33290,8472,3,34452,5002,154,33288,0,0,33311,14248,0,33302,8445,15;
1701351989224;4141812,44904,1,5878,382,178,32408,0,0,34534,8496,2,33310,8468,7,32240,0,0,132037,0,0,33290,8471,4,34452,5002,155,33288,0,0,33311,14246,0,33302,8443,16;
1701351989313;4141910,44904,1,5961,388,113,32408,0,0,34534,8496,2,33310,8470,7,32240,0,0,132037,0,0,33290,8506,3,34452,5002,155,33288,0,0,33311,14247,0,33302,8444,16;
1701351989417;4142013,44904,1,5891,387,164,32408,0,0,34534,8496,2,33310,8466,7,32240,0,0,132037,0,0,33290,8474,4,34452,5003,155,33288,0,0,33311,14242,0,33302,8443,16;
1701351989513;4142108,44904,1,5878,380,179,32408,0,0,34534,8497,2,33310,8469,7,32240,0,0,132037,0,0,33290,8472,4,34452,5002,157,33288,0,0,33311,14244,0,33302,8443,16;
1701351989618;4142210,44904,1,5886,387,169,32408,0,0,34534,8496,2,33310,8465,7,32240,0,0,132037,0,0,33290,8471,3,34452,5002,154,33288,0,0,33311,14246,0,33302,8443,15;
1701351989726;4142312,44904,1,5893,388,163,32408,0,0,34534,8495,2,33310,8465,7,32240,0,0,132037,0,0,33290,8474,4,34452,5002,156,33288,0,0,33311,14245,0,33302,8445,16;
1701351989820;4142412,44904,1,5881,384,175,32408,0,0,34534,8496,2,33310,8467,7,32240,0,0,132037,0,0,33290,8471,4,34452,5002,155,33288,0,0,33311,14251,0,33302,8444,16;
1701351989919;4142513,44904,1,5883,384,173,32408,0,0,34534,8497,2,33310,8467,7,32240,0,0,132037,0,0,33290,8472,3,34452,5002,155,33288,0,0,33311,14240,0,33302,8446,16;
1701351990013;4142610,44904,1,5881,383,177,32408,0,0,34534,8496,2,33310,8467,7,32240,0,0,132037,0,0,33290,8471,3,34452,5001,154,33288,0,0,33311,14239,0,33302,8444,16;
1701351990220;4142811,44904,1,5886,382,172,32408,0,0,34534,8497,2,33310,8468,7,32240,0,0,132037,0,0,33290,8474,3,34452,5002,153,33288,0,0,33311,14246,0,33302,8442,16;
1701351990311;4142912,44904,1,5883,380,175,32408,0,0,34534,8498,2,33310,8469,7,32240,0,0,132037,0,0,33290,8474,3,34452,5002,154,33288,0,0,33311,14245,0,33302,8444,17;
1701351990422;4143007,44904,1,5886,387,168,32408,0,0,34534,8499,2,33310,8466,7,32240,0,0,132037,0,0,33290,8472,3,34452,5003,154,33288,0,0,33311,14249,0,33302,8445,17;
1701351990513;4143110,44904,1,5888,383,170,32408,0,0,34534,8499,2,33310,8468,7,32240,0,0,132037,0,0,33290,8475,3,34452,5002,152,33288,0,0,33311,14249,0,33302,8445,17;
1701351990620;4143211,44904,1,5883,381,173,32408,0,0,34534,8499,2,33310,8469,7,32240,0,0,132037,0,0,33290,8474,3,34452,5003,151,33288,0,0,33311,14253,0,33302,8445,16;
1701351990711;4143313,44904,1,5883,380,174,32408,0,0,34534,8499,2,33310,8470,7,32240,0,0,132037,0,0,33290,8475,3,34452,5003,149,33288,0,0,33311,14253,0,33302,8445,15;
1701351990819;4143407,44904,1,5898,393,155,32408,0,0,34534,8499,2,33310,8463,7,32240,0,0,132037,0,0,33290,8474,3,34452,5003,147,33288,0,0,33311,14261,0,33302,8446,14;
1701351990916;4143510,44904,1,5886,384,171,32408,0,0,34534,8498,2,33310,8467,7,32240,0,0,132037,0,0,33290,8473,3,34452,5002,148,33288,0,0,33311,14273,0,33302,8443,14;
1701351991117;4143712,44904,1,5888,389,166,32408,0,0,34534,8499,2,33310,8464,7,32240,0,0,132037,0,0,33290,8471,4,34452,5002,148,33288,0,0,33311,14266,0,33302,8443,14;
1701351991209;4143808,44904,1,5886,384,171,32408,0,0,34534,8497,2,33310,8467,7,32240,0,0,132037,0,0,33290,8473,4,34452,5002,146,33288,0,0,33311,14270,0,33302,8443,14;
1701351991319;4143910,44904,1,5873,379,184,32408,0,0,34534,8497,2,33310,8469,7,32240,0,0,132037,0,0,33290,8470,4,34452,5002,147,33288,0,0,33311,14268,0,33302,8444,14;
1701351991503;4144011,44904,1,5871,379,186,32408,0,0,34534,8498,2,33310,8469,7,32240,0,0,132037,0,0,33290,8469,4,34452,5002,144,33288,0,0,33311,14267,0,33302,8444,14;
1701351991576;4144114,44904,1,5878,384,175,32408,0,0,34534,8499,2,33310,8467,7,32240,0,0,132037,0,0,33290,8470,4,34452,5003,147,33288,0,0,33311,14264,0,33302,8444,15;
1701351991607;4144209,44904,1,5876,382,178,32408,0,0,34534,8495,2,33310,8468,7,32240,0,0,132037,0,0,33290,8470,4,34452,5003,148,33288,0,0,33311,14270,0,33302,8443,15;
1701351991717;4144310,44904,1,5876,381,180,32408,0,0,34534,8496,2,33310,8468,7,32240,0,0,132037,0,0,33290,8470,4,34452,5002,147,33288,0,0,33311,14273,0,33302,8445,16;
1701351991855;4144411,44904,1,5876,382,178,32408,0,0,34534,8497,2,33310,8468,7,32240,0,0,132037,0,0,33290,8470,4,34452,5003,148,33288,0,0,33311,14266,0,33302,8440,17;
1701351991920;4144512,44904,1,5881,384,175,32408,0,0,34534,8496,2,33310,8467,7,32240,0,0,132037,0,0,33290,8471,4,34452,5002,149,33288,0,0,33311,14261,0,33302,8444,17;
1701351992011;4144612,44904,1,5876,382,178,32408,0,0,34534,8497,2,33310,8468,7,32240,0,0,132037,0,0,33290,8470,4,34452,5003,149,33288,0,0,33311,14259,0,33302,8442,17;
1701351992120;4144708,44904,1,5881,385,174,32408,0,0,34534,8498,2,33310,8466,7,32240,0,0,132037,0,0,33290,8470,4,34452,5002,149,33288,0,0,33311,14261,0,33302,8445,18;
1701351992214;4144811,44904,1,5876,381,180,32408,0,0,34534,8499,2,33310,8468,7,32240,0,0,132037,0,0,33290,8470,4,34452,5002,149,33288,0,0,33311,14260,0,33302,8442,17;
1701351992322;4144911,44904,1,5871,378,185,32408,0,0,34534,8496,2,33310,8470,7,32240,0,0,132037,0,0,33290,8470,4,34452,5003,148,33288,0,0,33311,14257,0,33302,8443,17;
1701351992418;4145011,44904,1,5885,388,167,32408,0,0,34534,8497,2,33310,8465,7,32240,0,0,132037,0,0,33290,8471,4,34452,5003,147,33288,0,0,33311,14259,0,33302,8443,17;
1701351992512;4145109,44904,1,5886,387,168,32408,0,0,34534,8497,2,33310,8466,7,32240,0,0,132037,0,0,33290,8472,4,34452,5003,146,33288,0,0,33311,14254,0,33302,8445,18;
1701351992617;4145209,44904,1,5883,386,170,32408,0,0,34534,8495,2,33310,8466,7,32240,0,0,132037,0,0,33290,8471,4,34452,5003,145,33288,0,0,33311,14257,0,33302,8443,18;
1701351992721;4145310,44904,1,5878,382,176,32408,0,0,34534,8497,2,33310,8468,7,32240,0,0,132037,0,0,33290,8471,4,34452,5003,148,33288,0,0,33311,14254,0,33302,8442,19;
1701351993130;4145509,44904,1,5881,380,180,32408,0,0,34534,8497,2,33310,8468,7,32240,0,0,132037,0,0,33290,8472,4,34452,5000,150,33288,0,0,33311,14247,0,33302,8444,19;
1701351993168;4145710,44904,1,5871,378,188,32408,0,0,34534,8496,2,33310,8469,7,32240,0,0,132037,0,0,33290,8469,4,34452,5001,150,33288,0,0,33311,14241,0,33302,8444,18;
1701351993212;4145811,44904,1,5881,382,176,32408,0,0,34534,8497,2,33310,8468,7,32240,0,0,132037,0,0,33290,8472,4,34452,5002,151,33288,0,0,33311,14249,0,33302,8445,18;
1701351993320;4145911,44904,1,5883,385,174,32408,0,0,34534,8499,2,33310,8466,7,32240,0,0,132037,0,0,33290,8471,4,34452,5001,152,33288,0,0,33311,14243,0,33302,8444,19;
1701351993417;4146014,44904,1,5883,383,172,32408,0,0,34534,8499,2,33310,8468,7,32240,0,0,132037,0,0,33290,8473,4,34452,5003,154,33288,0,0,33311,14246,0,33302,8443,19;
1701351993512;4146108,44904,1,5881,383,174,32408,0,0,34534,8497,2,33310,8468,7,32240,0,0,132037,0,0,33290,8472,4,34452,5003,156,33288,0,0,33311,14254,0,33302,8442,20;
1701351993622;4146210,44904,1,5886,386,170,32408,0,0,34534,8498,2,33310,8466,7,32240,0,0,132037,0,0,33290,8472,4,34452,5002,159,33288,0,0,33311,14249,0,33302,8443,20;
1701351993713;4146311,44904,1,5886,386,170,32408,0,0,34534,8497,2,33310,8466,7,32240,0,0,132037,0,0,33290,8472,4,34452,5002,159,33288,0,0,33311,14248,0,33302,8442,20;
1701351993819;4146412,44904,1,5883,383,175,32408,0,0,34534,8496,2,33310,8467,7,32240,0,0,132037,0,0,33290,8472,4,34452,5001,157,33288,0,0,33311,14249,0,33302,8443,19;
1701351993915;4146507,44904,1,5891,387,167,32408,0,0,34534,8498,2,33310,8465,7,32240,0,0,132037,0,0,33290,8473,4,34452,5001,152,33288,0,0,33311,14261,0,33302,8441,19;
1701351994019;4146610,44904,1,5883,384,173,32408,0,0,34534,8496,2,33310,8467,7,32240,0,0,132037,0,0,33290,8472,3,34452,5002,154,33288,0,0,33311,14252,0,33302,8443,19;
1701351994116;4146712,44904,1,5888,387,169,32408,0,0,34534,8498,2,33310,8465,7,32240,0,0,132037,0,0,33290,8472,4,34452,5001,152,33288,0,0,33311,14256,0,33302,8444,19;
1701351994219;4146812,44904,1,5886,383,173,32408,0,0,34534,8497,2,33310,8467,7,32240,0,0,132037,0,0,33290,8473,4,34452,5001,155,33288,0,0,33311,14266,0,33302,8444,18;
1701351994313;4146907,44904,1,5883,383,172,32408,0,0,34534,8499,2,33310,8468,7,32240,0,0,132037,0,0,33290,8473,4,34452,5003,160,33288,0,0,33311,14253,0,33302,8443,18;
1701351994420;4147010,44904,1,5876,378,183,32408,0,0,34534,8498,2,33310,8470,7,32240,0,0,132037,0,0,33290,8472,3,34452,5002,162,33288,0,0,33311,14253,0,33302,8444,19;
1701351994528;4147111,44904,1,5886,387,169,32408,0,0,34534,8498,2,33310,8465,7,32240,0,0,132037,0,0,33290,8471,4,34452,5002,161,33288,0,0,33311,14255,0,33302,8443,19;
1701351994801;4147212,44904,1,5891,388,165,32408,0,0,34534,8498,2,33310,8465,7,32240,0,0,132037,0,0,33290,8473,4,34452,5002,158,33288,0,0,33311,14246,0,33302,8443,18;
1701351994827;4147313,44904,1,5883,383,175,32408,0,0,34534,8498,2,33310,8467,7,32240,0,0,132037,0,0,33290,8472,4,34452,5001,152,33288,0,0,33311,14245,0,33302,8443,18;
1701351994843;4147408,44904,1,5888,387,166,32408,0,0,34534,8499,2,33310,8466,7,32240,0,0,132037,0,0,33290,8473,4,34452,5003,150,33288,0,0,33311,14248,0,33302,8442,18;
1701351994914;4147509,44904,1,5883,384,173,32408,0,0,34534,8497,2,33310,8467,7,32240,0,0,132037,0,0,33290,8472,4,34452,5002,149,33288,0,0,33311,14247,0,33302,8444,18;
1701351995012;4147610,44904,1,5888,388,167,32408,0,0,34534,8499,2,33310,8465,7,32240,0,0,132037,0,0,33290,8472,4,34452,5002,153,33288,0,0,33311,14247,0,33302,8443,18;
1701351995205;4147807,44904,1,5883,384,173,32408,0,0,34534,8500,2,33310,8467,7,32240,0,0,132037,0,0,33290,8472,4,34452,5002,153,33288,0,0,33311,14243,0,33302,8445,17;
1701351995312;4147910,44904,1,5883,380,175,32408,0,0,34534,8499,2,33310,8469,7,32240,0,0,132037,0,0,33290,8474,3,34452,5002,155,33288,0,0,33311,14251,0,33302,8441,17;
1701351995410;4148009,44904,1,5886,381,173,32408,0,0,34534,8501,2,33310,8469,7,32240,0,0,132037,0,0,33290,8475,3,34452,5002,152,33288,0,0,33311,14248,0,33302,8445,18;
1701351995521;4148111,44904,1,5878,378,183,32408,0,0,34534,8500,2,33310,8469,7,32240,0,0,132037,0,0,33290,8472,4,34452,5000,148,33288,0,0,33311,14246,0,33302,8446,18;
1701351995606;4148209,44904,1,5883,383,175,32408,0,0,34534,8499,2,33310,8467,7,32240,0,0,132037,0,0,33290,8472,4,34452,5001,148,33288,0,0,33311,14247,0,33302,8444,19;
1701351995712;4148307,44904,1,5881,379,179,32408,0,0,34534,8499,2,33310,8469,7,32240,0,0,132037,0,0,33290,8473,4,34452,5001,149,33288,0,0,33311,14250,0,33302,8441,18;
1701351995822;4148409,44904,1,5891,387,167,32408,0,0,34534,8500,2,33310,8465,7,32240,0,0,132037,0,0,33290,8473,3,34452,5001,152,33288,0,0,33311,14262,0,33302,8446,17;
1701351995910;4148511,44904,1,5886,384,171,32408,0,0,34534,8501,2,33310,8467,7,32240,0,0,132037,0,0,33290,8473,3,34452,5002,156,33288,0,0,33311,14264,0,33302,8444,17;
1701351996012;4148611,44904,1,5883,380,175,32408,0,0,34534,8500,2,33310,8469,7,32240,0,0,132037,0,0,33290,8474,3,34452,5002,156,33288,0,0,33311,14268,0,33302,8444,17;
1701351996112;4148712,44904,1,5878,380,179,32408,0,0,34534,8498,2,33310,8469,7,32240,0,0,132037,0,0,33290,8472,4,34452,5002,152,33288,0,0,33311,14277,0,33302,8445,17;
1701351996215;4148807,44904,1,5881,381,178,32408,0,0,34534,8500,2,33310,8468,7,32240,0,0,132037,0,0,33290,8472,4,34452,5001,149,33288,0,0,33311,14264,0,33302,8444,17;
1701351996312;4148911,44904,1,5878,379,181,32408,0,0,34534,8500,2,33310,8469,7,32240,0,0,132037,0,0,33290,8472,3,34452,5001,147,33288,0,0,33311,14271,0,33302,8445,17;
1701351996412;4149010,44904,1,5881,382,176,32408,0,0,34534,8500,2,33310,8468,7,32240,0,0,132037,0,0,33290,8472,3,34452,5002,146,33288,0,0,33311,14269,0,33302,8445,18;
1701351996515;4149111,44904,1,5883,381,176,32408,0,0,34534,8500,2,33310,8468,7,32240,0,0,132037,0,0,33290,8473,4,34452,5001,147,33288,0,0,33311,14267,0,33302,8445,19;
1701351996630;4149221,44904,1,5878,380,182,32408,0,0,34534,8500,2,33310,8468,7,32240,0,0,132037,0,0,33290,8471,4,34452,5000,146,33288,0,0,33311,14276,0,33302,8445,19;
1701351996711;4149310,44904,1,5883,385,174,32408,0,0,34534,8500,2,33310,8466,7,32240,0,0,132037,0,0,33290,8471,3,34452,5001,145,33288,0,0,33311,14278,0,33302,8445,19;
1701351996810;4149411,44904,1,5878,380,179,32408,0,0,34534,8499,2,33310,8469,7,32240,0,0,132037,0,0,33290,8472,4,34452,5002,147,33288,0,0,33311,14278,0,33302,8441,19;
1701351996913;4149512,44904,1,5881,384,175,32408,0,0,34534,8500,2,33310,8467,7,32240,0,0,132037,0,0,33290,8471,4,34452,5002,148,33288,0,0,33311,14272,0,33302,8443,19;
1701351997105;4149710,44904,1,5883,383,175,32408,0,0,34534,8500,2,33310,8467,7,32240,0,0,132037,0,0,33290,8472,3,34452,5001,149,33288,0,0,33311,14271,0,33302,8445,19;
1701351997327;4149911,44904,1,5883,383,175,32408,0,0,34534,8496,2,33310,8467,7,32240,0,0,132037,0,0,33290,8472,4,34452,5001,154,33288,0,0,33311,14269,0,33302,8445,19;
1701351997411;4150008,44904,1,5876,380,181,32408,0,0,34534,8500,2,33310,8469,7,32240,0,0,132037,0,0,33290,8471,4,34452,5002,150,33288,0,0,33311,14263,0,33302,8444,20;
1701351997509;4150110,44904,1,5888,386,168,32408,0,0,34534,8499,2,33310,8466,7,32240,0,0,132037,0,0,33290,8473,4,34452,5002,145,33288,0,0,33311,14266,0,33302,8444,20;
1701351997613;4150210,44904,1,5881,383,177,32408,0,0,34534,8499,2,33310,8467,7,32240,0,0,132037,0,0,33290,8471,4,34452,5001,139,33288,0,0,33311,14262,0,33302,8444,19;
1701351997804;4150407,44904,1,5883,385,171,32408,0,0,34534,8499,2,33310,8467,7,32240,0,0,132037,0,0,33290,8472,4,34452,5003,143,33288,0,0,33311,14255,0,33302,8441,19;
1701351997909;4150509,44904,1,5886,384,171,32408,0,0,34534,8499,2,33310,8467,7,32240,0,0,132037,0,0,33290,8473,3,34452,5002,145,33288,0,0,33311,14260,0,33302,8443,19;
1701351998012;4150612,44904,1,5886,385,172,32408,0,0,34534,8500,2,33310,8466,7,32240,0,0,132037,0,0,33290,8472,3,34452,5001,139,33288,0,0,33311,14259,0,33302,8445,19;
1701351998108;4150711,44904,1,5888,384,169,32408,0,0,34534,8499,2,33310,8467,7,32240,0,0,132037,0,0,33290,8474,3,34452,5002,141,33288,0,0,33311,14266,0,33302,8443,19;
1701351998224;4150812,44904,1,5891,388,165,32408,0,0,34534,8499,2,33310,8465,7,32240,0,0,132037,0,0,33290,8473,3,34452,5002,142,33288,0,0,33311,14248,0,33302,8446,19;
1701351998311;4150907,44904,1,5881,381,178,32408,0,0,34534,8499,2,33310,8468,7,32240,0,0,132037,0,0,33290,8472,3,34452,5001,141,33288,0,0,33311,14260,0,33302,8441,19;
1701351998418;4151011,44904,1,5876,378,183,32408,0,0,34534,8498,2,33310,8470,7,32240,0,0,132037,0,0,33290,8472,4,34452,5002,144,33288,0,0,33311,14251,0,33302,8445,19;
1701351998510;4151110,44904,1,5888,386,168,32408,0,0,34534,8498,2,33310,8466,7,32240,0,0,132037,0,0,33290,8473,4,34452,5002,141,33288,0,0,33311,14261,0,33302,8445,19;
1701351998609;4151210,44904,1,5878,380,179,32408,0,0,34534,8497,2,33310,8469,7,32240,0,0,132037,0,0,33290,8472,3,34452,5002,141,33288,0,0,33311,14259,0,33302,8443,18;
1701351998806;4151411,44904,1,5886,386,171,32408,0,0,34534,8499,2,33310,8465,7,32240,0,0,132037,0,0,33290,8471,4,34452,5001,144,33288,0,0,33311,14251,0,33302,8444,18;
1701351998909;4151510,44904,1,5883,380,175,32408,0,0,34534,8499,2,33310,8469,7,32240,0,0,132037,0,0,33290,8474,3,34452,5002,145,33288,0,0,33311,14259,0,33302,8444,18;
1701351999010;4151611,44904,1,5886,383,173,32408,0,0,34534,8498,2,33310,8467,7,32240,0,0,132037,0,0,33290,8473,3,34452,5001,145,33288,0,0,33311,14246,0,33302,8444,19;
1701351999113;4151706,44904,1,5886,383,173,32408,0,0,34534,8499,2,33310,8467,7,32240,0,0,132037,0,0,33290,8473,4,34452,5001,147,33288,0,0,33311,14249,0,33302,8442,19;
1701351999211;4151811,44904,1,5893,387,165,32408,0,0,34534,8500,2,33310,8465,7,32240,0,0,132037,0,0,33290,8474,4,34452,5001,149,33288,0,0,33311,14241,0,33302,8441,19;
1701351999311;4151910,44904,1,5876,378,185,32408,0,0,34534,8499,2,33310,8469,7,32240,0,0,132037,0,0,33290,8471,3,34452,5000,150,33288,0,0,33311,14245,0,33302,8443,19;
1701351999408;4152010,44904,1,5886,385,172,32408,0,0,34534,8498,2,33310,8466,7,32240,0,0,132037,0,0,33290,8472,4,34452,5001,149,33288,0,0,33311,14245,0,33302,8446,19;
1701351999511;4152106,44904,1,5876,379,183,32408,0,0,34534,8499,2,33310,8469,7,32240,0,0,132037,0,0,33290,8471,4,34452,5001,146,33288,0,0,33311,14239,0,33302,8445,19;
1701351999610;4152209,44904,1,5881,385,174,32408,0,0,34534,8498,2,33310,8466,7,32240,0,0,132037,0,0,33290,8470,4,34452,5002,145,33288,0,0,33311,14248,0,33302,8446,19;
1701351999709;4152310,44904,1,5886,381,174,32408,0,0,34534,8499,2,33310,8468,7,32240,0,0,132037,0,0,33290,8474,3,34452,5001,143,33288,0,0,33311,14248,0,33302,8445,18;
1701351999824;4152411,44904,1,5878,379,181,32408,0,0,34534,8497,2,33310,8469,7,32240,0,0,132037,0,0,33290,8472,4,34452,5001,143,33288,0,0,33311,14251,0,33302,8443,18;
1701351999908;4152507,44904,1,5959,388,118,32408,0,0,34534,8497,2,33310,8469,7,32240,0,0,132037,0,0,33290,8504,4,34452,5000,143,33288,0,0,33311,14241,0,33302,8446,17;
1701352000013;4152609,44904,1,5876,380,182,32408,0,0,34534,8496,2,33310,8468,7,32240,0,0,132037,0,0,33290,8470,4,34452,5001,144,33288,0,0,33311,14240,0,33302,8441,17;
1701352000122;4152711,44904,1,5871,375,190,32408,0,0,34534,8497,2,33310,8471,7,32240,0,0,132037,0,0,33290,8471,4,34452,5001,144,33288,0,0,33311,14238,0,33302,8445,17;
1701352000305;4152906,44904,1,5876,379,183,32408,0,0,34534,8498,2,33310,8469,7,32240,0,0,132037,0,0,33290,8471,4,34452,5001,147,33288,0,0,33311,14244,0,33302,8446,17;
1701352000406;4153010,44904,1,5888,387,169,32408,0,0,34534,8497,2,33310,8465,7,32240,0,0,132037,0,0,33290,8472,4,34452,5001,146,33288,0,0,33311,14243,0,33302,8442,17;
1701352000523;4153111,44904,1,5878,379,181,32408,0,0,34534,8499,2,33310,8469,7,32240,0,0,132037,0,0,33290,8472,4,34452,5001,145,33288,0,0,33311,14239,0,33302,8444,17;
1701352000706;4153307,44904,1,5876,376,187,32408,0,0,34534,8498,2,33310,8470,6,32240,0,0,132037,0,0,33290,8472,4,34452,5000,145,33288,0,0,33311,14248,0,33302,8445,17;
1701352000808;4153409,44904,1,5878,383,177,32408,0,0,34534,8497,2,33310,8467,6,32240,0,0,132037,0,0,33290,8470,4,34452,5002,145,33288,0,0,33311,14242,0,33302,8444,17;
1701352000907;4153510,44904,1,5888,388,167,32408,0,0,34534,8499,2,33310,8465,7,32240,0,0,132037,0,0,33290,8472,4,34452,5002,146,33288,0,0,33311,14239,0,33302,8441,18;
1701352001010;4153610,44904,1,5873,380,182,32408,0,0,34534,8496,2,33310,8469,7,32240,0,0,132037,0,0,33290,8470,4,34452,5003,146,33288,0,0,33311,14244,0,33302,8444,18;
1701352001203;4153806,44904,1,5881,383,177,32408,0,0,34534,8498,2,33310,8467,7,32240,0,0,132037,0,0,33290,8471,4,34452,5001,145,33288,0,0,33311,14242,0,33302,8447,19;
1701352001307;4153910,44904,1,5886,386,171,32408,0,0,34534,8499,2,33310,8465,7,32240,0,0,132037,0,0,33290,8471,4,34452,5001,146,33288,0,0,33311,14245,0,33302,8445,18;
1701352001409;4154011,44904,1,5886,384,171,32408,0,0,34534,8499,2,33310,8467,7,32240,0,0,132037,0,0,33290,8473,4,34452,5002,142,33288,0,0,33311,14239,0,33302,8443,17;
