1701351849543;4002025,44904,1,4677,346,282,32408,0,0,34534,8364,3,33310,8818,5,32240,0,0,132037,0,0,33290,8363,1,34452,5681,85,33288,0,0,33311,13909,0,33302,7438,31;
1701351849560;4002126,44904,1,4677,348,282,32408,0,0,34534,8364,3,33310,8816,5,32240,0,0,132037,0,0,33290,8361,1,34452,5680,84,33288,0,0,33311,13900,0,33302,7440,31;
1701351849636;4002222,44904,1,4677,348,281,32408,0,0,34534,8363,3,33310,8817,5,32240,0,0,132037,0,0,33290,8362,1,34452,5681,85,33288,0,0,33311,13894,0,33302,7441,31;
1701351849746;4002325,44904,1,4677,345,284,32408,0,0,34534,8364,3,33310,8818,4,32240,0,0,132037,0,0,33290,8363,1,34452,5680,84,33288,0,0,33311,13897,0,33302,7439,31;
1701351849861;4002422,44904,1,4677,348,281,32408,0,0,34534,8364,3,33310,8817,4,32240,0,0,132037,0,0,33290,8362,1,34452,5681,84,33288,0,0,33311,13900,0,33302,7440,31;
1701351849946;4002522,44904,1,4677,348,281,32408,0,0,34534,8362,3,33310,8817,4,32240,0,0,132037,0,0,33290,8362,1,34452,5681,84,33288,0,0,33311,13888,0,33302,7440,31;
1701351850141;4002725,44904,1,4675,342,288,32408,0,0,34534,8362,3,33310,8820,4,32240,0,0,132037,0,0,33290,8364,1,34452,5681,84,33288,0,0,33311,13904,0,33302,7440,31;
1701351850247;4002828,44904,1,4672,345,288,32408,0,0,34534,8395,3,33310,8818,4,32240,0,0,132037,0,0,33290,8361,2,34452,5681,83,33288,0,0,33311,13900,0,33302,7439,31;
1701351850345;4002926,44904,1,4667,341,296,32408,0,0,34534,8362,3,33310,8820,4,32240,0,0,132037,0,0,33290,8361,1,34452,5681,83,33288,0,0,33311,13904,0,33302,7440,31;
1701351850461;4003028,44904,1,4670,340,296,32408,0,0,34534,8363,4,33310,8820,4,32240,0,0,132037,0,0,33290,8362,2,34452,5680,83,33288,0,0,33311,13910,0,33302,7439,31;
1701351850558;4003128,44904,1,4672,342,290,32408,0,0,34534,8365,3,33310,8820,4,32240,0,0,132037,0,0,33290,8363,1,34452,5681,83,33288,0,0,33311,13922,0,33302,7438,31;
1701351850647;4003222,44904,1,4680,348,278,32408,0,0,34534,8364,3,33310,8817,4,32240,0,0,132037,0,0,33290,8363,1,34452,5681,84,33288,0,0,33311,13913,0,33302,7439,31;
1701351850841;4003422,44904,1,4675,347,284,32408,0,0,34534,8396,3,33310,8817,4,32240,0,0,132037,0,0,33290,8361,1,34452,5681,86,33288,0,0,33311,13917,0,33302,7439,31;
1701351850946;4003521,44904,1,4677,349,278,32408,0,0,34534,8366,3,33310,8817,4,32240,0,0,132037,0,0,33290,8362,1,34452,5682,86,33288,0,0,33311,13924,0,33302,7440,31;
1701351851140;4003725,44904,1,4675,345,284,32408,0,0,34534,8364,3,33310,8819,4,32240,0,0,132037,0,0,33290,8363,1,34452,5682,87,33288,0,0,33311,13939,0,33302,7438,31;
1701351851245;4003825,44904,1,4675,350,283,32408,0,0,34534,8363,3,33310,8815,4,32240,0,0,132037,0,0,33290,8359,2,34452,5680,88,33288,0,0,33311,13942,0,33302,7438,31;
1701351851344;4003926,44904,1,4670,346,288,32408,0,0,34534,8362,3,33310,8818,4,32240,0,0,132037,0,0,33290,8360,2,34452,5682,89,33288,0,0,33311,13922,0,33302,7439,31;
1701351851541;4004122,44904,1,4672,344,290,32408,0,0,34534,8397,3,33310,8818,4,32240,0,0,132037,0,0,33290,8361,2,34452,5680,90,33288,0,0,33311,13921,0,33302,7441,31;
1701351851644;4004224,44904,1,4660,338,306,32408,0,0,34534,8400,3,33310,8821,4,32240,0,0,132037,0,0,33290,8359,2,34452,5681,91,33288,0,0,33311,13917,0,33302,7439,30;
1701351851745;4004325,44904,1,4667,343,295,32408,0,0,34534,8363,4,33310,8819,4,32240,0,0,132037,0,0,33290,8360,2,34452,5681,91,33288,0,0,33311,13919,0,33302,7439,30;
1701351851861;4004426,44904,1,4675,348,285,32408,0,0,34534,8396,3,33310,8816,5,32240,0,0,132037,0,0,33290,8360,2,34452,5680,91,33288,0,0,33311,13916,0,33302,7439,30;
1701351852057;4004628,44904,1,4673,348,287,32408,0,0,34534,8362,4,33310,8816,5,32240,0,0,132037,0,0,33290,8359,2,34452,5680,90,33288,0,0,33311,13916,0,33302,7440,30;
1701351852150;4004724,44904,1,4675,345,285,32408,0,0,34534,8362,3,33310,8818,5,32240,0,0,132037,0,0,33290,8362,2,34452,5681,88,33288,0,0,33311,13924,0,33302,7439,29;
1701351852260;4004826,44904,1,4677,348,282,32408,0,0,34534,8396,4,33310,8816,5,32240,0,0,132037,0,0,33290,8361,2,34452,5680,89,33288,0,0,33311,13925,0,33302,7439,29;
1701351852360;4004926,44904,1,4670,345,291,32408,0,0,34534,8363,3,33310,8818,5,32240,0,0,132037,0,0,33290,8360,2,34452,5681,89,33288,0,0,33311,13917,0,33302,7440,30;
1701351852456;4005027,44904,1,4675,351,281,32408,0,0,34534,8363,4,33310,8815,5,32240,0,0,132037,0,0,33290,8359,2,34452,5681,89,33288,0,0,33311,13934,0,33302,7437,30;
1701351852555;4005128,44904,1,4665,341,299,32408,0,0,34534,8364,3,33310,8820,5,32240,0,0,132037,0,0,33290,8360,2,34452,5681,89,33288,0,0,33311,13930,0,33302,7439,30;
1701351852640;4005221,44904,1,4677,346,283,32408,0,0,34534,8363,3,33310,8817,5,32240,0,0,132037,0,0,33290,8362,2,34452,5680,89,33288,0,0,33311,13917,0,33302,7439,30;
1701351852744;4005325,44904,1,4670,345,291,32408,0,0,34534,8363,3,33310,8818,5,32240,0,0,132037,0,0,33290,8360,2,34452,5681,90,33288,0,0,33311,13917,0,33302,7439,31;
1701351852848;4005426,44904,1,4670,344,293,32408,0,0,34534,8364,3,33310,8818,5,32240,0,0,132037,0,0,33290,8360,2,34452,5680,90,33288,0,0,33311,13917,0,33302,7439,31;
1701351852945;4005526,44904,1,4665,341,299,32408,0,0,34534,8363,3,33310,8820,5,32240,0,0,132037,0,0,33290,8360,1,34452,5681,90,33288,0,0,33311,13920,0,33302,7439,30;
1701351853043;4005622,44904,1,4675,345,285,32408,0,0,34534,8398,3,33310,8818,5,32240,0,0,132037,0,0,33290,8362,2,34452,5681,89,33288,0,0,33311,13920,0,33302,7440,30;
1701351853154;4005724,44904,1,4680,351,275,32408,0,0,34534,8364,3,33310,8815,5,32240,0,0,132037,0,0,33290,8361,1,34452,5681,90,33288,0,0,33311,13926,0,33302,7440,30;
1701351853242;4005822,44904,1,4677,349,278,32408,0,0,34534,8366,3,33310,8817,5,32240,0,0,132037,0,0,33290,8362,1,34452,5682,91,33288,0,0,33311,13923,0,33302,7439,30;
1701351853345;4005922,44904,1,4675,347,284,32408,0,0,34534,8365,3,33310,8817,5,32240,0,0,132037,0,0,33290,8361,2,34452,5681,90,33288,0,0,33311,13917,0,33302,7439,30;
1701351853447;4006024,44904,1,4677,347,280,32408,0,0,34534,8365,3,33310,8818,5,32240,0,0,132037,0,0,33290,8363,2,34452,5682,89,33288,0,0,33311,13924,0,33302,7441,29;
1701351853548;4006125,44904,1,4680,352,273,32408,0,0,34534,8365,3,33310,8815,5,32240,0,0,132037,0,0,33290,8361,1,34452,5682,90,33288,0,0,33311,13917,0,33302,7440,30;
1701351853647;4006227,44904,1,4682,350,274,32408,0,0,34534,8364,3,33310,8816,4,32240,0,0,132037,0,0,33290,8363,2,34452,5681,89,33288,0,0,33311,13904,0,33302,7440,30;
1701351853745;4006322,44904,1,4672,345,288,32408,0,0,34534,8363,3,33310,8818,5,32240,0,0,132037,0,0,33290,8361,2,34452,5681,89,33288,0,0,33311,13911,0,33302,7439,31;
1701351853862;4006428,44904,1,4677,348,281,32408,0,0,34534,8366,3,33310,8817,4,32240,0,0,132037,0,0,33290,8362,1,34452,5681,90,33288,0,0,33311,13906,0,33302,7441,31;
1701351853939;4006521,44904,1,4680,347,280,32408,0,0,34534,8365,3,33310,8817,4,32240,0,0,132037,0,0,33290,8363,1,34452,5680,89,33288,0,0,33311,13908,0,33302,7439,31;
1701351854080;4006624,44904,1,4670,344,290,32408,0,0,34534,8365,3,33310,8819,4,32240,0,0,132037,0,0,33290,8361,2,34452,5682,89,33288,0,0,33311,13907,0,33302,7438,31;
1701351854150;4006725,44904,1,4675,345,285,32408,0,0,34534,8365,3,33310,8818,5,32240,0,0,132037,0,0,33290,8362,1,34452,5681,90,33288,0,0,33311,13914,0,33302,7439,31;
1701351854245;4006826,44904,1,4670,347,286,32408,0,0,34534,8399,3,33310,8818,5,32240,0,0,132037,0,0,33290,8360,1,34452,5683,91,33288,0,0,33311,13914,0,33302,7438,31;
1701351854346;4006926,44904,1,4680,350,276,32408,0,0,34534,8397,3,33310,8816,5,32240,0,0,132037,0,0,33290,8362,1,34452,5681,89,33288,0,0,33311,13924,0,33302,7439,31;
1701351854451;4007021,44904,1,4680,347,280,32408,0,0,34534,8365,3,33310,8817,4,32240,0,0,132037,0,0,33290,8363,1,34452,5680,88,33288,0,0,33311,13922,0,33302,7439,31;
1701351854560;4007127,44904,1,4687,352,266,32408,0,0,34534,8365,3,33310,8815,4,32240,0,0,132037,0,0,33290,8364,1,34452,5681,89,33288,0,0,33311,13925,0,33302,7438,31;
1701351854645;4007221,44904,1,4680,349,275,32408,0,0,34534,8367,3,33310,8817,4,32240,0,0,132037,0,0,33290,8363,1,34452,5682,89,33288,0,0,33311,13930,0,33302,7441,30;
1701351854755;4007325,44904,1,4685,350,271,32408,0,0,34534,8365,3,33310,8816,4,32240,0,0,132037,0,0,33290,8364,1,34452,5681,91,33288,0,0,33311,13932,0,33302,7436,30;
1701351854847;4007425,44904,1,4680,350,276,32408,0,0,34534,8366,3,33310,8816,4,32240,0,0,132037,0,0,33290,8362,1,34452,5681,90,33288,0,0,33311,13924,0,33302,7439,30;
1701351854946;4007526,44904,1,4680,346,279,32408,0,0,34534,8365,3,33310,8818,4,32240,0,0,132037,0,0,33290,8364,1,34452,5681,89,33288,0,0,33311,13931,0,33302,7439,29;
1701351855060;4007622,44904,1,4672,342,290,32408,0,0,34534,8365,3,33310,8820,4,32240,0,0,132037,0,0,33290,8363,1,34452,5681,87,33288,0,0,33311,13935,0,33302,7438,29;
1701351855239;4007821,44904,1,4680,347,280,32408,0,0,34534,8365,3,33310,8817,4,32240,0,0,132037,0,0,33290,8363,1,34452,5680,92,33288,0,0,33311,13929,0,33302,7437,29;
1701351855341;4007921,44904,1,4680,348,278,32408,0,0,34534,8366,3,33310,8817,4,32240,0,0,132037,0,0,33290,8363,1,34452,5681,92,33288,0,0,33311,13924,0,33302,7437,30;
1701351855447;4008024,44904,1,4685,350,271,32408,0,0,34534,8367,3,33310,8816,4,32240,0,0,132037,0,0,33290,8364,1,34452,5681,91,33288,0,0,33311,13924,0,33302,7438,29;
1701351855544;4008125,44904,1,4677,344,283,32408,0,0,34534,8365,3,33310,8819,4,32240,0,0,132037,0,0,33290,8364,1,34452,5681,90,33288,0,0,33311,13921,0,33302,7439,29;
1701351855644;4008225,44904,1,4680,348,279,32408,0,0,34534,8366,3,33310,8816,4,32240,0,0,132037,0,0,33290,8362,1,34452,5680,90,33288,0,0,33311,13922,0,33302,7439,30;
1701351855758;4008327,44904,1,4672,342,290,32408,0,0,34534,8366,3,33310,8820,4,32240,0,0,132037,0,0,33290,8363,1,34452,5681,89,33288,0,0,33311,13941,0,33302,7438,30;
1701351855841;4008422,44904,1,4682,348,275,32408,0,0,34534,8367,3,33310,8817,4,32240,0,0,132037,0,0,33290,8364,1,34452,5681,88,33288,0,0,33311,13940,0,33302,7440,30;
1701351855944;4008524,44904,1,4680,348,279,32408,0,0,34534,8367,3,33310,8816,4,32240,0,0,132037,0,0,33290,8362,1,34452,5680,87,33288,0,0,33311,13943,0,33302,7440,30;
1701351856059;4008625,44904,1,4672,345,287,32408,0,0,34534,8365,3,33310,8819,5,32240,0,0,132037,0,0,33290,8362,1,34452,5682,87,33288,0,0,33311,13928,0,33302,7440,31;
1701351856159;4008726,44904,1,4675,343,288,32408,0,0,34534,8366,3,33310,8819,5,32240,0,0,132037,0,0,33290,8363,1,34452,5680,87,33288,0,0,33311,13932,0,33302,7438,30;
1701351856251;4008822,44904,1,4685,347,274,32408,0,0,34534,8365,3,33310,8817,5,32240,0,0,132037,0,0,33290,8365,1,34452,5680,87,33288,0,0,33311,13934,0,33302,7439,30;
1701351856344;4008924,44904,1,4684,351,268,32408,0,0,34534,8364,3,33310,8816,5,32240,0,0,132037,0,0,33290,8364,1,34452,5682,87,33288,0,0,33311,13944,0,33302,7440,31;
1701351856553;4009126,44904,1,4685,349,273,32408,0,0,34534,8366,3,33310,8816,5,32240,0,0,132037,0,0,33290,8364,1,34452,5680,84,33288,0,0,33311,13943,0,33302,7440,32;
1701351856642;4009222,44904,1,4682,349,276,32408,0,0,34534,8367,3,33310,8816,5,32240,0,0,132037,0,0,33290,8363,1,34452,5680,84,33288,0,0,33311,13964,0,33302,7440,31;
1701351856748;4009321,44904,1,4677,346,283,32408,0,0,34534,8366,3,33310,8817,5,32240,0,0,132037,0,0,33290,8362,1,34452,5680,87,33288,0,0,33311,13947,0,33302,7439,32;
1701351856859;4009424,44904,1,4685,349,273,32408,0,0,34534,8367,3,33310,8816,5,32240,0,0,132037,0,0,33290,8364,1,34452,5680,88,33288,0,0,33311,13967,0,33302,7439,32;
1701351856947;4009522,44904,1,4680,347,280,32408,0,0,34534,8368,3,33310,8817,5,32240,0,0,132037,0,0,33290,8363,1,34452,5680,88,33288,0,0,33311,13969,0,33302,7442,31;
1701351857041;4009624,44904,1,4684,351,268,32408,0,0,34534,8367,3,33310,8816,5,32240,0,0,132037,0,0,33290,8364,1,34452,5682,90,33288,0,0,33311,13952,0,33302,7440,32;
1701351857239;4009825,44904,1,4685,348,275,32408,0,0,34534,8364,3,33310,8816,5,32240,0,0,132037,0,0,33290,8364,1,34452,5679,91,33288,0,0,33311,13956,0,33302,7439,32;
1701351857437;4010022,44904,1,4670,341,292,32408,0,0,34534,8365,3,33310,8821,5,32240,0,0,132037,0,0,33290,8363,1,34452,5682,90,33288,0,0,33311,13934,0,33302,7439,32;
1701351857557;4010122,44904,1,4680,349,275,32408,0,0,34534,8368,3,33310,8817,5,32240,0,0,132037,0,0,33290,8363,1,34452,5682,88,33288,0,0,33311,13956,0,33302,7440,32;
1701351857645;4010225,44904,1,4677,346,282,32408,0,0,34534,8365,3,33310,8818,5,32240,0,0,132037,0,0,33290,8363,1,34452,5681,86,33288,0,0,33311,13939,0,33302,7439,31;
1701351857758;4010325,44904,1,4675,345,285,32408,0,0,34534,8366,3,33310,8818,5,32240,0,0,132037,0,0,33290,8362,1,34452,5681,86,33288,0,0,33311,13943,0,33302,7440,31;
1701351857845;4010425,44904,1,4672,342,290,32408,0,0,34534,8366,3,33310,8820,5,32240,0,0,132037,0,0,33290,8363,1,34452,5681,86,33288,0,0,33311,13948,0,33302,7439,31;
1701351857943;4010521,44904,1,4680,350,276,32408,0,0,34534,8368,3,33310,8816,5,32240,0,0,132037,0,0,33290,8362,1,34452,5681,86,33288,0,0,33311,13937,0,33302,7442,31;
1701351858044;4010621,44904,1,4682,346,279,32408,0,0,34534,8366,3,33310,8817,5,32240,0,0,132037,0,0,33290,8364,1,34452,5679,86,33288,0,0,33311,13944,0,33302,7442,31;
1701351858142;4010724,44904,1,4677,345,281,32408,0,0,34534,8366,3,33310,8819,4,32240,0,0,132037,0,0,33290,8364,1,34452,5682,88,33288,0,0,33311,13932,0,33302,7441,31;
1701351858245;4010825,44904,1,4667,342,294,32408,0,0,34534,8366,3,33310,8820,4,32240,0,0,132037,0,0,33290,8361,1,34452,5682,89,33288,0,0,33311,13963,0,33302,7442,30;
1701351858359;4010927,44904,1,4680,347,280,32408,0,0,34534,8364,3,33310,8817,4,32240,0,0,132037,0,0,33290,8363,2,34452,5680,90,33288,0,0,33311,13946,0,33302,7438,30;
1701351858452;4011021,44904,1,4680,348,278,32408,0,0,34534,8365,3,33310,8817,4,32240,0,0,132037,0,0,33290,8363,2,34452,5681,90,33288,0,0,33311,13946,0,33302,7441,30;
1701351858543;4011124,44904,1,4662,340,301,32408,0,0,34534,8399,3,33310,8821,4,32240,0,0,132037,0,0,33290,8360,2,34452,5682,92,33288,0,0,33311,13930,0,33302,7439,30;
1701351858659;4011225,44904,1,4672,343,289,32408,0,0,34534,8364,3,33310,8819,4,32240,0,0,132037,0,0,33290,8362,2,34452,5681,92,33288,0,0,33311,13927,0,33302,7440,30;
1701351858754;4011326,44904,1,4680,351,274,32408,0,0,34534,8363,3,33310,8816,4,32240,0,0,132037,0,0,33290,8362,2,34452,5682,93,33288,0,0,33311,13948,0,33302,7442,30;
1701351858843;4011421,44904,1,4672,345,287,32408,0,0,34534,8364,4,33310,8819,4,32240,0,0,132037,0,0,33290,8362,1,34452,5682,92,33288,0,0,33311,13944,0,33302,7439,30;
1701351858944;4011524,44904,1,4675,345,285,32408,0,0,34534,8399,3,33310,8818,4,32240,0,0,132037,0,0,33290,8362,2,34452,5681,93,33288,0,0,33311,13929,0,33302,7439,31;
1701351859059;4011627,44904,1,4675,346,286,32408,0,0,34534,8364,3,33310,8817,4,32240,0,0,132037,0,0,33290,8361,1,34452,5680,93,33288,0,0,33311,13948,0,33302,7440,30;
1701351859399;4011727,44904,1,4677,350,277,32408,0,0,34534,8365,3,33310,8816,4,32240,0,0,132037,0,0,33290,8361,2,34452,5682,91,33288,0,0,33311,13927,0,33302,7442,30;
1701351859429;4011823,44904,1,4672,350,283,32408,0,0,34534,8399,3,33310,8816,4,32240,0,0,132037,0,0,33290,8359,2,34452,5682,90,33288,0,0,33311,13912,0,33302,7441,31;
1701351859445;4011924,44904,1,4670,342,291,32408,0,0,34534,8366,3,33310,8820,4,32240,0,0,132037,0,0,33290,8362,2,34452,5682,88,33288,0,0,33311,13929,0,33302,7440,31;
1701351859461;4012021,44904,1,4680,348,278,32408,0,0,34534,8364,3,33310,8817,4,32240,0,0,132037,0,0,33290,8363,1,34452,5681,86,33288,0,0,33311,13935,0,33302,7441,31;
1701351859545;4012124,44904,1,4680,350,276,32408,0,0,34534,8365,3,33310,8816,4,32240,0,0,132037,0,0,33290,8362,1,34452,5681,85,33288,0,0,33311,13940,0,33302,7439,30;
1701351859657;4012225,44904,1,4675,347,283,32408,0,0,34534,8366,3,33310,8818,4,32240,0,0,132037,0,0,33290,8362,1,34452,5682,87,33288,0,0,33311,13925,0,33302,7439,31;
1701351859757;4012325,44904,1,4675,347,283,32408,0,0,34534,8366,3,33310,8818,4,32240,0,0,132037,0,0,33290,8362,1,34452,5682,87,33288,0,0,33311,13930,0,33302,7440,30;
1701351859841;4012421,44904,1,4675,348,281,32408,0,0,34534,8364,3,33310,8817,5,32240,0,0,132037,0,0,33290,8361,1,34452,5682,89,33288,0,0,33311,13934,0,33302,7438,30;
1701351859942;4012524,44904,1,4667,340,295,32408,0,0,34534,8364,3,33310,8821,5,32240,0,0,132037,0,0,33290,8362,1,34452,5682,90,33288,0,0,33311,13926,0,33302,7437,30;
1701351860045;4012624,44904,1,4670,342,291,32408,0,0,34534,8365,3,33310,8820,5,32240,0,0,132037,0,0,33290,8362,1,34452,5682,88,33288,0,0,33311,13927,0,33302,7440,30;
1701351860158;4012727,44904,1,4672,345,287,32408,0,0,34534,8365,3,33310,8819,5,32240,0,0,132037,0,0,33290,8362,2,34452,5682,88,33288,0,0,33311,13927,0,33302,7439,30;
1701351860245;4012827,44904,1,4682,354,268,32408,0,0,34534,8364,3,33310,8815,5,32240,0,0,132037,0,0,33290,8362,2,34452,5683,88,33288,0,0,33311,13924,0,33302,7439,30;
1701351860340;4012921,44904,1,4672,345,287,32408,0,0,34534,8365,3,33310,8819,5,32240,0,0,132037,0,0,33290,8362,2,34452,5682,90,33288,0,0,33311,13918,0,33302,7439,29;
1701351860440;4013023,44904,1,4680,352,273,32408,0,0,34534,8398,3,33310,8815,5,32240,0,0,132037,0,0,33290,8361,2,34452,5682,90,33288,0,0,33311,13942,0,33302,7440,29;
1701351860543;4013124,44904,1,4677,353,273,32408,0,0,34534,8398,3,33310,8815,4,32240,0,0,132037,0,0,33290,8360,2,34452,5683,90,33288,0,0,33311,13939,0,33302,7440,29;
1701351860690;4013220,44904,1,4672,348,284,32408,0,0,34534,8363,3,33310,8817,5,32240,0,0,132037,0,0,33290,8360,2,34452,5682,88,33288,0,0,33311,13962,0,33302,7437,28;
1701351860742;4013325,44904,1,4675,347,283,32408,0,0,34534,8396,3,33310,8818,5,32240,0,0,132037,0,0,33290,8362,2,34452,5682,87,33288,0,0,33311,13949,0,33302,7441,28;
1701351860857;4013424,44904,1,4680,354,272,32408,0,0,34534,8397,3,33310,8814,5,32240,0,0,132037,0,0,33290,8360,2,34452,5682,90,33288,0,0,33311,13929,0,33302,7438,28;
1701351860952;4013526,44904,1,4667,343,292,32408,0,0,34534,8364,3,33310,8820,4,32240,0,0,132037,0,0,33290,8361,2,34452,5683,90,33288,0,0,33311,13948,0,33302,7440,28;
1701351861041;4013620,44904,1,4687,356,261,32408,0,0,34534,8365,3,33310,8814,5,32240,0,0,132037,0,0,33290,8363,2,34452,5683,89,33288,0,0,33311,13950,0,33302,7439,28;
1701351861151;4013724,44904,1,4667,343,292,32408,0,0,34534,8364,3,33310,8820,4,32240,0,0,132037,0,0,33290,8361,2,34452,5683,89,33288,0,0,33311,13951,0,33302,7438,28;
1701351861249;4013825,44904,1,4672,345,287,32408,0,0,34534,8365,3,33310,8819,4,32240,0,0,132037,0,0,33290,8362,2,34452,5682,87,33288,0,0,33311,13927,0,33302,7438,28;
1701351861341;4013921,44904,1,4670,349,285,32408,0,0,34534,8397,3,33310,8817,4,32240,0,0,132037,0,0,33290,8359,2,34452,5683,90,33288,0,0,33311,13932,0,33302,7441,28;
1701351861452;4014026,44904,1,4680,349,275,32408,0,0,34534,8365,3,33310,8817,4,32240,0,0,132037,0,0,33290,8363,1,34452,5682,91,33288,0,0,33311,13946,0,33302,7440,28;
1701351861639;4014221,44904,1,4677,349,278,32408,0,0,34534,8365,3,33310,8817,4,32240,0,0,132037,0,0,33290,8362,2,34452,5682,92,33288,0,0,33311,13947,0,33302,7439,28;
1701351861756;4014326,44904,1,4672,346,285,32408,0,0,34534,8396,3,33310,8819,4,32240,0,0,132037,0,0,33290,8362,2,34452,5683,90,33288,0,0,33311,13952,0,33302,7439,29;
1701351862034;4014620,44904,1,4677,350,276,32408,0,0,34534,8365,3,33310,8817,4,32240,0,0,132037,0,0,33290,8362,2,34452,5683,88,33288,0,0,33311,13945,0,33302,7437,30;
1701351862140;4014723,44904,1,4685,353,267,32408,0,0,34534,8365,3,33310,8815,4,32240,0,0,132037,0,0,33290,8363,2,34452,5682,89,33288,0,0,33311,13949,0,33302,7438,31;
1701351862240;4014824,44904,1,4677,343,282,32408,0,0,34534,8365,3,33310,8820,4,32240,0,0,132037,0,0,33290,8365,2,34452,5682,90,33288,0,0,33311,13932,0,33302,7439,31;
1701351862358;4014926,44904,1,4682,353,270,32408,0,0,34534,8400,3,33310,8815,4,32240,0,0,132037,0,0,33290,8362,2,34452,5682,91,33288,0,0,33311,13935,0,33302,7439,31;
1701351862456;4015026,44904,1,4672,347,283,32408,0,0,34534,8364,3,33310,8818,4,32240,0,0,132037,0,0,33290,8361,2,34452,5683,92,33288,0,0,33311,13951,0,33302,7439,31;
1701351862552;4015120,44904,1,4672,347,283,32408,0,0,34534,8398,3,33310,8818,4,32240,0,0,132037,0,0,33290,8361,2,34452,5683,91,33288,0,0,33311,13979,0,33302,7439,31;
1701351862642;4015224,44904,1,4665,343,295,32408,0,0,34534,8397,3,33310,8820,4,32240,0,0,132037,0,0,33290,8360,2,34452,5683,92,33288,0,0,33311,13960,0,33302,7439,31;
1701351862759;4015327,44904,1,4675,349,279,32408,0,0,34534,8398,3,33310,8817,4,32240,0,0,132037,0,0,33290,8361,1,34452,5683,92,33288,0,0,33311,13978,0,33302,7438,31;
1701351862847;4015422,44904,1,4662,344,296,32408,0,0,34534,8398,3,33310,8819,4,32240,0,0,132037,0,0,33290,8358,1,34452,5683,91,33288,0,0,33311,13980,0,33302,7439,31;
1701351862943;4015524,44904,1,4675,351,278,32408,0,0,34534,8366,3,33310,8816,4,32240,0,0,132037,0,0,33290,8360,1,34452,5683,92,33288,0,0,33311,13971,0,33302,7440,31;
1701351863040;4015621,44904,1,4684,351,267,32408,0,0,34534,8366,3,33310,8817,4,32240,0,0,132037,0,0,33290,8365,1,34452,5683,93,33288,0,0,33311,13999,0,33302,7437,31;
1701351863141;4015723,44904,1,4677,348,277,32408,0,0,34534,8368,3,33310,8818,4,32240,0,0,132037,0,0,33290,8363,1,34452,5683,93,33288,0,0,33311,13958,0,33302,7439,31;
1701351863240;4015824,44904,1,4687,354,262,32408,0,0,34534,8366,3,33310,8815,4,32240,0,0,132037,0,0,33290,8364,1,34452,5683,91,33288,0,0,33311,13934,0,33302,7438,31;
1701351863438;4016020,44904,1,4684,354,265,32408,0,0,34534,8366,3,33310,8815,4,32240,0,0,132037,0,0,33290,8363,1,34452,5683,90,33288,0,0,33311,13908,0,33302,7439,31;
1701351863553;4016123,44904,1,4770,420,129,32408,0,0,34534,8366,3,33310,8783,4,32240,0,0,132037,0,0,33290,8365,1,34452,5683,89,33288,0,0,33311,13907,0,33302,7440,30;
1701351863644;4016224,44904,1,4684,352,266,32408,0,0,34534,8365,3,33310,8816,4,32240,0,0,132037,0,0,33290,8364,1,34452,5683,88,33288,0,0,33311,13912,0,33302,7438,30;
1701351863835;4016421,44904,1,4687,351,264,32408,0,0,34534,8365,3,33310,8817,4,32240,0,0,132037,0,0,33290,8366,1,34452,5683,90,33288,0,0,33311,13915,0,33302,7438,30;
1701351863956;4016524,44904,1,4679,349,272,32408,0,0,34534,8364,3,33310,8818,4,32240,0,0,132037,0,0,33290,8364,1,34452,5684,90,33288,0,0,33311,13926,0,33302,7439,29;
1701351864043;4016624,44904,1,4672,344,286,32408,0,0,34534,8365,3,33310,8820,4,32240,0,0,132037,0,0,33290,8363,1,34452,5683,89,33288,0,0,33311,13914,0,33302,7438,30;
1701351864156;4016725,44904,1,4667,344,293,32408,0,0,34534,8364,3,33310,8819,4,32240,0,0,132037,0,0,33290,8360,1,34452,5682,88,33288,0,0,33311,13916,0,33302,7437,29;
1701351864243;4016820,44904,1,4682,349,272,32408,0,0,34534,8363,3,33310,8818,4,32240,0,0,132037,0,0,33290,8365,1,34452,5683,87,33288,0,0,33311,13912,0,33302,7439,29;
1701351864357;4016923,44904,1,4760,419,140,32408,0,0,34534,8367,3,33310,8783,4,32240,0,0,132037,0,0,33290,8361,1,34452,5683,85,33288,0,0,33311,13908,0,33302,7438,28;
1701351864440;4017024,44904,1,4679,348,274,32408,0,0,34534,8366,3,33310,8818,4,32240,0,0,132037,0,0,33290,8364,1,34452,5683,86,33288,0,0,33311,13900,0,33302,7439,29;
1701351864555;4017125,44904,1,4674,346,282,32408,0,0,34534,8364,3,33310,8819,4,32240,0,0,132037,0,0,33290,8363,1,34452,5683,86,33288,0,0,33311,13897,0,33302,7439,29;
1701351864642;4017220,44904,1,4679,350,273,32408,0,0,34534,8398,3,33310,8817,4,32240,0,0,132037,0,0,33290,8363,1,34452,5683,86,33288,0,0,33311,13897,0,33302,7439,29;
1701351864739;4017324,44904,1,4763,418,138,32408,0,0,34534,8366,3,33310,8784,4,32240,0,0,132037,0,0,33290,8363,1,34452,5683,86,33288,0,0,33311,13905,0,33302,7440,28;
1701351864857;4017426,44904,1,4674,346,282,32408,0,0,34534,8364,3,33310,8819,4,32240,0,0,132037,0,0,33290,8363,1,34452,5683,87,33288,0,0,33311,13909,0,33302,7438,29;
1701351864941;4017525,44904,1,4670,345,287,32408,0,0,34534,8365,3,33310,8819,4,32240,0,0,132037,0,0,33290,8361,2,34452,5683,87,33288,0,0,33311,13929,0,33302,7438,28;
1701351865038;4017621,44904,1,4672,346,285,32408,0,0,34534,8365,3,33310,8819,4,32240,0,0,132037,0,0,33290,8362,1,34452,5683,86,33288,0,0,33311,13934,0,33302,7438,28;
1701351865154;4017723,44904,1,4672,344,286,32408,0,0,34534,8364,3,33310,8820,4,32240,0,0,132037,0,0,33290,8363,1,34452,5683,85,33288,0,0,33311,13927,0,33302,7439,28;
1701351865242;4017821,44904,1,4677,351,274,32408,0,0,34534,8364,3,33310,8817,5,32240,0,0,132037,0,0,33290,8362,2,34452,5684,86,33288,0,0,33311,13943,0,33302,7440,29;
1701351865341;4017923,44904,1,4672,347,283,32408,0,0,34534,8364,3,33310,8818,4,32240,0,0,132037,0,0,33290,8361,2,34452,5683,87,33288,0,0,33311,13942,0,33302,7439,29;
1701351865442;4018020,44904,1,4677,350,276,32408,0,0,34534,8363,3,33310,8817,5,32240,0,0,132037,0,0,33290,8362,2,34452,5683,87,33288,0,0,33311,13931,0,33302,7439,29;
1701351865650;4018224,44904,1,4665,343,295,32408,0,0,34534,8363,3,33310,8820,4,32240,0,0,132037,0,0,33290,8360,1,34452,5683,84,33288,0,0,33311,13910,0,33302,7442,29;
1701351865741;4018320,44904,1,4677,350,276,32408,0,0,34534,8364,3,33310,8817,5,32240,0,0,132037,0,0,33290,8362,1,34452,5683,84,33288,0,0,33311,13915,0,33302,7440,29;
1701351865854;4018429,44904,1,4679,350,273,32408,0,0,34534,8396,3,33310,8817,5,32240,0,0,132037,0,0,33290,8363,2,34452,5683,84,33288,0,0,33311,13920,0,33302,7438,29;
1701351865940;4018522,44904,1,4680,352,272,32408,0,0,34534,8394,3,33310,8816,5,32240,0,0,132037,0,0,33290,8362,2,34452,5683,84,33288,0,0,33311,13920,0,33302,7438,29;
1701351866150;4018725,44904,1,4675,347,283,32408,0,0,34534,8362,3,33310,8818,5,32240,0,0,132037,0,0,33290,8362,2,34452,5682,87,33288,0,0,33311,13917,0,33302,7439,29;
1701351866244;4018820,44904,1,4682,352,269,32408,0,0,34534,8397,3,33310,8816,5,32240,0,0,132037,0,0,33290,8363,2,34452,5683,87,33288,0,0,33311,13947,0,33302,7437,30;
1701351866355;4018924,44904,1,4667,348,287,32408,0,0,34534,8363,3,33310,8818,4,32240,0,0,132037,0,0,33290,8359,2,34452,5684,90,33288,0,0,33311,13980,0,33302,7439,30;
1701351866441;4019024,44904,1,4760,421,139,32408,0,0,34534,8362,3,33310,8782,5,32240,0,0,132037,0,0,33290,8360,2,34452,5683,93,33288,0,0,33311,13962,0,33302,7438,31;
1701351866542;4019120,44904,1,4672,348,284,32408,0,0,34534,8363,3,33310,8817,4,32240,0,0,132037,0,0,33290,8360,2,34452,5682,95,33288,0,0,33311,13974,0,33302,7438,31;
1701351866639;4019220,44904,1,4677,350,276,32408,0,0,34534,8364,3,33310,8817,4,32240,0,0,132037,0,0,33290,8362,1,34452,5683,95,33288,0,0,33311,13963,0,33302,7441,31;
1701351866743;4019323,44904,1,4675,347,283,32408,0,0,34534,8364,3,33310,8818,4,32240,0,0,132037,0,0,33290,8362,1,34452,5682,97,33288,0,0,33311,13967,0,33302,7438,32;
1701351866838;4019420,44904,1,4682,349,273,32408,0,0,34534,8364,3,33310,8817,4,32240,0,0,132037,0,0,33290,8364,1,34452,5682,97,33288,0,0,33311,13924,0,33302,7438,31;
1701351866941;4019520,44904,1,4677,350,276,32408,0,0,34534,8364,3,33310,8817,4,32240,0,0,132037,0,0,33290,8362,1,34452,5683,98,33288,0,0,33311,13912,0,33302,7438,32;
1701351867054;4019621,44904,1,4682,350,270,32408,0,0,34534,8364,3,33310,8817,5,32240,0,0,132037,0,0,33290,8364,1,34452,5683,97,33288,0,0,33311,13903,0,33302,7439,33;
1701351867140;4019720,44904,1,4679,350,273,32408,0,0,34534,8365,3,33310,8817,5,32240,0,0,132037,0,0,33290,8363,1,34452,5683,95,33288,0,0,33311,13896,0,33302,7438,33;
1701351867254;4019824,44904,1,4682,349,272,32408,0,0,34534,8365,3,33310,8818,5,32240,0,0,132037,0,0,33290,8365,1,34452,5683,94,33288,0,0,33311,13893,0,33302,7438,33;
1701351867357;4019925,44904,1,4680,351,274,32408,0,0,34534,8398,3,33310,8816,5,32240,0,0,132037,0,0,33290,8362,1,34452,5682,95,33288,0,0,33311,13899,0,33302,7439,33;
1701351867457;4020025,44904,1,4682,352,269,32408,0,0,34534,8365,3,33310,8816,5,32240,0,0,132037,0,0,33290,8363,1,34452,5683,96,33288,0,0,33311,13904,0,33302,7439,33;
1701351867539;4020120,44904,1,4687,355,263,32408,0,0,34534,8366,3,33310,8814,5,32240,0,0,132037,0,0,33290,8363,1,34452,5682,96,33288,0,0,33311,13891,0,33302,7438,33;
1701351867638;4020224,44904,1,4684,353,264,32408,0,0,34534,8365,3,33310,8816,5,32240,0,0,132037,0,0,33290,8364,1,34452,5684,96,33288,0,0,33311,13894,0,33302,7439,34;
1701351867753;4020325,44904,1,4674,344,283,32408,0,0,34534,8366,3,33310,8820,4,32240,0,0,132037,0,0,33290,8364,1,34452,5683,96,33288,0,0,33311,13900,0,33302,7437,34;
1701351867841;4020425,44904,1,4684,354,265,32408,0,0,34534,8364,3,33310,8815,4,32240,0,0,132037,0,0,33290,8363,1,34452,5683,94,33288,0,0,33311,13914,0,33302,7437,33;
1701351867954;4020526,44904,1,4760,421,139,32408,0,0,34534,8363,3,33310,8782,4,32240,0,0,132037,0,0,33290,8360,1,34452,5683,93,33288,0,0,33311,13933,0,33302,7438,34;
1701351868041;4020621,44904,1,4667,343,292,32408,0,0,34534,8364,3,33310,8820,4,32240,0,0,132037,0,0,33290,8361,2,34452,5683,92,33288,0,0,33311,13997,0,33302,7438,34;
1701351868154;4020723,44904,1,4669,344,289,32408,0,0,34534,8397,4,33310,8820,4,32240,0,0,132037,0,0,33290,8362,2,34452,5683,91,33288,0,0,33311,13984,0,33302,7439,34;
1701351868240;4020825,44904,1,4660,342,299,32408,0,0,34534,8361,3,33310,8821,4,32240,0,0,132037,0,0,33290,8359,2,34452,5684,91,33288,0,0,33311,13949,0,33302,7438,33;
1701351868355;4020925,44904,1,4672,347,283,32408,0,0,34534,8396,3,33310,8818,4,32240,0,0,132037,0,0,33290,8361,2,34452,5683,92,33288,0,0,33311,13930,0,33302,7438,34;
1701351868443;4021019,44904,1,4675,349,279,32408,0,0,34534,8366,3,33310,8817,4,32240,0,0,132037,0,0,33290,8361,1,34452,5683,91,33288,0,0,33311,13919,0,33302,7438,34;
1701351868555;4021124,44904,1,4662,338,302,32408,0,0,34534,8365,3,33310,8822,4,32240,0,0,132037,0,0,33290,8361,2,34452,5682,90,33288,0,0,33311,13924,0,33302,7438,34;
1701351868641;4021223,44904,1,4667,350,286,32408,0,0,34534,8394,4,33310,8816,4,32240,0,0,132037,0,0,33290,8357,2,34452,5683,88,33288,0,0,33311,13912,0,33302,7437,34;
1701351868754;4021324,44904,1,4743,354,205,32408,0,0,34534,8396,4,33310,8818,5,32240,0,0,132037,0,0,33290,8390,2,34452,5681,87,33288,0,0,33311,13914,0,33302,7439,34;
1701351868840;4021420,44904,1,4745,358,196,32408,0,0,34534,8399,4,33310,8817,5,32240,0,0,132037,0,0,33290,8390,3,34452,5683,89,33288,0,0,33311,13910,0,33302,7439,33;
1701351868936;4021519,44904,1,4667,349,288,32408,0,0,34534,8397,4,33310,8817,5,32240,0,0,132037,0,0,33290,8358,2,34452,5683,89,33288,0,0,33311,13915,0,33302,7438,33;
1701351869133;4021723,44904,1,4665,344,297,32408,0,0,34534,8396,4,33310,8818,4,32240,0,0,132037,0,0,33290,8358,2,34452,5681,87,33288,0,0,33311,13963,0,33302,7439,32;
1701351869259;4021825,44904,1,4667,345,294,32408,0,0,34534,8364,4,33310,8818,4,32240,0,0,132037,0,0,33290,8359,2,34452,5681,89,33288,0,0,33311,13974,0,33302,7438,32;
1701351869452;4022020,44904,1,4670,344,290,32408,0,0,34534,8362,4,33310,8819,4,32240,0,0,132037,0,0,33290,8361,2,34452,5682,93,33288,0,0,33311,13963,0,33302,7439,31;
1701351869551;4022124,44904,1,4758,417,144,32408,0,0,34534,8362,3,33310,8784,4,32240,0,0,132037,0,0,33290,8361,2,34452,5683,92,33288,0,0,33311,13950,0,33302,7437,31;
1701351869752;4022324,44904,1,4672,344,290,32408,0,0,34534,8396,3,33310,8818,4,32240,0,0,132037,0,0,33290,8361,2,34452,5680,89,33288,0,0,33311,13927,0,33302,7437,30;
1701351869839;4022420,44904,1,4760,415,146,32408,0,0,34534,8399,3,33310,8784,4,32240,0,0,132037,0,0,33290,8362,2,34452,5681,88,33288,0,0,33311,13929,0,33302,7438,30;
1701351869954;4022523,44904,1,4665,340,298,32408,0,0,34534,8364,3,33310,8821,4,32240,0,0,132037,0,0,33290,8361,2,34452,5682,90,33288,0,0,33311,13922,0,33302,7440,30;
1701351870038;4022623,44904,1,4670,345,291,32408,0,0,34534,8363,3,33310,8818,4,32240,0,0,132037,0,0,33290,8360,2,34452,5681,90,33288,0,0,33311,13922,0,33302,7439,30;
1701351870153;4022725,44904,1,4667,346,291,32408,0,0,34534,8395,4,33310,8818,4,32240,0,0,132037,0,0,33290,8359,2,34452,5682,90,33288,0,0,33311,13921,0,33302,7438,30;
1701351870240;4022821,44904,1,4753,412,154,32408,0,0,34534,8395,4,33310,8786,4,32240,0,0,132037,0,0,33290,8361,2,34452,5682,91,33288,0,0,33311,13917,0,33302,7438,30;
1701351870344;4022923,44904,1,4750,411,157,32408,0,0,34534,8362,3,33310,8786,4,32240,0,0,132037,0,0,33290,8360,2,34452,5682,88,33288,0,0,33311,13932,0,33302,7439,30;
1701351870454;4023024,44904,1,4672,345,288,32408,0,0,34534,8362,3,33310,8818,3,32240,0,0,132037,0,0,33290,8361,2,34452,5681,87,33288,0,0,33311,13929,0,33302,7438,31;
1701351870554;4023124,44904,1,4755,410,153,32408,0,0,34534,8364,3,33310,8787,4,32240,0,0,132037,0,0,33290,8363,1,34452,5682,86,33288,0,0,33311,13937,0,33302,7439,31;
1701351870639;4023220,44904,1,4765,418,136,32408,0,0,34534,8365,3,33310,8784,4,32240,0,0,132037,0,0,33290,8364,1,34452,5683,86,33288,0,0,33311,13939,0,33302,7437,31;
1701351870754;4023323,44904,1,4672,345,287,32408,0,0,34534,8367,3,33310,8819,4,32240,0,0,132037,0,0,33290,8362,1,34452,5682,89,33288,0,0,33311,13926,0,33302,7439,31;
1701351870840;4023426,44904,1,4684,352,266,32408,0,0,34534,8366,3,33310,8816,5,32240,0,0,132037,0,0,33290,8364,1,34452,5683,91,33288,0,0,33311,13937,0,33302,7438,31;
1701351870942;4023525,44904,1,4677,347,280,32408,0,0,34534,8364,3,33310,8818,5,32240,0,0,132037,0,0,33290,8363,1,34452,5682,91,33288,0,0,33311,13923,0,33302,7439,31;
1701351871040;4023619,44904,1,4677,348,281,32408,0,0,34534,8366,3,33310,8817,4,32240,0,0,132037,0,0,33290,8362,1,34452,5681,91,33288,0,0,33311,13920,0,33302,7439,31;
1701351871154;4023722,44904,1,4675,345,284,32408,0,0,34534,8364,3,33310,8819,4,32240,0,0,132037,0,0,33290,8363,1,34452,5682,90,33288,0,0,33311,13931,0,33302,7438,31;
1701351871238;4023819,44904,1,4682,349,273,32408,0,0,34534,8366,3,33310,8817,4,32240,0,0,132037,0,0,33290,8364,1,34452,5682,89,33288,0,0,33311,13913,0,33302,7440,31;
