1701351753670;3906236,44904,1,4219,292,344,32408,0,0,34534,8394,1,33310,9016,6,32240,0,0,132037,0,0,33290,8394,2,34452,5987,66,33288,0,0,33311,13732,1,33302,7064,42;
1701351753968;3906532,44904,1,4222,296,339,32408,0,0,34534,8393,1,33310,9013,6,32240,0,0,132037,0,0,33290,8392,1,34452,5986,66,33288,0,0,33311,13727,1,33302,7065,42;
1701351754172;3906733,44904,1,4212,289,355,32408,0,0,34534,8393,1,33310,9017,6,32240,0,0,132037,0,0,33290,8392,1,34452,5987,66,33288,0,0,33311,13733,1,33302,7065,42;
1701351754376;3906932,44904,1,4215,293,350,32408,0,0,34534,8392,1,33310,9014,6,32240,0,0,132037,0,0,33290,8390,2,34452,5986,66,33288,0,0,33311,13726,1,33302,7064,41;
1701351754471;3907036,44904,1,4217,291,347,32408,0,0,34534,8393,1,33310,9016,6,32240,0,0,132037,0,0,33290,8393,2,34452,5987,67,33288,0,0,33311,13728,1,33302,7065,41;
1701351754677;3907237,44904,1,4222,293,342,32408,0,0,34534,8393,1,33310,9015,6,32240,0,0,132037,0,0,33290,8394,1,34452,5986,66,33288,0,0,33311,13725,1,33302,7065,42;
1701351754776;3907333,44904,1,4217,291,347,32408,0,0,34534,8393,1,33310,9016,6,32240,0,0,132037,0,0,33290,8393,2,34452,5987,67,33288,0,0,33311,13729,1,33302,7063,42;
1701351754877;3907433,44904,1,4225,293,339,32408,0,0,34534,8391,1,33310,9014,6,32240,0,0,132037,0,0,33290,8394,2,34452,5985,67,33288,0,0,33311,13726,1,33302,7064,43;
1701351754974;3907535,44904,1,4225,299,332,32408,0,0,34534,8394,2,33310,9012,6,32240,0,0,132037,0,0,33290,8392,2,34452,5987,68,33288,0,0,33311,13729,1,33302,7064,44;
1701351755190;3907737,44904,1,4222,291,343,32408,0,0,34534,8396,1,33310,9016,6,32240,0,0,132037,0,0,33290,8395,2,34452,5986,68,33288,0,0,33311,13720,1,33302,7063,44;
1701351755278;3907832,44904,1,4220,294,344,32408,0,0,34534,8395,1,33310,9014,6,32240,0,0,132037,0,0,33290,8392,2,34452,5986,68,33288,0,0,33311,13724,1,33302,7064,43;
1701351755470;3908035,44904,1,4225,295,337,32408,0,0,34534,8393,1,33310,9014,6,32240,0,0,132037,0,0,33290,8394,2,34452,5986,68,33288,0,0,33311,13727,1,33302,7063,43;
1701351755575;3908136,44904,1,4220,295,345,32408,0,0,34534,8395,1,33310,9013,6,32240,0,0,132037,0,0,33290,8391,2,34452,5985,66,33288,0,0,33311,13724,1,33302,7063,43;
1701351755769;3908335,44904,1,4227,298,330,32408,0,0,34534,8395,1,33310,9013,6,32240,0,0,132037,0,0,33290,8394,1,34452,5987,66,33288,0,0,33311,13726,1,33302,7062,42;
1701351756173;3908735,44904,1,4220,290,347,32408,0,0,34534,8395,1,33310,9016,6,32240,0,0,132037,0,0,33290,8394,1,34452,5986,65,33288,0,0,33311,13729,1,33302,7063,41;
1701351756273;3908835,44904,1,4227,295,334,32408,0,0,34534,8396,1,33310,9014,6,32240,0,0,132037,0,0,33290,8395,1,34452,5986,63,33288,0,0,33311,13733,1,33302,7064,41;
1701351756393;3908936,44904,1,4227,297,333,32408,0,0,34534,8395,1,33310,9012,6,32240,0,0,132037,0,0,33290,8393,1,34452,5985,64,33288,0,0,33311,13732,1,33302,7064,41;
1701351756474;3909033,44904,1,4229,298,326,32408,0,0,34534,8396,1,33310,9014,6,32240,0,0,132037,0,0,33290,8396,1,34452,5988,65,33288,0,0,33311,13735,1,33302,7064,42;
1701351756578;3909134,44904,1,4214,289,352,32408,0,0,34534,8393,1,33310,9017,6,32240,0,0,132037,0,0,33290,8393,1,34452,5987,66,33288,0,0,33311,13732,1,33302,7064,42;
1701351756672;3909235,44904,1,4215,288,355,32408,0,0,34534,8396,1,33310,9017,6,32240,0,0,132037,0,0,33290,8393,1,34452,5986,66,33288,0,0,33311,13730,1,33302,7065,41;
1701351756868;3909434,44904,1,4224,293,338,32408,0,0,34534,8395,1,33310,9015,6,32240,0,0,132037,0,0,33290,8395,1,34452,5986,67,33288,0,0,33311,13733,1,33302,7064,41;
1701351756974;3909535,44904,1,4222,293,342,32408,0,0,34534,8396,1,33310,9015,6,32240,0,0,132037,0,0,33290,8394,1,34452,5986,67,33288,0,0,33311,13729,1,33302,7064,41;
1701351757074;3909638,44904,1,4215,290,353,32408,0,0,34534,8398,1,33310,9016,6,32240,0,0,132037,0,0,33290,8392,1,34452,5986,68,33288,0,0,33311,13733,1,33302,7062,40;
1701351757164;3909732,44904,1,4217,287,353,32408,0,0,34534,8397,1,33310,9018,6,32240,0,0,132037,0,0,33290,8395,1,34452,5986,69,33288,0,0,33311,13731,1,33302,7064,40;
1701351757274;3909834,44904,1,4230,298,330,32408,0,0,34534,8395,1,33310,9012,6,32240,0,0,132037,0,0,33290,8394,1,34452,5985,69,33288,0,0,33311,13732,1,33302,7065,41;
1701351757375;3909935,44904,1,4217,289,352,32408,0,0,34534,8396,1,33310,9016,6,32240,0,0,132037,0,0,33290,8393,1,34452,5985,67,33288,0,0,33311,13735,1,33302,7064,41;
1701351757474;3910038,44904,1,4217,290,350,32408,0,0,34534,8394,1,33310,9016,6,32240,0,0,132037,0,0,33290,8393,1,34452,5986,67,33288,0,0,33311,13734,1,33302,7064,41;
1701351757668;3910233,44904,1,4219,290,346,32408,0,0,34534,8396,1,33310,9017,6,32240,0,0,132037,0,0,33290,8395,1,34452,5987,67,33288,0,0,33311,13728,1,33302,7065,41;
1701351757867;3910436,44904,1,4224,291,340,32408,0,0,34534,8397,1,33310,9016,6,32240,0,0,132037,0,0,33290,8396,1,34452,5986,66,33288,0,0,33311,13728,1,33302,7064,41;
1701351758163;3910735,44904,1,4222,293,342,32408,0,0,34534,8395,1,33310,9015,6,32240,0,0,132037,0,0,33290,8394,1,34452,5986,66,33288,0,0,33311,13725,1,33302,7064,42;
1701351758289;3910835,44904,1,4225,296,335,32408,0,0,34534,8395,1,33310,9014,6,32240,0,0,132037,0,0,33290,8394,1,34452,5987,66,33288,0,0,33311,13725,1,33302,7064,42;
1701351758565;3911134,44904,1,4220,294,344,32408,0,0,34534,8397,1,33310,9014,6,32240,0,0,132037,0,0,33290,8392,1,34452,5986,67,33288,0,0,33311,13727,1,33302,7064,42;
1701351758766;3911336,44904,1,4219,292,344,32408,0,0,34534,8394,1,33310,9016,6,32240,0,0,132037,0,0,33290,8394,2,34452,5987,66,33288,0,0,33311,13725,1,33302,7064,43;
1701351758874;3911433,44904,1,4210,285,365,32408,0,0,34534,8393,1,33310,9018,6,32240,0,0,132037,0,0,33290,8392,1,34452,5985,66,33288,0,0,33311,13728,1,33302,7065,43;
1701351759131;3911635,44904,1,4220,292,345,32408,0,0,34534,8396,1,33310,9015,6,32240,0,0,132037,0,0,33290,8393,1,34452,5986,67,33288,0,0,33311,13732,1,33302,7065,43;
1701351759270;3911837,44904,1,4222,292,341,32408,0,0,34534,8393,1,33310,9016,6,32240,0,0,132037,0,0,33290,8395,1,34452,5987,68,33288,0,0,33311,13733,1,33302,7064,43;
1701351759562;3912135,44904,1,4225,295,337,32408,0,0,34534,8395,1,33310,9014,6,32240,0,0,132037,0,0,33290,8394,1,34452,5986,65,33288,0,0,33311,13733,1,33302,7065,44;
1701351759673;3912236,44904,1,4224,293,338,32408,0,0,34534,8395,1,33310,9015,6,32240,0,0,132037,0,0,33290,8395,1,34452,5986,66,33288,0,0,33311,13737,1,33302,7064,45;
1701351759791;3912336,44904,1,4227,293,339,32408,0,0,34534,8394,1,33310,9014,6,32240,0,0,132037,0,0,33290,8395,1,34452,5984,62,33288,0,0,33311,13735,1,33302,7063,44;
1701351759868;3912431,44904,1,4232,300,322,32408,0,0,34534,8393,1,33310,9012,6,32240,0,0,132037,0,0,33290,8395,1,34452,5987,66,33288,0,0,33311,13735,1,33302,7064,44;
1701351759976;3912536,44904,1,4232,298,323,32408,0,0,34534,8393,1,33310,9013,6,32240,0,0,132037,0,0,33290,8396,1,34452,5987,69,33288,0,0,33311,13733,1,33302,7064,44;
1701351760071;3912635,44904,1,4229,296,328,32408,0,0,34534,8395,1,33310,9014,6,32240,0,0,132037,0,0,33290,8396,1,34452,5987,69,33288,0,0,33311,13735,1,33302,7063,44;
1701351760188;3912736,44904,1,4232,296,327,32408,0,0,34534,8395,1,33310,9014,6,32240,0,0,132037,0,0,33290,8397,1,34452,5986,68,33288,0,0,33311,13736,1,33302,7064,43;
1701351760274;3912832,44904,1,4224,291,340,32408,0,0,34534,8395,1,33310,9016,6,32240,0,0,132037,0,0,33290,8396,1,34452,5986,68,33288,0,0,33311,13731,1,33302,7064,42;
1701351760580;3913136,44904,1,4222,287,346,32408,0,0,34534,8395,1,33310,9018,6,32240,0,0,132037,0,0,33290,8397,1,34452,5986,68,33288,0,0,33311,13725,1,33302,7064,41;
1701351760774;3913333,44904,1,4227,292,338,32408,0,0,34534,8395,1,33310,9015,6,32240,0,0,132037,0,0,33290,8396,1,34452,5985,68,33288,0,0,33311,13726,1,33302,7064,41;
1701351760975;3913535,44904,1,4230,297,329,32408,0,0,34534,8395,1,33310,9013,6,32240,0,0,132037,0,0,33290,8395,1,34452,5986,68,33288,0,0,33311,13726,1,33302,7064,42;
1701351761175;3913731,44904,1,4229,292,334,32408,0,0,34534,8396,1,33310,9015,6,32240,0,0,132037,0,0,33290,8397,1,34452,5985,68,33288,0,0,33311,13726,1,33302,7064,43;
1701351761376;3913934,44904,1,4234,301,319,32408,0,0,34534,8393,1,33310,9012,6,32240,0,0,132037,0,0,33290,8396,1,34452,5987,68,33288,0,0,33311,13732,1,33302,7064,43;
1701351761674;3914233,44904,1,4230,297,329,32408,0,0,34534,8393,1,33310,9013,6,32240,0,0,132037,0,0,33290,8395,1,34452,5986,68,33288,0,0,33311,13734,1,33302,7065,43;
1701351761869;3914436,44904,1,4229,295,331,32408,0,0,34534,8394,1,33310,9014,6,32240,0,0,132037,0,0,33290,8396,1,34452,5986,70,33288,0,0,33311,13735,1,33302,7065,42;
1701351762083;3914634,44904,1,4235,301,320,32408,0,0,34534,8393,1,33310,9011,6,32240,0,0,132037,0,0,33290,8395,1,34452,5986,69,33288,0,0,33311,13734,1,33302,7064,41;
1701351762175;3914735,44904,1,4219,292,344,32408,0,0,34534,8393,1,33310,9016,6,32240,0,0,132037,0,0,33290,8394,1,34452,5987,69,33288,0,0,33311,13736,1,33302,7066,42;
1701351762272;3914835,44904,1,4219,287,349,32408,0,0,34534,8396,1,33310,9018,6,32240,0,0,132037,0,0,33290,8396,1,34452,5986,68,33288,0,0,33311,13735,1,33302,7065,41;
1701351762468;3915034,44904,1,4229,295,331,32408,0,0,34534,8396,1,33310,9014,6,32240,0,0,132037,0,0,33290,8396,1,34452,5986,68,33288,0,0,33311,13742,1,33302,7065,41;
1701351762573;3915135,44904,1,4227,294,333,32408,0,0,34534,8393,1,33310,9015,6,32240,0,0,132037,0,0,33290,8396,1,34452,5987,66,33288,0,0,33311,13740,1,33302,7065,41;
1701351762773;3915331,44904,1,4212,284,361,32408,0,0,34534,8396,1,33310,9019,6,32240,0,0,132037,0,0,33290,8394,1,34452,5986,68,33288,0,0,33311,13740,1,33302,7065,42;
1701351762871;3915437,44904,1,4224,292,338,32408,0,0,34534,8394,1,33310,9016,6,32240,0,0,132037,0,0,33290,8396,1,34452,5987,68,33288,0,0,33311,13737,1,33302,7064,42;
1701351763073;3915636,44904,1,4224,293,338,32408,0,0,34534,8396,1,33310,9015,6,32240,0,0,132037,0,0,33290,8395,1,34452,5986,68,33288,0,0,33311,13736,0,33302,7065,42;
1701351763269;3915834,44904,1,4220,292,345,32408,0,0,34534,8395,1,33310,9015,5,32240,0,0,132037,0,0,33290,8393,1,34452,5986,67,33288,0,0,33311,13746,0,33302,7065,41;
1701351763369;3915934,44904,1,4212,287,357,32408,0,0,34534,8395,1,33310,9018,5,32240,0,0,132037,0,0,33290,8393,1,34452,5987,66,33288,0,0,33311,13750,1,33302,7065,41;
1701351763577;3916136,44904,1,4214,287,354,32408,0,0,34534,8393,1,33310,9018,6,32240,0,0,132037,0,0,33290,8394,1,34452,5987,69,33288,0,0,33311,13747,0,33302,7065,41;
1701351763765;3916333,44904,1,4214,286,356,32408,0,0,34534,8393,1,33310,9018,6,32240,0,0,132037,0,0,33290,8394,1,34452,5986,65,33288,0,0,33311,13743,0,33302,7064,42;
1701351763869;3916435,44904,1,4214,290,350,32408,0,0,34534,8395,1,33310,9017,6,32240,0,0,132037,0,0,33290,8393,1,34452,5988,67,33288,0,0,33311,13747,0,33302,7063,42;
1701351764066;3916630,44904,1,4232,298,322,32408,0,0,34534,8396,1,33310,9014,6,32240,0,0,132037,0,0,33290,8397,1,34452,5988,66,33288,0,0,33311,13748,1,33302,7063,43;
1701351764170;3916735,44904,1,4222,290,342,32408,0,0,34534,8396,1,33310,9017,6,32240,0,0,132037,0,0,33290,8396,1,34452,5987,65,33288,0,0,33311,13739,1,33302,7064,43;
1701351764271;3916834,44904,1,4224,294,336,32408,0,0,34534,8395,1,33310,9015,6,32240,0,0,132037,0,0,33290,8395,1,34452,5987,65,33288,0,0,33311,13741,1,33302,7064,43;
1701351764368;3916935,44904,1,4229,295,330,32408,0,0,34534,8397,1,33310,9015,6,32240,0,0,132037,0,0,33290,8397,1,34452,5987,65,33288,0,0,33311,13740,1,33302,7064,42;
1701351764565;3917135,44904,1,4220,289,349,32408,0,0,34534,8396,1,33310,9016,6,32240,0,0,132037,0,0,33290,8394,1,34452,5985,65,33288,0,0,33311,13741,1,33302,7063,43;
1701351764766;3917335,44904,1,4224,292,338,32408,0,0,34534,8395,1,33310,9016,6,32240,0,0,132037,0,0,33290,8396,1,34452,5987,67,33288,0,0,33311,13733,1,33302,7065,43;
1701351765066;3917634,44904,1,4219,292,344,32408,0,0,34534,8397,1,33310,9016,6,32240,0,0,132037,0,0,33290,8394,2,34452,5987,67,33288,0,0,33311,13742,1,33302,7064,43;
1701351765269;3917835,44904,1,4217,291,347,32408,0,0,34534,8394,1,33310,9016,6,32240,0,0,132037,0,0,33290,8393,2,34452,5987,67,33288,0,0,33311,13746,0,33302,7065,42;
1701351765372;3917931,44904,1,4217,288,350,32408,0,0,34534,8394,1,33310,9018,6,32240,0,0,132037,0,0,33290,8395,2,34452,5987,68,33288,0,0,33311,13745,1,33302,7066,42;
1701351765475;3918034,44904,1,4222,293,342,32408,0,0,34534,8393,2,33310,9015,6,32240,0,0,132037,0,0,33290,8394,2,34452,5986,67,33288,0,0,33311,13745,0,33302,7065,42;
1701351765861;3918433,44904,1,4227,298,330,32408,0,0,34534,8397,1,33310,9013,6,32240,0,0,132037,0,0,33290,8394,1,34452,5987,68,33288,0,0,33311,13741,1,33302,7064,41;
1701351766164;3918736,44904,1,4222,293,338,32408,0,0,34534,8396,1,33310,9016,6,32240,0,0,132037,0,0,33290,8395,2,34452,5988,66,33288,0,0,33311,13736,1,33302,7064,41;
1701351766576;3919135,44904,1,4217,290,349,32408,0,0,34534,8395,1,33310,9017,6,32240,0,0,132037,0,0,33290,8394,2,34452,5987,68,33288,0,0,33311,13736,1,33302,7066,43;
1701351766670;3919236,44904,1,4224,294,336,32408,0,0,34534,8395,1,33310,9015,6,32240,0,0,132037,0,0,33290,8395,2,34452,5987,68,33288,0,0,33311,13728,1,33302,7065,43;
1701351766771;3919331,44904,1,4214,289,352,32408,0,0,34534,8395,1,33310,9017,6,32240,0,0,132037,0,0,33290,8393,2,34452,5987,68,33288,0,0,33311,13731,1,33302,7064,43;
1701351766964;3919535,44904,1,4225,298,333,32408,0,0,34534,8395,1,33310,9013,6,32240,0,0,132037,0,0,33290,8393,2,34452,5987,68,33288,0,0,33311,13731,1,33302,7064,42;
1701351767074;3919634,44904,1,4219,292,344,32408,0,0,34534,8392,1,33310,9016,6,32240,0,0,132037,0,0,33290,8394,2,34452,5987,68,33288,0,0,33311,13728,1,33302,7065,41;
1701351767264;3919833,44904,1,4220,290,347,32408,0,0,34534,8396,1,33310,9016,6,32240,0,0,132037,0,0,33290,8394,2,34452,5986,68,33288,0,0,33311,13728,1,33302,7066,42;
1701351767367;3919933,44904,1,4227,298,330,32408,0,0,34534,8395,1,33310,9013,6,32240,0,0,132037,0,0,33290,8394,2,34452,5987,67,33288,0,0,33311,13729,1,33302,7065,42;
1701351767469;3920033,44904,1,4227,296,331,32408,0,0,34534,8397,1,33310,9014,6,32240,0,0,132037,0,0,33290,8395,2,34452,5987,68,33288,0,0,33311,13730,1,33302,7066,42;
1701351767571;3920131,44904,1,4214,289,352,32408,0,0,34534,8398,1,33310,9017,6,32240,0,0,132037,0,0,33290,8393,2,34452,5987,69,33288,0,0,33311,13726,1,33302,7065,43;
1701351767872;3920436,44904,1,4224,294,336,32408,0,0,34534,8398,1,33310,9015,6,32240,0,0,132037,0,0,33290,8395,2,34452,5987,68,33288,0,0,33311,13733,1,33302,7064,42;
1701351767970;3920531,44904,1,4214,289,352,32408,0,0,34534,8398,1,33310,9017,6,32240,0,0,132037,0,0,33290,8393,2,34452,5987,68,33288,0,0,33311,13733,1,33302,7066,43;
1701351768070;3920633,44904,1,4220,293,343,32408,0,0,34534,8398,1,33310,9015,6,32240,0,0,132037,0,0,33290,8393,2,34452,5987,68,33288,0,0,33311,13732,1,33302,7066,43;
1701351768170;3920734,44904,1,4222,290,342,32408,0,0,34534,8396,1,33310,9017,6,32240,0,0,132037,0,0,33290,8396,1,34452,5987,69,33288,0,0,33311,13734,1,33302,7067,43;
1701351768272;3920835,44904,1,4220,293,343,32408,0,0,34534,8396,1,33310,9015,6,32240,0,0,132037,0,0,33290,8393,2,34452,5987,70,33288,0,0,33311,13737,1,33302,7064,42;
1701351768467;3921033,44904,1,4219,293,342,32408,0,0,34534,8396,1,33310,9016,6,32240,0,0,132037,0,0,33290,8394,2,34452,5988,70,33288,0,0,33311,13733,1,33302,7065,43;
1701351768569;3921134,44904,1,4222,295,337,32408,0,0,34534,8397,1,33310,9015,6,32240,0,0,132037,0,0,33290,8394,2,34452,5988,68,33288,0,0,33311,13735,1,33302,7066,43;
1701351768669;3921235,44904,1,4222,292,341,32408,0,0,34534,8397,1,33310,9016,6,32240,0,0,132037,0,0,33290,8395,2,34452,5987,69,33288,0,0,33311,13742,1,33302,7066,43;
1701351768784;3921330,44904,1,4227,298,330,32408,0,0,34534,8397,1,33310,9013,6,32240,0,0,132037,0,0,33290,8394,2,34452,5987,69,33288,0,0,33311,13740,1,33302,7065,43;
1701351768873;3921432,44904,1,4220,296,339,32408,0,0,34534,8399,1,33310,9014,6,32240,0,0,132037,0,0,33290,8392,2,34452,5988,70,33288,0,0,33311,13737,1,33302,7064,43;
1701351768969;3921534,44904,1,4225,298,333,32408,0,0,34534,8399,1,33310,9013,6,32240,0,0,132037,0,0,33290,8393,1,34452,5987,68,33288,0,0,33311,13733,1,33302,7064,43;
1701351769068;3921635,44904,1,4227,295,334,32408,0,0,34534,8398,1,33310,9014,6,32240,0,0,132037,0,0,33290,8395,1,34452,5986,68,33288,0,0,33311,13732,1,33302,7066,42;
1701351769168;3921730,44904,1,4215,293,349,32408,0,0,34534,8399,1,33310,9015,6,32240,0,0,132037,0,0,33290,8391,1,34452,5987,69,33288,0,0,33311,13733,1,33302,7065,43;
1701351769268;3921833,44904,1,4229,298,326,32408,0,0,34534,8398,1,33310,9014,6,32240,0,0,132037,0,0,33290,8396,1,34452,5988,68,33288,0,0,33311,13731,1,33302,7064,42;
1701351769369;3921934,44904,1,4222,292,341,32408,0,0,34534,8399,1,33310,9016,6,32240,0,0,132037,0,0,33290,8395,1,34452,5987,68,33288,0,0,33311,13731,1,33302,7065,43;
1701351769474;3922034,44904,1,4224,292,338,32408,0,0,34534,8401,1,33310,9016,6,32240,0,0,132037,0,0,33290,8396,1,34452,5987,69,33288,0,0,33311,13736,1,33302,7065,43;
1701351769574;3922130,44904,1,4224,295,334,32408,0,0,34534,8398,1,33310,9015,6,32240,0,0,132037,0,0,33290,8395,1,34452,5988,70,33288,0,0,33311,13736,1,33302,7064,42;
1701351769668;3922237,44904,1,4224,292,338,32408,0,0,34534,8399,1,33310,9016,6,32240,0,0,132037,0,0,33290,8396,1,34452,5987,70,33288,0,0,33311,13739,1,33302,7066,42;
1701351769770;3922335,44904,1,4219,294,339,32408,0,0,34534,8400,1,33310,9016,6,32240,0,0,132037,0,0,33290,8394,1,34452,5989,70,33288,0,0,33311,13740,1,33302,7064,42;
1701351769865;3922435,44904,1,4220,290,347,32408,0,0,34534,8401,1,33310,9016,6,32240,0,0,132037,0,0,33290,8394,1,34452,5986,69,33288,0,0,33311,13738,1,33302,7064,42;
1701351769967;3922530,44904,1,4219,292,344,32408,0,0,34534,8398,1,33310,9016,6,32240,0,0,132037,0,0,33290,8394,1,34452,5987,68,33288,0,0,33311,13736,1,33302,7065,41;
1701351770163;3922735,44904,1,4219,292,344,32408,0,0,34534,8398,1,33310,9016,6,32240,0,0,132037,0,0,33290,8394,1,34452,5987,68,33288,0,0,33311,13741,1,33302,7064,42;
1701351770267;3922835,44904,1,4224,293,335,32408,0,0,34534,8400,1,33310,9016,6,32240,0,0,132037,0,0,33290,8396,1,34452,5988,68,33288,0,0,33311,13740,1,33302,7064,42;
1701351770462;3923034,44904,1,4229,293,331,32408,0,0,34534,8399,1,33310,9016,6,32240,0,0,132037,0,0,33290,8398,1,34452,5987,68,33288,0,0,33311,13754,0,33302,7067,41;
1701351770567;3923135,44904,1,4224,294,336,32408,0,0,34534,8400,1,33310,9015,6,32240,0,0,132037,0,0,33290,8395,1,34452,5987,69,33288,0,0,33311,13743,0,33302,7064,42;
1701351770670;3923235,44904,1,4237,299,317,32408,0,0,34534,8401,1,33310,9013,6,32240,0,0,132037,0,0,33290,8398,1,34452,5987,68,33288,0,0,33311,13745,0,33302,7064,42;
1701351770770;3923336,44904,1,4224,292,338,32408,0,0,34534,8400,1,33310,9016,6,32240,0,0,132037,0,0,33290,8396,1,34452,5987,67,33288,0,0,33311,13745,0,33302,7064,42;
1701351770866;3923431,44904,1,4219,288,347,32408,0,0,34534,8400,1,33310,9018,6,32240,0,0,132037,0,0,33290,8396,1,34452,5987,67,33288,0,0,33311,13745,0,33302,7064,41;
1701351770968;3923534,44904,1,4230,297,329,32408,0,0,34534,8400,1,33310,9013,6,32240,0,0,132037,0,0,33290,8395,1,34452,5986,67,33288,0,0,33311,13747,0,33302,7065,42;
1701351771067;3923635,44904,1,4229,299,324,32408,0,0,34534,8400,1,33310,9013,7,32240,0,0,132037,0,0,33290,8395,1,34452,5988,67,33288,0,0,33311,13743,0,33302,7065,42;
1701351771374;3923933,44904,1,4222,294,340,32408,0,0,34534,8400,1,33310,9014,7,32240,0,0,132037,0,0,33290,8393,2,34452,5986,66,33288,0,0,33311,13738,0,33302,7066,41;
1701351771471;3924035,44904,1,4217,294,343,32408,0,0,34534,8400,1,33310,9015,6,32240,0,0,132037,0,0,33290,8392,2,34452,5988,67,33288,0,0,33311,13738,1,33302,7065,41;
1701351771563;3924135,44904,1,4222,294,336,32408,0,0,34534,8397,1,33310,9016,6,32240,0,0,132037,0,0,33290,8395,2,34452,5989,67,33288,0,0,33311,13734,1,33302,7065,40;
1701351771665;3924236,44904,1,4227,296,331,32408,0,0,34534,8399,1,33310,9014,6,32240,0,0,132037,0,0,33290,8395,2,34452,5987,65,33288,0,0,33311,13738,1,33302,7066,39;
1701351771768;3924330,44904,1,4214,289,351,32408,0,0,34534,8399,1,33310,9018,6,32240,0,0,132037,0,0,33290,8394,2,34452,5988,66,33288,0,0,33311,13736,1,33302,7066,40;
1701351771867;3924432,44904,1,4219,294,339,32408,0,0,34534,8399,1,33310,9016,6,32240,0,0,132037,0,0,33290,8394,1,34452,5989,67,33288,0,0,33311,13740,1,33302,7065,40;
1701351771965;3924534,44904,1,4225,298,333,32408,0,0,34534,8397,1,33310,9013,6,32240,0,0,132037,0,0,33290,8393,2,34452,5987,67,33288,0,0,33311,13737,1,33302,7066,40;
1701351772067;3924636,44904,1,4217,289,348,32408,0,0,34534,8397,1,33310,9018,6,32240,0,0,132037,0,0,33290,8395,1,34452,5988,67,33288,0,0,33311,13738,1,33302,7065,40;
1701351772172;3924730,44904,1,4219,293,342,32408,0,0,34534,8396,1,33310,9016,6,32240,0,0,132037,0,0,33290,8394,2,34452,5988,67,33288,0,0,33311,13741,1,33302,7065,40;
1701351772271;3924832,44904,1,4222,294,340,32408,0,0,34534,8398,1,33310,9014,6,32240,0,0,132037,0,0,33290,8393,2,34452,5986,64,33288,0,0,33311,13737,1,33302,7065,39;
1701351772368;3924935,44904,1,4219,294,339,32408,0,0,34534,8398,1,33310,9016,6,32240,0,0,132037,0,0,33290,8394,2,34452,5989,64,33288,0,0,33311,13741,1,33302,7066,40;
1701351772562;3925129,44904,1,4219,292,344,32408,0,0,34534,8396,1,33310,9016,6,32240,0,0,132037,0,0,33290,8394,2,34452,5987,67,33288,0,0,33311,13737,1,33302,7064,40;
1701351772878;3925435,44904,1,4222,296,334,32408,0,0,34534,8398,1,33310,9015,6,32240,0,0,132037,0,0,33290,8394,1,34452,5989,69,33288,0,0,33311,13733,1,33302,7066,41;
1701351772967;3925530,44904,1,4214,290,350,32408,0,0,34534,8395,1,33310,9017,6,32240,0,0,132037,0,0,33290,8393,2,34452,5988,68,33288,0,0,33311,13736,1,33302,7066,41;
1701351773263;3925834,44904,1,4224,293,335,32408,0,0,34534,8398,1,33310,9016,6,32240,0,0,132037,0,0,33290,8396,1,34452,5988,69,33288,0,0,33311,13738,1,33302,7066,40;
1701351773460;3926033,44904,1,4224,295,334,32408,0,0,34534,8397,1,33310,9015,6,32240,0,0,132037,0,0,33290,8395,1,34452,5988,67,33288,0,0,33311,13745,1,33302,7065,40;
1701351773565;3926133,44904,1,4219,288,347,32408,0,0,34534,8398,1,33310,9018,6,32240,0,0,132037,0,0,33290,8396,1,34452,5987,67,33288,0,0,33311,13746,0,33302,7066,39;
1701351773667;3926235,44904,1,4229,298,327,32408,0,0,34534,8397,1,33310,9013,6,32240,0,0,132037,0,0,33290,8395,1,34452,5987,67,33288,0,0,33311,13753,0,33302,7066,40;
1701351773768;3926331,44904,1,4214,285,354,32408,0,0,34534,8395,1,33310,9020,6,32240,0,0,132037,0,0,33290,8396,1,34452,5988,67,33288,0,0,33311,13757,0,33302,7066,40;
1701351773871;3926433,44904,1,4224,295,333,32408,0,0,34534,8398,1,33310,9016,6,32240,0,0,132037,0,0,33290,8396,1,34452,5989,66,33288,0,0,33311,13767,0,33302,7066,40;
1701351773969;3926534,44904,1,4224,293,334,32408,0,0,34534,8395,1,33310,9017,6,32240,0,0,132037,0,0,33290,8397,1,34452,5989,66,33288,0,0,33311,13764,0,33302,7066,40;
1701351774160;3926729,44904,1,4232,298,323,32408,0,0,34534,8395,1,33310,9013,5,32240,0,0,132037,0,0,33290,8396,2,34452,5987,68,33288,0,0,33311,13750,0,33302,7066,40;
1701351774462;3927035,44904,1,4219,293,342,32408,0,0,34534,8395,1,33310,9016,6,32240,0,0,132037,0,0,33290,8394,2,34452,5988,68,33288,0,0,33311,13733,1,33302,7066,40;
1701351774565;3927130,44904,1,4224,297,332,32408,0,0,34534,8396,1,33310,9014,6,32240,0,0,132037,0,0,33290,8394,1,34452,5988,68,33288,0,0,33311,13728,1,33302,7067,40;
1701351774664;3927234,44904,1,4227,297,329,32408,0,0,34534,8396,1,33310,9014,6,32240,0,0,132037,0,0,33290,8395,2,34452,5988,69,33288,0,0,33311,13729,1,33302,7064,40;
1701351774860;3927429,44904,1,4227,297,328,32408,0,0,34534,8396,1,33310,9015,6,32240,0,0,132037,0,0,33290,8396,1,34452,5989,70,33288,0,0,33311,13738,1,33302,7065,39;
1701351774968;3927533,44904,1,4234,297,322,32408,0,0,34534,8397,1,33310,9014,6,32240,0,0,132037,0,0,33290,8398,1,34452,5987,68,33288,0,0,33311,13738,1,33302,7066,39;
1701351775160;3927734,44904,1,4219,292,344,32408,0,0,34534,8397,1,33310,9016,6,32240,0,0,132037,0,0,33290,8394,2,34452,5987,70,33288,0,0,33311,13734,1,33302,7064,40;
1701351775282;3927830,44904,1,4227,297,329,32408,0,0,34534,8397,1,33310,9014,6,32240,0,0,132037,0,0,33290,8395,2,34452,5988,70,33288,0,0,33311,13738,1,33302,7067,40;
1701351775370;3927933,44904,1,4222,296,334,32408,0,0,34534,8398,1,33310,9015,6,32240,0,0,132037,0,0,33290,8394,2,34452,5989,70,33288,0,0,33311,13737,1,33302,7066,40;
1701351775560;3928134,44904,1,4227,294,332,32408,0,0,34534,8399,1,33310,9016,6,32240,0,0,132037,0,0,33290,8397,2,34452,5988,71,33288,0,0,33311,13736,1,33302,7067,41;
1701351775665;3928235,44904,1,4227,297,328,32408,0,0,34534,8396,1,33310,9015,6,32240,0,0,132037,0,0,33290,8396,2,34452,5989,72,33288,0,0,33311,13737,1,33302,7066,41;
1701351775766;3928331,44904,1,4219,293,342,32408,0,0,34534,8396,1,33310,9016,6,32240,0,0,132037,0,0,33290,8394,1,34452,5988,70,33288,0,0,33311,13738,1,33302,7066,41;
1701351775965;3928535,44904,1,4219,293,342,32408,0,0,34534,8398,1,33310,9016,6,32240,0,0,132037,0,0,33290,8394,1,34452,5988,67,33288,0,0,33311,13740,1,33302,7066,41;
1701351776065;3928634,44904,1,4222,293,338,32408,0,0,34534,8398,1,33310,9016,6,32240,0,0,132037,0,0,33290,8395,1,34452,5988,67,33288,0,0,33311,13739,1,33302,7066,41;
1701351776165;3928730,44904,1,4229,298,326,32408,0,0,34534,8395,1,33310,9014,6,32240,0,0,132037,0,0,33290,8396,1,34452,5988,67,33288,0,0,33311,13737,1,33302,7067,41;
1701351776275;3928833,44904,1,4227,298,330,32408,0,0,34534,8396,1,33310,9013,6,32240,0,0,132037,0,0,33290,8394,2,34452,5987,67,33288,0,0,33311,13736,1,33302,7066,41;
1701351776372;3928934,44904,1,4222,293,338,32408,0,0,34534,8396,1,33310,9016,6,32240,0,0,132037,0,0,33290,8395,1,34452,5988,67,33288,0,0,33311,13742,1,33302,7066,42;
1701351776467;3929034,44904,1,4227,297,329,32408,0,0,34534,8396,1,33310,9014,6,32240,0,0,132037,0,0,33290,8395,2,34452,5988,67,33288,0,0,33311,13733,1,33302,7064,42;
1701351776566;3929135,44904,1,4229,299,324,32408,0,0,34534,8396,1,33310,9013,6,32240,0,0,132037,0,0,33290,8395,2,34452,5988,67,33288,0,0,33311,13741,1,33302,7066,42;
1701351776664;3929232,44904,1,4225,296,335,32408,0,0,34534,8397,1,33310,9014,6,32240,0,0,132037,0,0,33290,8394,2,34452,5987,68,33288,0,0,33311,13741,1,33302,7065,42;
1701351776766;3929333,44904,1,4222,294,336,32408,0,0,34534,8394,1,33310,9016,6,32240,0,0,132037,0,0,33290,8395,2,34452,5989,69,33288,0,0,33311,13741,1,33302,7066,41;
1701351776970;3929534,44904,1,4219,293,342,32408,0,0,34534,8396,1,33310,9016,6,32240,0,0,132037,0,0,33290,8394,2,34452,5988,68,33288,0,0,33311,13738,1,33302,7065,41;
1701351777071;3929631,44904,1,4222,293,338,32408,0,0,34534,8396,1,33310,9016,6,32240,0,0,132037,0,0,33290,8395,2,34452,5988,68,33288,0,0,33311,13740,1,33302,7066,42;
1701351777164;3929733,44904,1,4232,300,321,32408,0,0,34534,8396,1,33310,9013,6,32240,0,0,132037,0,0,33290,8396,1,34452,5988,67,33288,0,0,33311,13743,1,33302,7068,42;
1701351777265;3929833,44904,1,4224,297,332,32408,0,0,34534,8398,1,33310,9014,6,32240,0,0,132037,0,0,33290,8394,2,34452,5988,68,33288,0,0,33311,13736,1,33302,7067,42;
1701351777369;3929934,44904,1,4219,293,338,32408,0,0,34534,8397,1,33310,9017,6,32240,0,0,132037,0,0,33290,8395,1,34452,5990,68,33288,0,0,33311,13738,1,33302,7066,42;
1701351777476;3930034,44904,1,4224,293,335,32408,0,0,34534,8395,1,33310,9016,6,32240,0,0,132037,0,0,33290,8396,1,34452,5988,68,33288,0,0,33311,13733,1,33302,7066,42;
1701351777567;3930134,44904,1,4229,296,328,32408,0,0,34534,8395,1,33310,9014,6,32240,0,0,132037,0,0,33290,8396,1,34452,5987,68,33288,0,0,33311,13736,1,33302,7065,42;
1701351777668;3930232,44904,1,4219,292,344,32408,0,0,34534,8397,1,33310,9016,6,32240,0,0,132037,0,0,33290,8394,1,34452,5987,68,33288,0,0,33311,13730,1,33302,7065,42;
1701351777767;3930330,44904,1,4227,299,327,32408,0,0,34534,8398,1,33310,9013,6,32240,0,0,132037,0,0,33290,8394,1,34452,5988,69,33288,0,0,33311,13728,1,33302,7066,43;
1701351777868;3930431,44904,1,4232,301,318,32408,0,0,34534,8395,1,33310,9013,6,32240,0,0,132037,0,0,33290,8396,1,34452,5989,69,33288,0,0,33311,13732,1,33302,7065,44;
1701351777964;3930533,44904,1,4227,298,326,32408,0,0,34534,8398,1,33310,9014,6,32240,0,0,132037,0,0,33290,8395,1,34452,5989,68,33288,0,0,33311,13727,1,33302,7066,43;
1701351778070;3930635,44904,1,4222,294,336,32408,0,0,34534,8396,1,33310,9016,6,32240,0,0,132037,0,0,33290,8395,2,34452,5989,67,33288,0,0,33311,13725,1,33302,7067,44;
1701351778164;3930731,44904,1,4219,296,338,32408,0,0,34534,8397,1,33310,9015,6,32240,0,0,132037,0,0,33290,8393,2,34452,5989,66,33288,0,0,33311,13723,1,33302,7067,43;
1701351778263;3930832,44904,1,4234,302,316,32408,0,0,34534,8396,1,33310,9012,6,32240,0,0,132037,0,0,33290,8396,2,34452,5988,66,33288,0,0,33311,13724,1,33302,7066,43;
1701351778554;3931130,44904,1,4226,293,331,32408,0,0,34534,8399,1,33310,9017,6,32240,0,0,132037,0,0,33290,8398,1,34452,5989,67,33288,0,0,33311,13733,1,33302,7066,43;
1701351778679;3931232,44904,1,4227,297,328,32408,0,0,34534,8400,1,33310,9015,6,32240,0,0,132037,0,0,33290,8396,1,34452,5989,68,33288,0,0,33311,13735,1,33302,7066,43;
1701351778764;3931333,44904,1,4224,292,337,32408,0,0,34534,8401,1,33310,9017,6,32240,0,0,132037,0,0,33290,8397,1,34452,5988,69,33288,0,0,33311,13736,1,33302,7066,42;
1701351778865;3931434,44904,1,4237,302,313,32408,0,0,34534,8400,1,33310,9012,6,32240,0,0,132037,0,0,33290,8397,1,34452,5988,69,33288,0,0,33311,13734,1,33302,7067,42;
1701351779076;3931632,44904,1,4234,296,321,32408,0,0,34534,8400,1,33310,9015,6,32240,0,0,132037,0,0,33290,8399,1,34452,5988,68,33288,0,0,33311,13740,1,33302,7066,41;
1701351779264;3931834,44904,1,4229,298,326,32408,0,0,34534,8399,1,33310,9014,6,32240,0,0,132037,0,0,33290,8396,1,34452,5988,68,33288,0,0,33311,13737,1,33302,7066,40;
1701351779363;3931930,44904,1,4235,302,317,32408,0,0,34534,8397,1,33310,9011,6,32240,0,0,132037,0,0,33290,8395,1,34452,5987,67,33288,0,0,33311,13733,1,33302,7065,40;
1701351779574;3932134,44904,1,4222,292,341,32408,0,0,34534,8396,1,33310,9016,6,32240,0,0,132037,0,0,33290,8395,2,34452,5987,67,33288,0,0,33311,13732,1,33302,7066,41;
1701351779760;3932334,44904,1,4215,291,351,32408,0,0,34534,8395,1,33310,9016,6,32240,0,0,132037,0,0,33290,8392,2,34452,5987,67,33288,0,0,33311,13726,1,33302,7067,41;
1701351779959;3932534,44904,1,4222,296,334,32408,0,0,34534,8396,2,33310,9015,5,32240,0,0,132037,0,0,33290,8394,2,34452,5989,66,33288,0,0,33311,13736,1,33302,7068,40;
1701351780069;3932630,44904,1,4214,286,356,32408,0,0,34534,8396,1,33310,9018,5,32240,0,0,132037,0,0,33290,8394,2,34452,5986,67,33288,0,0,33311,13737,1,33302,7067,41;
1701351780263;3932833,44904,1,4229,299,324,32408,0,0,34534,8398,1,33310,9013,5,32240,0,0,132037,0,0,33290,8395,1,34452,5988,67,33288,0,0,33311,13734,1,33302,7066,41;
1701351780458;3933029,44904,1,4227,294,332,32408,0,0,34534,8399,1,33310,9016,5,32240,0,0,132037,0,0,33290,8397,1,34452,5988,66,33288,0,0,33311,13736,1,33302,7068,41;
1701351780578;3933132,44904,1,4232,295,326,32408,0,0,34534,8398,1,33310,9015,5,32240,0,0,132037,0,0,33290,8398,1,34452,5987,67,33288,0,0,33311,13736,1,33302,7067,41;
1701351780761;3933333,44904,1,4227,294,333,32408,0,0,34534,8393,1,33310,9015,5,32240,0,0,132037,0,0,33290,8396,1,34452,5987,65,33288,0,0,33311,13731,1,33302,7067,41;
1701351780879;3933434,44904,1,4227,294,333,32408,0,0,34534,8397,1,33310,9015,5,32240,0,0,132037,0,0,33290,8396,1,34452,5987,64,33288,0,0,33311,13731,1,33302,7067,41;
1701351780966;3933531,44904,1,4217,288,350,32408,0,0,34534,8395,1,33310,9018,5,32240,0,0,132037,0,0,33290,8395,1,34452,5987,64,33288,0,0,33311,13730,1,33302,7067,41;
1701351781063;3933629,44904,1,4222,295,337,32408,0,0,34534,8395,1,33310,9015,5,32240,0,0,132037,0,0,33290,8394,2,34452,5988,65,33288,0,0,33311,13733,1,33302,7068,40;
1701351781164;3933732,44904,1,4219,294,339,32408,0,0,34534,8396,1,33310,9016,6,32240,0,0,132037,0,0,33290,8394,2,34452,5989,67,33288,0,0,33311,13727,1,33302,7066,40;
1701351781266;3933834,44904,1,4224,297,332,32408,0,0,34534,8395,2,33310,9014,5,32240,0,0,132037,0,0,33290,8394,2,34452,5988,67,33288,0,0,33311,13728,1,33302,7066,40;
1701351781364;3933933,44904,1,4222,292,341,32408,0,0,34534,8396,1,33310,9016,6,32240,0,0,132037,0,0,33290,8395,2,34452,5987,68,33288,0,0,33311,13728,1,33302,7066,40;
1701351781556;3934132,44904,1,4224,293,338,32408,0,0,34534,8396,1,33310,9015,5,32240,0,0,132037,0,0,33290,8395,1,34452,5986,67,33288,0,0,33311,13733,1,33302,7066,40;
1701351781761;3934333,44904,1,4229,298,327,32408,0,0,34534,8395,1,33310,9013,5,32240,0,0,132037,0,0,33290,8395,1,34452,5987,68,33288,0,0,33311,13736,1,33302,7067,40;
1701351782076;3934633,44904,1,4222,292,341,32408,0,0,34534,8395,1,33310,9016,6,32240,0,0,132037,0,0,33290,8395,2,34452,5987,69,33288,0,0,33311,13733,1,33302,7066,40;
1701351782263;3934829,44904,1,4232,301,319,32408,0,0,34534,8396,1,33310,9012,6,32240,0,0,132037,0,0,33290,8395,1,34452,5988,69,33288,0,0,33311,13735,1,33302,7067,39;
1701351782462;3935033,44904,1,4232,298,323,32408,0,0,34534,8396,1,33310,9013,6,32240,0,0,132037,0,0,33290,8396,1,34452,5987,70,33288,0,0,33311,13738,1,33302,7066,39;
1701351782666;3935229,44904,1,4232,301,318,32408,0,0,34534,8397,1,33310,9013,5,32240,0,0,132037,0,0,33290,8396,1,34452,5989,70,33288,0,0,33311,13738,1,33302,7066,39;
1701351782861;3935432,44904,1,4232,303,317,32408,0,0,34534,8393,1,33310,9012,6,32240,0,0,132037,0,0,33290,8395,1,34452,5989,71,33288,0,0,33311,13726,1,33302,7066,39;
1701351782964;3935533,44904,1,4224,295,334,32408,0,0,34534,8394,1,33310,9015,6,32240,0,0,132037,0,0,33290,8395,2,34452,5988,71,33288,0,0,33311,13725,1,33302,7066,39;
