1701369313886;123483,44904,1,463,248,75,33302,4691,245,34534,9202,0,132037,0,0,33310,11042,1,33301,0,0,33311,13058,0,32350,9110,9,34452,9134,7,33288,0,0,132105,5613,107;
1701369313989;123582,44904,1,465,250,76,33302,4692,246,34534,9205,0,132037,0,0,33310,11042,1,33301,0,0,33311,13044,0,32350,9109,9,34452,9134,6,33288,0,0,132105,5613,107;
1701369314077;123679,44904,1,462,248,75,33302,4691,243,34534,9203,0,132037,0,0,33310,11041,1,33301,0,0,33311,13054,0,32350,9111,9,34452,9134,7,33288,0,0,132105,5613,106;
1701369314179;123780,44904,1,461,248,74,33302,4691,243,34534,9206,0,132037,0,0,33310,0,0,33301,0,0,33311,13032,0,32350,9112,10,34452,9135,7,33288,0,0,132105,5613,105;
1701369314278;123881,44904,1,462,248,73,33302,4692,243,34534,9201,0,132037,0,0,33310,0,0,33301,0,0,33311,13033,0,32350,9112,9,34452,9136,7,33288,0,0,132105,5614,106;
1701369314379;123982,44904,1,464,250,75,33302,4692,241,34534,9204,0,132037,0,0,33310,11041,1,33301,0,0,33311,13032,0,32350,9110,10,34452,9141,7,33288,0,0,132105,5613,106;
1701369314487;124083,44904,1,461,249,75,33302,4691,239,34534,9208,0,132037,0,0,33310,0,0,33301,0,0,33311,13031,0,32350,9112,10,34452,9136,7,33288,0,0,132105,5612,105;
1701369314588;124179,44904,1,462,249,76,33302,4691,239,34534,9208,0,132037,0,0,33310,11042,0,33301,0,0,33311,13035,0,32350,9111,10,34452,9134,7,33288,0,0,132105,5612,106;
1701369314686;124280,44904,1,467,251,79,33302,4691,236,34534,9208,0,132037,0,0,33310,11042,0,33301,0,0,33311,13033,0,32350,9106,10,34452,9142,7,33288,0,0,132105,5612,106;
1701369314783;124383,44904,1,461,248,74,33302,4691,238,34534,9215,0,132037,0,0,33310,0,0,33301,0,0,33311,13035,0,32350,9112,10,34452,9134,7,33288,0,0,132105,5613,109;
1701369314889;124483,44904,1,463,247,75,33302,4691,237,34534,9209,0,132037,0,0,33310,0,0,33301,0,0,33311,13027,0,32350,9110,10,34452,9136,7,33288,0,0,132105,5614,110;
1701369314979;124583,44904,1,463,249,75,33302,4692,239,34534,9211,0,132037,0,0,33310,11044,0,33301,0,0,33311,13033,0,32350,9111,10,34452,9136,7,33288,0,0,132105,5613,110;
1701369315082;124684,44904,1,467,251,77,33302,4692,241,34534,9220,0,132037,0,0,33310,11047,0,33301,0,0,33311,13034,0,32350,9107,10,34452,9134,7,33288,0,0,132105,5613,110;
1701369315181;124781,44904,1,462,248,75,33302,4691,241,34534,9217,0,132037,0,0,33310,0,0,33301,0,0,33311,13034,0,32350,9111,10,34452,9133,7,33288,0,0,132105,5613,110;
1701369315281;124881,44904,1,465,250,76,33302,4692,241,34534,9221,0,132037,0,0,33310,11044,0,33301,0,0,33311,13031,0,32350,9109,9,34452,9136,7,33288,0,0,132105,5613,110;
1701369315387;124982,44904,1,461,248,74,33302,4691,241,34534,9220,0,132037,0,0,33310,11044,0,33301,0,0,33311,13024,0,32350,9112,10,34452,9139,7,33288,0,0,132105,5613,110;
1701369315488;125085,44904,1,463,247,75,33302,4691,242,34534,9220,0,132037,0,0,33310,11046,0,33301,0,0,33311,13022,0,32350,9110,10,34452,9132,7,33288,0,0,132105,5614,111;
1701369315581;125179,44904,1,465,248,76,33302,4691,241,34534,9220,0,132037,0,0,33310,0,0,33301,0,0,33311,13029,0,32350,9108,10,34452,9133,7,33288,0,0,132105,5614,110;
1701369315680;125281,44904,1,467,249,76,33302,4692,242,34534,9210,0,132037,0,0,33310,11042,0,33301,0,0,33311,13032,0,32350,9107,9,34452,9136,7,33288,0,0,132105,5614,109;
1701369315773;125382,44904,1,462,249,74,33302,4692,243,34534,9214,0,132037,0,0,33310,11043,0,33301,0,0,33311,13029,0,32350,9112,10,34452,9139,7,33288,0,0,132105,5613,108;
1701369315879;125484,44904,1,464,249,76,33302,4691,243,34534,9212,0,132037,0,0,33310,0,0,33301,0,0,33311,13023,0,32350,9109,10,34452,9135,7,33288,0,0,132105,5613,107;
1701369315982;125578,44904,1,466,250,76,33302,4692,243,34534,9219,0,132037,0,0,33310,11044,0,33301,0,0,33311,13028,0,32350,9108,10,34452,9133,7,33288,0,0,132105,5613,107;
1701369316083;125681,44904,1,463,249,76,33302,4691,241,34534,9209,0,132037,0,0,33310,11047,0,33301,0,0,33311,13026,0,32350,9110,10,34452,9136,7,33288,0,0,132105,5612,106;
1701369316190;125783,44904,1,462,250,75,33302,4692,242,34534,9219,0,132037,0,0,33310,11052,0,33301,0,0,33311,13025,0,32350,9112,9,34452,9138,7,33288,0,0,132105,5612,106;
1701369316284;125882,44904,1,462,248,75,33302,4691,242,34534,9216,0,132037,0,0,33310,0,0,33301,0,0,33311,13026,0,32350,9111,9,34452,9139,7,33288,0,0,132105,5613,107;
1701369316391;125983,44904,1,467,250,78,33302,4691,242,34534,9212,0,132037,0,0,33310,11048,0,33301,0,0,33311,13027,0,32350,9106,9,34452,9135,7,33288,0,0,132105,5613,107;
1701369316482;126085,44904,1,461,249,75,33302,4691,243,34534,9215,0,132037,0,0,33310,11050,0,33301,0,0,33311,13030,0,32350,9112,9,34452,9136,7,33288,0,0,132105,5612,106;
1701369316589;126181,44904,1,465,249,77,33302,4691,242,34534,9216,0,132037,0,0,33310,11047,0,33301,0,0,33311,13029,0,32350,9108,9,34452,9133,6,33288,0,0,132105,5613,107;
1701369316680;126282,44904,1,465,249,77,33302,4691,242,34534,9219,0,132037,0,0,33310,11050,0,33301,0,0,33311,13035,0,32350,9108,9,34452,9140,7,33288,0,0,132105,5613,107;
1701369316787;126383,44904,1,465,249,77,33302,4691,242,34534,9219,0,132037,0,0,33310,11052,0,33301,0,0,33311,13041,0,32350,9108,9,34452,9134,7,33288,0,0,132105,5613,106;
1701369316888;126485,44904,1,464,249,76,33302,4691,241,34534,9220,0,132037,0,0,33310,11053,0,33301,0,0,33311,13046,0,32350,9109,9,34452,9135,7,33288,0,0,132105,5613,107;
1701369316985;126579,44904,1,461,248,74,33302,4691,241,34534,9229,0,132037,0,0,33310,11052,0,33301,0,0,33311,13046,0,32350,9112,8,34452,9136,7,33288,0,0,132105,5613,106;
1701369317085;126681,44904,1,462,248,75,33302,4691,240,34534,9223,0,132037,0,0,33310,11053,0,33301,0,0,33311,13043,0,32350,9111,9,34452,9133,7,33288,0,0,132105,5613,106;
1701369317186;126782,44904,1,463,248,75,33302,4691,240,34534,9232,0,132037,0,0,33310,11052,0,33301,0,0,33311,13041,0,32350,9110,9,34452,9138,7,33288,0,0,132105,5613,104;
1701369317281;126884,44904,1,464,250,77,33302,4691,240,34534,9229,0,132037,0,0,33310,11059,0,33301,0,0,33311,13066,0,32350,9109,9,34452,9139,7,33288,0,0,132105,5612,104;
1701369317379;126979,44904,1,462,248,75,33302,4691,240,34534,9226,0,132037,0,0,33310,11059,0,33301,0,0,33311,13062,0,32350,9111,9,34452,9136,7,33288,0,0,132105,5613,104;
1701369317477;127080,44904,1,463,249,76,33302,4691,240,34534,9230,0,132037,0,0,33310,11054,0,33301,0,0,33311,13071,0,32350,9110,9,34452,9134,7,33288,0,0,132105,5612,103;
1701369317581;127182,44904,1,460,247,75,33302,4690,239,34534,9228,0,132037,0,0,33310,11057,0,33301,0,0,33311,13065,0,32350,9113,9,34452,9135,7,33288,0,0,132105,5612,103;
1701369317679;127282,44904,1,461,249,75,33302,4691,241,34534,9234,0,132037,0,0,33310,11055,0,33301,0,0,33311,13085,0,32350,9112,9,34452,9135,7,33288,0,0,132105,5612,103;
1701369317789;127383,44904,1,466,249,76,33302,4692,242,34534,9245,0,132037,0,0,33310,11056,0,33301,0,0,33311,13055,0,32350,9108,9,34452,9136,7,33288,0,0,132105,5614,105;
1701369317870;127478,44904,1,462,249,76,33302,4691,241,34534,9248,0,132037,0,0,33310,11053,0,33301,0,0,33311,13071,0,32350,9111,9,34452,9135,7,33288,0,0,132105,5612,103;
1701369317981;127582,44904,1,464,251,76,33302,4692,242,34534,9249,0,132037,0,0,33310,11054,0,33301,0,0,33311,13066,0,32350,9110,9,34452,9138,7,33288,0,0,132105,5612,103;
1701369318082;127681,44904,1,462,249,76,33302,4691,241,34534,9246,0,132037,0,0,33310,11055,0,33301,0,0,33311,13063,0,32350,9111,9,34452,9136,7,33288,0,0,132105,5612,104;
1701369318187;127784,44904,1,464,250,77,33302,4691,241,34534,9248,0,132037,0,0,33310,11052,0,33301,0,0,33311,13064,0,32350,9109,9,34452,9138,7,33288,0,0,132105,5612,104;
1701369318271;127879,44904,1,465,249,77,33302,4691,240,34534,9244,0,132037,0,0,33310,11052,0,33301,0,0,33311,13058,0,32350,9108,9,34452,9135,7,33288,0,0,132105,5613,104;
1701369318381;127980,44904,1,461,248,75,33302,4690,239,34534,9252,0,132037,0,0,33310,11048,0,33301,0,0,33311,13050,0,32350,9112,8,34452,9136,7,33288,0,0,132105,5612,105;
1701369318492;128082,44904,1,465,250,78,33302,4691,240,34534,9260,0,132037,0,0,33310,11052,0,33301,0,0,33311,13057,0,32350,9108,8,34452,9136,7,33288,0,0,132105,5612,106;
1701369318583;128183,44904,1,467,251,79,33302,4691,238,34534,9259,0,132037,0,0,33310,11054,0,33301,0,0,33311,13062,0,32350,9106,9,34452,9136,7,33288,0,0,132105,5612,104;
1701369318680;128278,44904,1,465,249,77,33302,4691,236,34534,9266,0,132037,0,0,33310,11055,0,33301,0,0,33311,13059,0,32350,9108,9,34452,9136,7,33288,0,0,132105,5613,105;
1701369318788;128382,44904,1,462,248,75,33302,4691,239,34534,9256,0,132037,0,0,33310,11057,0,33301,0,0,33311,13051,0,32350,9111,10,34452,9136,8,33288,0,0,132105,5613,106;
1701369318881;128482,44904,1,464,249,76,33302,4691,238,34534,9259,0,132037,0,0,33310,11057,0,33301,0,0,33311,13051,0,32350,9109,10,34452,9135,7,33288,0,0,132105,5613,106;
1701369318984;128582,44904,1,466,249,77,33302,4691,236,34534,9274,0,132037,0,0,33310,11054,0,33301,0,0,33311,13056,0,32350,9107,10,34452,9134,7,33288,0,0,132105,5613,104;
1701369319078;128678,44904,1,463,248,75,33302,4691,239,34534,9262,0,132037,0,0,33310,11054,0,33301,0,0,33311,13045,0,32350,9110,10,34452,9136,7,33288,0,0,132105,5613,106;
1701369319181;128781,44904,1,463,251,77,33302,4691,240,34534,9261,0,132037,0,0,33310,11054,0,33301,0,0,33311,13045,0,32350,9110,10,34452,9134,7,33288,0,0,132105,5611,105;
1701369319289;128882,44904,1,464,250,77,33302,4691,242,34534,9275,0,132037,0,0,33310,11060,0,33301,0,0,33311,13033,0,32350,9109,10,34452,9134,7,33288,0,0,132105,5612,106;
1701369319377;128982,44904,1,461,247,74,33302,4691,242,34534,9283,0,132037,0,0,33310,11059,0,33301,0,0,33311,13042,0,32350,9113,9,34452,9138,7,33288,0,0,132105,5613,105;
1701369319484;129079,44904,1,464,250,77,33302,4691,243,34534,9280,0,132037,0,0,33310,11058,0,33301,0,0,33311,13032,0,32350,9109,9,34452,9134,7,33288,0,0,132105,5612,104;
1701369319572;129180,44904,1,467,252,78,33302,4692,243,34534,9275,0,132037,0,0,33310,11063,0,33301,0,0,33311,13038,0,32350,9107,10,34452,9133,7,33288,0,0,132105,5612,104;
1701369319689;129281,44904,1,465,250,78,33302,4691,242,34534,9292,0,132037,0,0,33310,11067,0,33301,0,0,33311,13033,0,32350,9108,10,34452,9136,7,33288,0,0,132105,5612,103;
1701369319779;129383,44904,1,464,251,76,33302,4692,243,34534,9279,0,132037,0,0,33310,11061,0,33301,0,0,33311,13045,0,32350,9110,11,34452,9134,8,33288,0,0,132105,5612,104;
1701369319880;129482,44904,1,461,250,76,33302,4691,243,34534,9298,0,132037,0,0,33310,11082,0,33301,0,0,33311,13032,0,32350,9112,10,34452,9134,7,33288,0,0,132105,5611,103;
1701369319980;129578,44904,1,464,250,77,33302,4691,243,34534,9288,0,132037,0,0,33310,11078,0,33301,0,0,33311,13044,0,32350,9109,10,34452,9136,7,33288,0,0,132105,5612,103;
1701369320080;129681,44904,1,463,247,74,33302,4691,245,34534,9274,0,132037,0,0,33310,11083,0,33301,0,0,33311,13029,0,32350,9111,11,34452,9136,7,33288,0,0,132105,5614,105;
1701369320180;129782,44904,1,464,250,77,33302,4691,246,34534,9266,0,132037,0,0,33310,11071,0,33301,0,0,33311,13039,0,32350,9109,10,34452,9139,7,33288,0,0,132105,5612,104;
1701369320281;129881,44904,1,462,249,74,33302,4692,246,34534,9268,0,132037,0,0,33310,11089,0,33301,0,0,33311,13035,0,32350,9112,10,34452,9131,7,33288,0,0,132105,5613,105;
1701369320380;129984,44904,1,464,250,77,33302,4691,243,34534,9278,0,132037,0,0,33310,11073,0,33301,0,0,33311,13039,0,32350,9109,10,34452,9134,7,33288,0,0,132105,5612,105;
1701369320478;130083,44904,1,461,247,74,33302,4691,244,34534,9272,0,132037,0,0,33310,11070,0,33301,0,0,33311,13029,0,32350,9113,10,34452,9133,7,33288,0,0,132105,5613,105;
1701369320577;130179,44904,1,463,248,75,33302,4691,243,34534,9280,0,132037,0,0,33310,0,0,33301,0,0,33311,13033,0,32350,9110,10,34452,9139,7,33288,0,0,132105,5613,106;
1701369320687;130281,44904,1,459,247,72,33302,4691,241,34534,9288,0,132037,0,0,33310,11090,0,33301,0,0,33311,13044,0,32350,9115,10,34452,9132,7,33288,0,0,132105,5613,104;
1701369320785;130384,44904,1,464,250,77,33302,4691,242,34534,9285,0,132037,0,0,33310,11082,0,33301,0,0,33311,13031,0,32350,9109,10,34452,9134,7,33288,0,0,132105,5612,105;
1701369320892;130482,44904,1,464,249,76,33302,4691,240,34534,9298,0,132037,0,0,33310,0,0,33301,0,0,33311,13030,0,32350,9109,10,34452,9133,7,33288,0,0,132105,5613,104;
1701369320980;130578,44904,1,462,249,76,33302,4691,239,34534,9284,0,132037,0,0,33310,0,0,33301,0,0,33311,13033,0,32350,9111,10,34452,9140,7,33288,0,0,132105,5612,104;
1701369321079;130680,44904,1,461,248,73,33302,4692,241,34534,9290,0,132037,0,0,33310,11092,0,33301,0,0,33311,13029,0,32350,9113,10,34452,9138,7,33288,0,0,132105,5613,106;
1701369321195;130782,44904,1,459,247,72,33302,4691,239,34534,9278,0,132037,0,0,33310,11103,0,33301,0,0,33311,13036,0,32350,9115,10,34452,9136,7,33288,0,0,132105,5613,105;
1701369321279;130881,44904,1,464,249,76,33302,4691,241,34534,9272,0,132037,0,0,33310,0,0,33301,0,0,33311,13031,0,32350,9109,10,34452,9134,7,33288,0,0,132105,5613,106;
1701369321375;130977,44904,1,463,250,75,33302,4692,241,34534,9275,0,132037,0,0,33310,0,0,33301,0,0,33311,13031,0,32350,9111,9,34452,9135,7,33288,0,0,132105,5612,106;
1701369321476;131082,44904,1,464,250,77,33302,4691,240,34534,9270,0,132037,0,0,33310,11763,0,33301,0,0,33311,13035,0,32350,9109,9,34452,9136,7,33288,0,0,132105,5612,106;
1701369321578;131181,44904,1,465,249,77,33302,4691,239,34534,9273,0,132037,0,0,33310,0,0,33301,0,0,33311,13035,0,32350,9108,9,34452,9134,7,33288,0,0,132105,5613,106;
1701369321679;131283,44904,1,463,248,75,33302,4691,241,34534,9275,0,132037,0,0,33310,0,0,33301,0,0,33311,13036,0,32350,9110,9,34452,9134,7,33288,0,0,132105,5613,107;
1701369321770;131378,44904,1,462,248,75,33302,4691,241,34534,9263,0,132037,0,0,33310,0,0,33301,0,0,33311,13034,0,32350,9111,10,34452,9139,7,33288,0,0,132105,5613,107;
1701369321878;131480,44904,1,460,246,72,33302,4691,243,34534,9252,0,132037,0,0,33310,0,0,33301,0,0,33311,13021,0,32350,9114,10,34452,9135,7,33288,0,0,132105,5614,108;
1701369321990;131582,44904,1,464,249,76,33302,4691,242,34534,9267,0,132037,0,0,33310,0,0,33301,0,0,33311,13022,0,32350,9109,10,34452,9136,7,33288,0,0,132105,5613,107;
1701369322081;131683,44904,1,463,249,75,33302,4692,244,34534,9260,0,132037,0,0,33310,0,0,33301,0,0,33311,13023,0,32350,9111,9,34452,9132,7,33288,0,0,132105,5613,108;
1701369322173;131778,44904,1,463,248,75,33302,4691,244,34534,9264,0,132037,0,0,33310,0,0,33301,0,0,33311,13024,0,32350,9110,10,34452,9139,7,33288,0,0,132105,5613,108;
1701369322275;131880,44904,1,459,249,74,33302,4691,244,34534,9266,0,132037,0,0,33310,0,0,33301,0,0,33311,13031,0,32350,9114,10,34452,9134,7,33288,0,0,132105,5611,107;
1701369322388;131981,44904,1,462,249,74,33302,4692,245,34534,9262,0,132037,0,0,33310,0,0,33301,0,0,33311,13019,0,32350,9112,10,34452,9139,7,33288,0,0,132105,5613,107;
1701369322477;132082,44904,1,460,248,74,33302,4691,243,34534,9278,0,132037,0,0,33310,11838,0,33301,0,0,33311,13031,0,32350,9113,10,34452,9132,7,33288,0,0,132105,5612,106;
1701369322580;132183,44904,1,463,249,76,33302,4691,245,34534,9269,0,132037,0,0,33310,11108,0,33301,0,0,33311,13031,0,32350,9110,10,34452,9134,7,33288,0,0,132105,5612,108;
1701369322679;132278,44904,1,466,251,78,33302,4691,244,34534,9270,0,132037,0,0,33310,0,0,33301,0,0,33311,13027,0,32350,9107,10,34452,9135,7,33288,0,0,132105,5612,108;
1701369322779;132380,44904,1,467,251,79,33302,4691,244,34534,9266,0,132037,0,0,33310,11832,0,33301,0,0,33311,13021,0,32350,9106,9,34452,9136,7,33288,0,0,132105,5612,108;
1701369322892;132481,44904,1,465,250,78,33302,4691,244,34534,9266,0,132037,0,0,33310,0,0,33301,0,0,33311,13029,0,32350,9108,10,34452,9141,7,33288,0,0,132105,5612,108;
1701369322978;132582,44904,1,464,249,76,33302,4691,244,34534,9275,0,132037,0,0,33310,0,0,33301,0,0,33311,13037,0,32350,9109,10,34452,9133,6,33288,0,0,132105,5613,107;
1701369323077;132683,44904,1,464,250,77,33302,4691,243,34534,9257,0,132037,0,0,33310,0,0,33301,0,0,33311,13027,0,32350,9109,10,34452,9139,7,33288,0,0,132105,5612,108;
1701369323182;132783,44904,1,461,249,75,33302,4691,243,34534,9261,0,132037,0,0,33310,0,0,33301,0,0,33311,13030,0,32350,9112,10,34452,9134,7,33288,0,0,132105,5612,107;
1701369323277;132878,44904,1,464,251,76,33302,4692,243,34534,9261,0,132037,0,0,33310,0,0,33301,0,0,33311,13029,0,32350,9110,10,34452,9135,7,33288,0,0,132105,5612,108;
1701369323379;132981,44904,1,464,250,77,33302,4691,241,34534,9265,0,132037,0,0,33310,0,0,33301,0,0,33311,13029,0,32350,9109,9,34452,9135,7,33288,0,0,132105,5612,107;
1701369323478;133083,44904,1,465,251,78,33302,4691,240,34534,9263,0,132037,0,0,33310,0,0,33301,0,0,33311,13039,0,32350,9108,9,34452,9133,7,33288,0,0,132105,5611,106;
1701369323578;133177,44904,1,462,248,76,33302,4690,240,34534,9268,0,132037,0,0,33310,0,0,33301,0,0,33311,13036,0,32350,9111,10,34452,9140,6,33288,0,0,132105,5612,106;
1701369323677;133281,44904,1,463,249,76,33302,4691,241,34534,9259,0,132037,0,0,33310,0,0,33301,0,0,33311,13038,0,32350,9110,10,34452,9131,6,33288,0,0,132105,5612,106;
1701369323775;133381,44904,1,463,249,76,33302,4691,242,34534,9273,0,132037,0,0,33310,0,0,33301,0,0,33311,13035,0,32350,9110,11,34452,9133,6,33288,0,0,132105,5612,106;
1701369323891;133483,44904,1,467,252,78,33302,4692,243,34534,9276,0,132037,0,0,33310,0,0,33301,0,0,33311,13036,0,32350,9107,10,34452,9139,6,33288,0,0,132105,5612,106;
1701369323977;133577,44904,1,461,250,76,33302,4691,242,34534,9275,0,132037,0,0,33310,0,0,33301,0,0,33311,13033,0,32350,9112,10,34452,9142,7,33288,0,0,132105,5611,105;
1701369324077;133680,44904,1,460,249,75,33302,4691,243,34534,9268,0,132037,0,0,33310,0,0,33301,0,0,33311,13034,0,32350,9113,10,34452,9135,7,33288,0,0,132105,5611,106;
1701369324176;133782,44904,1,462,250,76,33302,4691,243,34534,9262,0,132037,0,0,33310,0,0,33301,0,0,33311,13028,0,32350,9111,9,34452,9135,7,33288,0,0,132105,5611,106;
1701369324279;133881,44904,1,461,249,75,33302,4691,242,34534,9262,0,132037,0,0,33310,0,0,33301,0,0,33311,13031,0,32350,9112,10,34452,9134,7,33288,0,0,132105,5612,106;
1701369324377;133977,44904,1,461,250,76,33302,4691,242,34534,9257,0,132037,0,0,33310,0,0,33301,0,0,33311,13029,0,32350,9112,11,34452,9134,7,33288,0,0,132105,5611,105;
1701369324477;134080,44904,1,464,251,78,33302,4691,243,34534,9274,0,132037,0,0,33310,0,0,33301,0,0,33311,13033,0,32350,9109,10,34452,9134,7,33288,0,0,132105,5611,105;
1701369324591;134182,44904,1,463,251,77,33302,4691,244,34534,9270,0,132037,0,0,33310,0,0,33301,0,0,33311,13030,0,32350,9110,10,34452,9135,7,33288,0,0,132105,5611,105;
1701369324677;134281,44904,1,467,250,79,33302,4690,244,34534,9280,0,132037,0,0,33310,0,0,33301,0,0,33311,13034,0,32350,9106,10,34452,9134,6,33288,0,0,132105,5612,106;
1701369324776;134377,44904,1,462,249,76,33302,4691,244,34534,9267,0,132037,0,0,33310,0,0,33301,0,0,33311,13039,0,32350,9111,10,34452,9134,7,33288,0,0,132105,5612,106;
1701369324873;134480,44904,1,463,249,76,33302,4691,244,34534,9276,0,132037,0,0,33310,0,0,33301,0,0,33311,13033,0,32350,9110,10,34452,9136,7,33288,0,0,132105,5612,105;
1701369324976;134581,44904,1,464,250,77,33302,4691,244,34534,9276,0,132037,0,0,33310,0,0,33301,0,0,33311,13039,0,32350,9109,10,34452,9134,7,33288,0,0,132105,5612,106;
1701369325088;134681,44904,1,465,250,78,33302,4691,242,34534,9281,0,132037,0,0,33310,0,0,33301,0,0,33311,13047,0,32350,9108,10,34452,9133,6,33288,0,0,132105,5612,105;
1701369325178;134778,44904,1,463,248,77,33302,4690,243,34534,9266,0,132037,0,0,33310,0,0,33301,0,0,33311,13048,0,32350,9110,10,34452,9136,7,33288,0,0,132105,5612,106;
1701369325275;134879,44904,1,463,249,76,33302,4691,242,34534,9267,0,132037,0,0,33310,0,0,33301,0,0,33311,13051,0,32350,9110,10,34452,9135,7,33288,0,0,132105,5612,106;
1701369325374;134981,44904,1,462,249,76,33302,4691,243,34534,9269,0,132037,0,0,33310,0,0,33301,0,0,33311,13059,0,32350,9111,10,34452,9138,7,33288,0,0,132105,5612,106;
1701369325477;135081,44904,1,461,249,76,33302,4690,241,34534,9264,0,132037,0,0,33310,0,0,33301,0,0,33311,13059,0,32350,9112,10,34452,9136,7,33288,0,0,132105,5611,105;
1701369325577;135182,44904,1,464,251,76,33302,4692,241,34534,9271,0,132037,0,0,33310,0,0,33301,0,0,33311,13055,0,32350,9110,10,34452,9135,7,33288,0,0,132105,5612,105;
1701369325674;135277,44904,1,462,249,76,33302,4691,243,34534,9252,0,132037,0,0,33310,0,0,33301,0,0,33311,13063,0,32350,9111,11,34452,9136,7,33288,0,0,132105,5612,106;
1701369325776;135379,44904,1,463,249,76,33302,4691,243,34534,9263,0,132037,0,0,33310,0,0,33301,0,0,33311,13048,0,32350,9110,11,34452,9138,8,33288,0,0,132105,5612,106;
1701369325877;135480,44904,1,460,248,74,33302,4691,242,34534,9257,0,132037,0,0,33310,0,0,33301,0,0,33311,13062,0,32350,9113,10,34452,9135,8,33288,0,0,132105,5612,106;
1701369325977;135582,44904,1,461,249,75,33302,4691,243,34534,9256,0,132037,0,0,33310,0,0,33301,0,0,33311,13059,0,32350,9112,9,34452,9136,8,33288,0,0,132105,5612,106;
1701369326075;135683,44904,1,462,249,76,33302,4691,242,34534,9257,0,132037,0,0,33310,0,0,33301,0,0,33311,13055,0,32350,9111,10,34452,9133,8,33288,0,0,132105,5612,106;
1701369326177;135781,44904,1,461,248,73,33302,4692,243,34534,9260,0,132037,0,0,33310,0,0,33301,0,0,33311,13045,0,32350,9113,10,34452,9140,8,33288,0,0,132105,5613,106;
1701369326277;135880,44904,1,466,251,78,33302,4691,242,34534,9253,0,132037,0,0,33310,0,0,33301,0,0,33311,13052,0,32350,9107,10,34452,9131,7,33288,0,0,132105,5612,106;
1701369326375;135982,44904,1,463,248,75,33302,4691,243,34534,9254,0,132037,0,0,33310,0,0,33301,0,0,33311,13054,0,32350,9110,9,34452,9135,7,33288,0,0,132105,5613,106;
1701369326476;136078,44904,1,464,249,77,33302,4690,243,34534,9261,0,132037,0,0,33310,0,0,33301,0,0,33311,13046,0,32350,9109,9,34452,9135,7,33288,0,0,132105,5612,106;
1701369326577;136180,44904,1,461,249,75,33302,4691,244,34534,9263,0,132037,0,0,33310,0,0,33301,0,0,33311,13060,0,32350,9112,10,34452,9133,7,33288,0,0,132105,5612,106;
1701369326677;136280,44904,1,462,250,76,33302,4691,243,34534,9252,0,132037,0,0,33310,0,0,33301,0,0,33311,13048,0,32350,9111,9,34452,9135,7,33288,0,0,132105,5611,105;
1701369326776;136382,44904,1,462,250,76,33302,4691,244,34534,9252,0,132037,0,0,33310,0,0,33301,0,0,33311,13049,0,32350,9111,11,34452,9135,7,33288,0,0,132105,5611,106;
1701369326876;136477,44904,1,460,248,74,33302,4691,242,34534,9252,0,132037,0,0,33310,0,0,33301,0,0,33311,13049,0,32350,9114,11,34452,9135,7,33288,0,0,132105,5612,105;
1701369326977;136580,44904,1,463,251,77,33302,4691,243,34534,9256,0,132037,0,0,33310,0,0,33301,0,0,33311,13054,0,32350,9110,11,34452,9134,7,33288,0,0,132105,5611,105;
1701369327075;136680,44904,1,460,248,74,33302,4691,243,34534,9242,0,132037,0,0,33310,0,0,33301,0,0,33311,13037,0,32350,9113,11,34452,9138,8,33288,0,0,132105,5612,106;
1701369327175;136781,44904,1,462,249,76,33302,4691,243,34534,9247,0,132037,0,0,33310,0,0,33301,0,0,33311,13038,0,32350,9111,10,34452,9134,8,33288,0,0,132105,5612,106;
1701369327282;136877,44904,1,462,250,76,33302,4691,243,34534,9239,0,132037,0,0,33310,0,0,33301,0,0,33311,13050,0,32350,9111,11,34452,9136,7,33288,0,0,132105,5611,105;
1701369327377;136980,44904,1,464,250,77,33302,4691,242,34534,9247,0,132037,0,0,33310,0,0,33301,0,0,33311,13041,0,32350,9109,10,34452,9133,7,33288,0,0,132105,5612,105;
1701369327475;137080,44904,1,462,249,76,33302,4691,241,34534,9254,0,132037,0,0,33310,0,0,33301,0,0,33311,13045,0,32350,9111,10,34452,9135,7,33288,0,0,132105,5612,105;
1701369327575;137182,44904,1,461,248,74,33302,4691,242,34534,9247,0,132037,0,0,33310,11727,0,33301,0,0,33311,13055,0,32350,9112,11,34452,9134,7,33288,0,0,132105,5613,105;
1701369327675;137277,44904,1,461,249,75,33302,4691,242,34534,9244,0,132037,0,0,33310,11747,0,33301,0,0,33311,13046,0,32350,9112,11,34452,9136,7,33288,0,0,132105,5612,106;
1701369327775;137380,44904,1,460,247,75,33302,4690,241,34534,9254,0,132037,0,0,33310,0,0,33301,0,0,33311,13056,0,32350,9113,10,34452,9136,6,33288,0,0,132105,5612,105;
1701369327876;137481,44904,1,461,249,75,33302,4691,242,34534,9254,0,132037,0,0,33310,11814,0,33301,0,0,33311,13052,0,32350,9112,10,34452,9134,7,33288,0,0,132105,5612,105;
1701369327975;137581,44904,1,463,249,76,33302,4691,241,34534,9250,0,132037,0,0,33310,11623,0,33301,0,0,33311,13057,0,32350,9110,10,34452,9136,6,33288,0,0,132105,5612,104;
1701369328075;137677,44904,1,467,251,79,33302,4691,240,34534,9246,0,132037,0,0,33310,11854,0,33301,0,0,33311,13047,0,32350,9106,10,34452,9135,6,33288,0,0,132105,5612,104;
1701369328176;137779,44904,1,464,250,77,33302,4691,242,34534,9241,0,132037,0,0,33310,11502,0,33301,0,0,33311,13051,0,32350,9109,10,34452,9131,7,33288,0,0,132105,5612,105;
1701369328289;137880,44904,1,464,250,77,33302,4691,241,34534,9239,0,132037,0,0,33310,11098,0,33301,0,0,33311,13044,0,32350,9109,10,34452,9131,7,33288,0,0,132105,5612,105;
1701369328374;137981,44904,1,466,251,78,33302,4691,240,34534,9250,0,132037,0,0,33310,11625,0,33301,0,0,33311,13049,0,32350,9107,10,34452,9131,7,33288,0,0,132105,5612,103;
1701369328475;138082,44904,1,461,249,75,33302,4691,240,34534,9245,0,132037,0,0,33310,11121,0,33301,0,0,33311,13049,0,32350,9112,10,34452,9141,6,33288,0,0,132105,5612,104;
1701369328574;138178,44904,1,464,249,76,33302,4691,241,34534,9240,0,132037,0,0,33310,11092,0,33301,0,0,33311,13049,0,32350,9109,10,34452,9134,7,33288,0,0,132105,5613,104;
1701369328671;138279,44904,1,462,249,76,33302,4691,241,34534,9233,0,132037,0,0,33310,11086,0,33301,0,0,33311,13050,0,32350,9111,9,34452,9136,7,33288,0,0,132105,5612,105;
1701369328775;138380,44904,1,463,249,76,33302,4691,241,34534,9239,0,132037,0,0,33310,11097,0,33301,0,0,33311,13049,0,32350,9110,9,34452,9136,7,33288,0,0,132105,5612,105;
1701369328874;138481,44904,1,465,250,78,33302,4691,239,34534,9237,0,132037,0,0,33310,11084,0,33301,0,0,33311,13047,0,32350,9108,9,34452,9132,7,33288,0,0,132105,5612,105;
1701369328973;138582,44904,1,461,248,74,33302,4691,239,34534,9239,0,132037,0,0,33310,11092,0,33301,0,0,33311,13057,0,32350,9112,9,34452,9135,7,33288,0,0,132105,5613,104;
1701369329086;138677,44904,1,463,249,76,33302,4691,240,34534,9229,0,132037,0,0,33310,11078,0,33301,0,0,33311,13057,0,32350,9110,10,34452,9133,7,33288,0,0,132105,5612,105;
1701369329173;138779,44904,1,464,249,77,33302,4690,239,34534,9230,0,132037,0,0,33310,11084,0,33301,0,0,33311,13054,0,32350,9109,9,34452,9135,7,33288,0,0,132105,5612,105;
1701369329274;138882,44904,1,466,250,79,33302,4690,239,34534,9239,0,132037,0,0,33310,11087,0,33301,0,0,33311,13056,0,32350,9107,8,34452,9136,7,33288,0,0,132105,5611,104;
1701369329376;138981,44904,1,468,251,79,33302,4691,238,34534,9239,0,132037,0,0,33310,11107,0,33301,0,0,33311,13051,0,32350,9105,8,34452,9136,7,33288,0,0,132105,5612,103;
1701369329483;139076,44904,1,468,250,80,33302,4690,237,34534,9237,0,132037,0,0,33310,11078,0,33301,0,0,33311,13049,0,32350,9105,8,34452,9133,7,33288,0,0,132105,5612,104;
1701369329572;139181,44904,1,461,248,74,33302,4691,239,34534,9234,0,132037,0,0,33310,11072,0,33301,0,0,33311,13041,0,32350,9112,9,34452,9134,7,33288,0,0,132105,5613,103;
1701369329687;139280,44904,1,463,248,75,33302,4691,239,34534,9235,0,132037,0,0,33310,11089,0,33301,0,0,33311,13049,0,32350,9110,9,34452,9133,7,33288,0,0,132105,5613,104;
1701369329774;139381,44904,1,461,249,75,33302,4691,237,34534,9234,0,132037,0,0,33310,11092,0,33301,0,0,33311,13058,0,32350,9112,9,34452,9138,7,33288,0,0,132105,5612,103;
1701369329873;139478,44904,1,463,249,76,33302,4691,239,34534,9233,0,132037,0,0,33310,11101,0,33301,0,0,33311,13058,0,32350,9110,10,34452,9134,7,33288,0,0,132105,5612,104;
1701369329974;139579,44904,1,464,250,77,33302,4691,236,34534,9231,0,132037,0,0,33310,11082,0,33301,0,0,33311,13054,0,32350,9109,9,34452,9138,7,33288,0,0,132105,5612,103;
1701369330072;139681,44904,1,461,250,76,33302,4691,240,34534,9225,0,132037,0,0,33310,11069,0,33301,0,0,33311,13052,0,32350,9112,9,34452,9134,7,33288,0,0,132105,5611,105;
1701369330174;139781,44904,1,464,250,77,33302,4691,240,34534,9225,0,132037,0,0,33310,11078,0,33301,0,0,33311,13051,0,32350,9109,10,34452,9134,7,33288,0,0,132105,5612,105;
1701369330273;139878,44904,1,462,249,76,33302,4691,237,34534,9237,0,132037,0,0,33310,11084,0,33301,0,0,33311,13061,0,32350,9111,9,34452,9135,7,33288,0,0,132105,5612,103;
1701369330372;139979,44904,1,463,249,76,33302,4691,240,34534,9229,0,132037,0,0,33310,0,0,33301,0,0,33311,13044,0,32350,9110,10,34452,9136,7,33288,0,0,132105,5612,105;
1701369330472;140080,44904,1,463,248,77,33302,4690,239,34534,9224,0,132037,0,0,33310,11074,0,33301,0,0,33311,13049,0,32350,9110,10,34452,9136,7,33288,0,0,132105,5612,105;
1701369330573;140180,44904,1,461,249,75,33302,4691,239,34534,9229,0,132037,0,0,33310,11074,0,33301,0,0,33311,13050,0,32350,9112,10,34452,9134,7,33288,0,0,132105,5612,104;
1701369330671;140278,44904,1,466,249,77,33302,4691,241,34534,9220,0,132037,0,0,33310,0,0,33301,0,0,33311,13037,0,32350,9107,10,34452,9136,7,33288,0,0,132105,5613,106;
1701369330786;140380,44904,1,463,249,76,33302,4691,241,34534,9233,0,132037,0,0,33310,11084,0,33301,0,0,33311,13046,0,32350,9110,10,34452,9134,7,33288,0,0,132105,5612,105;
1701369330875;140481,44904,1,466,251,78,33302,4691,241,34534,9218,0,132037,0,0,33310,11081,0,33301,0,0,33311,13042,0,32350,9107,10,34452,9135,7,33288,0,0,132105,5612,106;
1701369330973;140582,44904,1,462,249,76,33302,4691,242,34534,9222,0,132037,0,0,33310,0,0,33301,0,0,33311,13044,0,32350,9111,9,34452,9133,7,33288,0,0,132105,5612,106;
1701369331073;140677,44904,1,465,250,78,33302,4691,242,34534,9227,0,132037,0,0,33310,11069,0,33301,0,0,33311,13036,0,32350,9108,9,34452,9134,7,33288,0,0,132105,5612,106;
1701369331176;140779,44904,1,464,250,77,33302,4691,243,34534,9227,0,132037,0,0,33310,11078,0,33301,0,0,33311,13036,0,32350,9109,9,34452,9135,7,33288,0,0,132105,5612,106;
1701369331275;140881,44904,1,461,250,74,33302,4692,242,34534,9228,0,132037,0,0,33310,11076,0,33301,0,0,33311,13043,0,32350,9113,9,34452,9135,7,33288,0,0,132105,5612,106;
1701369331375;140980,44904,1,464,250,77,33302,4691,241,34534,9221,0,132037,0,0,33310,11076,0,33301,0,0,33311,13037,0,32350,9109,8,34452,9134,7,33288,0,0,132105,5612,107;
1701369331473;141081,44904,1,460,249,75,33302,4691,242,34534,9223,0,132037,0,0,33310,11073,0,33301,0,0,33311,13040,0,32350,9113,9,34452,9138,7,33288,0,0,132105,5611,106;
1701369331574;141177,44904,1,463,249,76,33302,4691,242,34534,9225,0,132037,0,0,33310,11081,0,33301,0,0,33311,13040,0,32350,9110,9,34452,9136,7,33288,0,0,132105,5612,107;
1701369331688;141280,44904,1,464,250,77,33302,4691,242,34534,9229,0,132037,0,0,33310,11075,0,33301,0,0,33311,13032,0,32350,9109,9,34452,9131,7,33288,0,0,132105,5612,107;
1701369331773;141380,44904,1,465,250,78,33302,4691,242,34534,9224,0,132037,0,0,33310,0,0,33301,0,0,33311,13041,0,32350,9108,9,34452,9135,7,33288,0,0,132105,5612,107;
1701369331873;141481,44904,1,465,249,78,33302,4690,239,34534,9220,0,132037,0,0,33310,11077,0,33301,0,0,33311,13039,0,32350,9108,10,34452,9136,7,33288,0,0,132105,5612,106;
1701369331971;141576,44904,1,463,249,76,33302,4691,240,34534,9227,0,132037,0,0,33310,11070,0,33301,0,0,33311,13051,0,32350,9110,10,34452,9134,7,33288,0,0,132105,5612,106;
1701369332072;141679,44904,1,462,249,76,33302,4691,243,34534,9224,0,132037,0,0,33310,11073,0,33301,0,0,33311,13044,0,32350,9111,10,34452,9134,7,33288,0,0,132105,5612,107;
1701369332188;141780,44904,1,461,248,74,33302,4691,242,34534,9219,0,132037,0,0,33310,11067,0,33301,0,0,33311,13041,0,32350,9112,10,34452,9136,7,33288,0,0,132105,5613,106;
1701369332273;141881,44904,1,459,248,73,33302,4691,242,34534,9222,0,132037,0,0,33310,11068,0,33301,0,0,33311,13041,0,32350,9115,11,34452,9132,7,33288,0,0,132105,5612,106;
1701369332372;141977,44904,1,462,249,76,33302,4691,243,34534,9222,0,132037,0,0,33310,11075,0,33301,0,0,33311,13044,0,32350,9111,11,34452,9136,7,33288,0,0,132105,5612,105;
1701369332473;142079,44904,1,462,249,74,33302,4692,244,34534,9225,0,132037,0,0,33310,11068,0,33301,0,0,33311,13051,0,32350,9112,11,34452,9135,7,33288,0,0,132105,5613,107;
1701369332570;142180,44904,1,461,249,75,33302,4691,244,34534,9216,0,132037,0,0,33310,11062,0,33301,0,0,33311,13042,0,32350,9112,10,34452,9135,7,33288,0,0,132105,5612,106;
1701369332672;142281,44904,1,464,250,77,33302,4691,244,34534,9227,0,132037,0,0,33310,11066,0,33301,0,0,33311,13040,0,32350,9109,11,34452,9136,7,33288,0,0,132105,5612,106;
1701369332771;142381,44904,1,462,249,77,33302,4690,244,34534,9214,0,132037,0,0,33310,11065,0,33301,0,0,33311,13032,0,32350,9111,10,34452,9138,7,33288,0,0,132105,5611,106;
1701369332871;142477,44904,1,463,251,77,33302,4691,245,34534,9220,0,132037,0,0,33310,11067,0,33301,0,0,33311,13049,0,32350,9110,10,34452,9135,7,33288,0,0,132105,5611,106;
1701369332988;142579,44904,1,461,248,74,33302,4691,244,34534,9218,0,132037,0,0,33310,11061,0,33301,0,0,33311,13045,0,32350,9112,10,34452,9138,7,33288,0,0,132105,5613,106;
1701369333074;142681,44904,1,461,249,75,33302,4691,244,34534,9215,0,132037,0,0,33310,11060,0,33301,0,0,33311,13048,0,32350,9112,10,34452,9134,7,33288,0,0,132105,5612,105;
1701369333171;142780,44904,1,462,250,75,33302,4692,247,34534,9210,0,132037,0,0,33310,11065,0,33301,0,0,33311,13041,0,32350,9112,10,34452,9138,7,33288,0,0,132105,5612,106;
1701369333273;142876,44904,1,462,249,76,33302,4691,241,34534,9217,0,132037,0,0,33310,11074,0,33301,0,0,33311,13047,0,32350,9111,10,34452,9140,7,33288,0,0,132105,5612,104;
1701369333374;142979,44904,1,460,248,74,33302,4691,243,34534,9225,0,132037,0,0,33310,11067,0,33301,0,0,33311,13044,0,32350,9113,10,34452,9136,7,33288,0,0,132105,5612,105;
1701369333473;143081,44904,1,463,247,76,33302,4690,243,34534,9215,0,132037,0,0,33310,11059,0,33301,0,0,33311,13045,0,32350,9110,10,34452,9134,7,33288,0,0,132105,5613,106;
1701369333589;143181,44904,1,463,248,77,33302,4690,243,34534,9218,0,132037,0,0,33310,11053,0,33301,0,0,33311,13045,0,32350,9110,10,34452,9132,7,33288,0,0,132105,5612,106;
1701369333687;143282,44904,1,463,250,75,33302,4692,244,34534,9216,0,132037,0,0,33310,11058,0,33301,0,0,33311,13041,0,32350,9111,11,34452,9134,7,33288,0,0,132105,5612,106;
1701369333785;143378,44904,1,462,250,76,33302,4691,242,34534,9212,0,132037,0,0,33310,0,0,33301,0,0,33311,13039,0,32350,9111,11,34452,9135,7,33288,0,0,132105,5611,106;
