1701369369752;179275,44904,1,1115,300,79,33302,4960,197,34534,0,0,132037,0,0,33310,10588,1,33301,0,0,33311,12965,1,32350,8566,16,34452,8560,13,33288,0,0,132105,6009,86;
1701369369822;179377,44904,1,1115,299,80,33302,4959,196,34534,0,0,132037,0,0,33310,10586,1,33301,0,0,33311,12971,1,32350,8565,16,34452,8558,13,33288,0,0,132105,6009,86;
1701369369871;179475,44904,1,1117,299,81,33302,4958,197,34534,0,0,132037,0,0,33310,10588,1,33301,0,0,33311,12967,1,32350,8563,16,34452,8559,13,33288,0,0,132105,6009,86;
1701369369969;179578,44904,1,1119,299,82,33302,4959,198,34534,0,0,132037,0,0,33310,10588,1,33301,0,0,33311,12967,1,32350,8561,16,34452,8560,13,33288,0,0,132105,6010,86;
1701369370070;179674,44904,1,1115,300,79,33302,4960,197,34534,0,0,132037,0,0,33310,10588,1,33301,0,0,33311,12968,1,32350,8566,17,34452,8560,13,33288,0,0,132105,6009,86;
1701369370172;179775,44904,1,1115,299,80,33302,4959,197,34534,0,0,132037,0,0,33310,0,0,33301,0,0,33311,12971,1,32350,8565,17,34452,8559,13,33288,0,0,132105,6009,86;
1701369370270;179879,44904,1,1117,297,81,33302,4958,195,34534,0,0,132037,0,0,33310,10588,1,33301,0,0,33311,12965,0,32350,8563,17,34452,8560,13,33288,0,0,132105,6010,86;
1701369370370;179974,44904,1,1116,298,80,33302,4959,196,34534,0,0,132037,0,0,33310,10585,1,33301,0,0,33311,12965,1,32350,8564,16,34452,8560,13,33288,0,0,132105,6010,86;
1701369370473;180074,44904,1,1117,301,82,33302,4959,195,34534,0,0,132037,0,0,33310,10588,1,33301,0,0,33311,12964,1,32350,8563,16,34452,8560,13,33288,0,0,132105,6008,85;
1701369370573;180176,44904,1,1118,300,82,33302,4959,196,34534,0,0,132037,0,0,33310,10587,1,33301,0,0,33311,12967,1,32350,8562,17,34452,8561,13,33288,0,0,132105,6009,85;
1701369370672;180278,44904,1,1115,299,79,33302,4959,194,34534,0,0,132037,0,0,33310,10588,1,33301,0,0,33311,12967,1,32350,8566,17,34452,8560,13,33288,0,0,132105,6009,85;
1701369370771;180377,44904,1,1117,302,81,33302,4960,195,34534,0,0,132037,0,0,33310,10587,1,33301,0,0,33311,12969,1,32350,8564,17,34452,8561,13,33288,0,0,132105,6008,84;
1701369370869;180474,44904,1,1117,299,80,33302,4959,197,34534,0,0,132037,0,0,33310,10586,1,33301,0,0,33311,12969,1,32350,8563,16,34452,8559,13,33288,0,0,132105,6010,86;
1701369370974;180579,44904,1,1116,299,81,33302,4959,196,34534,0,0,132037,0,0,33310,10589,1,33301,0,0,33311,12966,1,32350,8564,16,34452,8560,13,33288,0,0,132105,6009,86;
1701369371067;180677,44904,1,1115,299,81,33302,4958,195,34534,0,0,132037,0,0,33310,10588,1,33301,0,0,33311,12971,1,32350,8565,17,34452,8560,13,33288,0,0,132105,6008,85;
1701369371168;180773,44904,1,1118,300,82,33302,4959,195,34534,0,0,132037,0,0,33310,10586,1,33301,0,0,33311,12967,1,32350,8562,17,34452,8560,13,33288,0,0,132105,6009,86;
1701369371274;180877,44904,1,1117,300,81,33302,4959,195,34534,0,0,132037,0,0,33310,10586,1,33301,0,0,33311,12962,1,32350,8563,17,34452,8563,13,33288,0,0,132105,6009,85;
1701369371365;180975,44904,1,1114,300,80,33302,4959,194,34534,0,0,132037,0,0,33310,10588,1,33301,0,0,33311,12968,1,32350,8566,16,34452,8560,13,33288,0,0,132105,6008,85;
1701369371471;181076,44904,1,1117,300,81,33302,4959,193,34534,0,0,132037,0,0,33310,10588,1,33301,0,0,33311,12968,1,32350,8563,16,34452,8560,13,33288,0,0,132105,6009,86;
1701369371560;181172,44904,1,1118,300,82,33302,4959,193,34534,0,0,132037,0,0,33310,10586,1,33301,0,0,33311,12968,1,32350,8562,15,34452,8561,13,33288,0,0,132105,6009,86;
1701369371672;181276,44904,1,1115,299,80,33302,4959,193,34534,0,0,132037,0,0,33310,10586,1,33301,0,0,33311,12966,1,32350,8565,16,34452,8561,13,33288,0,0,132105,6009,87;
1701369371780;181375,44904,1,1115,299,81,33302,4958,194,34534,0,0,132037,0,0,33310,10585,1,33301,0,0,33311,12967,1,32350,8565,17,34452,8562,13,33288,0,0,132105,6008,87;
1701369371870;181477,44904,1,1116,301,81,33302,4959,195,34534,0,0,132037,0,0,33310,0,0,33301,0,0,33311,12967,1,32350,8564,16,34452,8558,13,33288,0,0,132105,6008,87;
1701369371964;181575,44904,1,1116,301,80,33302,4960,195,34534,0,0,132037,0,0,33310,10587,1,33301,0,0,33311,12966,1,32350,8565,15,34452,8559,13,33288,0,0,132105,6008,86;
1701369372071;181677,44904,1,1115,300,81,33302,4959,196,34534,0,0,132037,0,0,33310,10588,1,33301,0,0,33311,12966,1,32350,8565,15,34452,8560,13,33288,0,0,132105,6008,88;
1701369372169;181772,44904,1,1114,298,78,33302,4959,195,34534,0,0,132037,0,0,33310,10585,1,33301,0,0,33311,12966,1,32350,8567,15,34452,8560,13,33288,0,0,132105,6009,88;
1701369372277;181878,44904,1,1115,301,80,33302,4960,197,34534,0,0,132037,0,0,33310,10585,1,33301,0,0,33311,12967,1,32350,8566,17,34452,8560,13,33288,0,0,132105,6008,87;
1701369372372;181975,44904,1,1115,299,80,33302,4959,196,34534,0,0,132037,0,0,33310,10586,1,33301,0,0,33311,12968,1,32350,8565,16,34452,8560,13,33288,0,0,132105,6009,88;
1701369372470;182076,44904,1,1117,300,81,33302,4959,197,34534,0,0,132037,0,0,33310,10585,1,33301,0,0,33311,12966,1,32350,8563,15,34452,8561,13,33288,0,0,132105,6009,88;
1701369372577;182179,44904,1,1117,302,81,33302,4960,196,34534,0,0,132037,0,0,33310,10586,1,33301,0,0,33311,12966,1,32350,8564,15,34452,8561,13,33288,0,0,132105,6008,88;
1701369372661;182274,44904,1,1115,300,81,33302,4959,196,34534,0,0,132037,0,0,33310,10586,1,33301,0,0,33311,12970,1,32350,8565,16,34452,8562,13,33288,0,0,132105,6008,88;
1701369372775;182376,44904,1,979,554,111,33302,0,0,34534,0,0,132037,0,0,33310,10586,1,33301,0,0,33311,12966,0,32350,8562,15,34452,8562,13,33288,0,0,132105,6007,86;
1701369372867;182477,44904,1,1114,298,78,33302,4959,193,34534,0,0,132037,0,0,33310,10587,1,33301,0,0,33311,12968,0,32350,8567,15,34452,8562,13,33288,0,0,132105,6009,87;
1701369372968;182578,44904,1,1116,303,81,33302,4960,198,34534,0,0,132037,0,0,33310,10588,1,33301,0,0,33311,12965,1,32350,8565,15,34452,8560,13,33288,0,0,132105,6007,88;
1701369373070;182674,44904,1,1118,301,83,33302,4959,199,34534,0,0,132037,0,0,33310,10586,1,33301,0,0,33311,12965,1,32350,8562,15,34452,8559,13,33288,0,0,132105,6008,88;
1701369373160;182777,44904,1,1115,299,80,33302,4959,198,34534,0,0,132037,0,0,33310,0,0,33301,0,0,33311,12964,1,32350,8565,15,34452,8560,12,33288,0,0,132105,6009,87;
1701369373271;182873,44904,1,1119,302,83,33302,4960,199,34534,0,0,132037,0,0,33310,10586,1,33301,0,0,33311,12968,1,32350,8562,15,34452,8561,12,33288,0,0,132105,6008,87;
1701369373361;182976,44904,1,1117,301,82,33302,4959,200,34534,0,0,132037,0,0,33310,10586,1,33301,0,0,33311,12965,1,32350,8563,15,34452,8562,13,33288,0,0,132105,6008,87;
1701369373468;183075,44904,1,1117,301,82,33302,4959,200,34534,0,0,132037,0,0,33310,10588,1,33301,0,0,33311,12963,1,32350,8563,15,34452,8560,13,33288,0,0,132105,6008,86;
1701369373576;183176,44904,1,1116,301,81,33302,4959,200,34534,0,0,132037,0,0,33310,0,0,33301,0,0,33311,12967,1,32350,8564,15,34452,8564,13,33288,0,0,132105,6008,87;
1701369373672;183274,44904,1,1116,299,81,33302,4959,200,34534,0,0,132037,0,0,33310,0,0,33301,0,0,33311,12967,1,32350,8564,15,34452,8559,13,33288,0,0,132105,6009,87;
1701369373763;183377,44904,1,1118,301,83,33302,4959,200,34534,0,0,132037,0,0,33310,10587,1,33301,0,0,33311,12967,1,32350,8562,15,34452,8560,13,33288,0,0,132105,6008,87;
1701369373864;183474,44904,1,1117,302,81,33302,4960,200,34534,0,0,132037,0,0,33310,10586,1,33301,0,0,33311,12965,1,32350,8564,15,34452,8559,13,33288,0,0,132105,6008,87;
1701369373972;183576,44904,1,1115,300,81,33302,4959,197,34534,0,0,132037,0,0,33310,0,0,33301,0,0,33311,12971,1,32350,8565,14,34452,8560,13,33288,0,0,132105,6008,86;
1701369374072;183673,44904,1,1118,302,82,33302,4960,200,34534,0,0,132037,0,0,33310,10587,1,33301,0,0,33311,12969,1,32350,8563,14,34452,8559,13,33288,0,0,132105,6008,88;
1701369374171;183777,44904,1,1116,299,81,33302,4959,199,34534,0,0,132037,0,0,33310,10585,1,33301,0,0,33311,12966,1,32350,8564,15,34452,8561,13,33288,0,0,132105,6009,88;
1701369374276;183872,44904,1,1117,300,81,33302,4959,198,34534,0,0,132037,0,0,33310,10586,1,33301,0,0,33311,12968,1,32350,8563,15,34452,8560,13,33288,0,0,132105,6009,88;
1701369374377;183975,44904,1,1116,299,81,33302,4959,198,34534,0,0,132037,0,0,33310,10585,1,33301,0,0,33311,12969,1,32350,8564,14,34452,8562,13,33288,0,0,132105,6009,88;
1701369374463;184076,44904,1,1115,300,81,33302,4959,197,34534,0,0,132037,0,0,33310,10584,1,33301,0,0,33311,12971,1,32350,8565,14,34452,8561,13,33288,0,0,132105,6008,87;
1701369374567;184175,44904,1,1116,301,81,33302,4959,197,34534,0,0,132037,0,0,33310,10587,1,33301,0,0,33311,12973,1,32350,8564,14,34452,8559,13,33288,0,0,132105,6008,88;
1701369374679;184276,44904,1,1115,301,81,33302,4959,196,34534,0,0,132037,0,0,33310,10587,1,33301,0,0,33311,12975,1,32350,8565,14,34452,8563,13,33288,0,0,132105,6007,87;
1701369374772;184372,44904,1,1115,300,81,33302,4959,198,34534,0,0,132037,0,0,33310,10586,1,33301,0,0,33311,12970,0,32350,8565,14,34452,8560,14,33288,0,0,132105,6008,88;
1701369374871;184475,44904,1,1116,299,81,33302,4959,199,34534,0,0,132037,0,0,33310,10584,1,33301,0,0,33311,12971,0,32350,8564,15,34452,8562,14,33288,0,0,132105,6009,89;
1701369374975;184575,44904,1,1116,301,81,33302,4959,199,34534,0,0,132037,0,0,33310,10585,1,33301,0,0,33311,12966,0,32350,8564,14,34452,8563,14,33288,0,0,132105,6008,88;
1701369375070;184676,44904,1,989,538,130,33302,0,0,34534,0,0,132037,0,0,33310,10584,1,33301,0,0,33311,12977,0,32350,8565,14,34452,8561,13,33288,0,0,132105,6009,88;
1701369375172;184774,44904,1,1116,301,81,33302,4959,199,34534,0,0,132037,0,0,33310,10585,1,33301,0,0,33311,12968,1,32350,8564,15,34452,8559,13,33288,0,0,132105,6008,88;
1701369375279;184877,44904,1,1117,300,81,33302,4959,199,34534,0,0,132037,0,0,33310,10584,1,33301,0,0,33311,12974,1,32350,8563,15,34452,8560,13,33288,0,0,132105,6009,88;
1701369375360;184972,44904,1,1116,299,81,33302,4959,200,34534,0,0,132037,0,0,33310,10585,1,33301,0,0,33311,12969,0,32350,8564,15,34452,8561,13,33288,0,0,132105,6009,88;
1701369375474;185076,44904,1,1115,300,81,33302,4959,200,34534,0,0,132037,0,0,33310,10584,1,33301,0,0,33311,12977,0,32350,8565,15,34452,8560,14,33288,0,0,132105,6008,87;
1701369375571;185176,44904,1,1116,299,81,33302,4959,200,34534,0,0,132037,0,0,33310,0,0,33301,0,0,33311,12969,0,32350,8564,15,34452,8558,13,33288,0,0,132105,6009,88;
1701369375673;185276,44904,1,1118,301,83,33302,4959,200,34534,0,0,132037,0,0,33310,10586,1,33301,0,0,33311,12973,0,32350,8562,15,34452,8560,13,33288,0,0,132105,6008,87;
1701369375771;185373,44904,1,1114,300,80,33302,4959,201,34534,0,0,132037,0,0,33310,10585,1,33301,0,0,33311,12974,0,32350,8566,15,34452,8561,13,33288,0,0,132105,6008,87;
1701369375873;185475,44904,1,1116,299,81,33302,4959,198,34534,0,0,132037,0,0,33310,10585,1,33301,0,0,33311,12980,0,32350,8564,14,34452,8562,12,33288,0,0,132105,6009,86;
1701369375964;185575,44904,1,1118,301,83,33302,4959,201,34534,0,0,132037,0,0,33310,10587,1,33301,0,0,33311,12972,0,32350,8562,15,34452,8561,13,33288,0,0,132105,6008,86;
1701369376069;185677,44904,1,1117,304,83,33302,4960,200,34534,0,0,132037,0,0,33310,10586,1,33301,0,0,33311,12968,0,32350,8563,15,34452,8561,13,33288,0,0,132105,6006,86;
1701369376243;185779,44904,1,1115,299,79,33302,4959,201,34534,0,0,132037,0,0,33310,10584,1,33301,0,0,33311,12970,0,32350,8566,15,34452,8562,13,33288,0,0,132105,6009,87;
1701369376271;185872,44904,1,1118,303,83,33302,4960,201,34534,0,0,132037,0,0,33310,10585,1,33301,0,0,33311,12975,1,32350,8563,15,34452,8562,14,33288,0,0,132105,6007,85;
1701369376366;185974,44904,1,1120,301,84,33302,4959,201,34534,0,0,132037,0,0,33310,10586,1,33301,0,0,33311,12971,1,32350,8560,15,34452,8560,14,33288,0,0,132105,6009,86;
1701369376469;186078,44904,1,1117,302,83,33302,4959,202,34534,0,0,132037,0,0,33310,10586,1,33301,0,0,33311,12972,1,32350,8563,15,34452,8562,13,33288,0,0,132105,6007,85;
1701369376571;186177,44904,1,1116,299,81,33302,4959,199,34534,0,0,132037,0,0,33310,10586,1,33301,0,0,33311,12973,0,32350,8564,14,34452,8563,13,33288,0,0,132105,6009,85;
1701369376675;186271,44904,1,1119,302,83,33302,4960,201,34534,0,0,132037,0,0,33310,10584,1,33301,0,0,33311,12978,1,32350,8561,14,34452,8560,13,33288,0,0,132105,6009,86;
1701369376769;186374,44904,1,1117,301,82,33302,4959,202,34534,0,0,132037,0,0,33310,10586,1,33301,0,0,33311,12972,1,32350,8563,14,34452,8558,13,33288,0,0,132105,6008,86;
1701369376870;186477,44904,1,1118,302,82,33302,4960,201,34534,0,0,132037,0,0,33310,10586,1,33301,0,0,33311,12974,1,32350,8563,14,34452,8560,13,33288,0,0,132105,6008,85;
1701369376958;186576,44904,1,1115,300,81,33302,4959,199,34534,0,0,132037,0,0,33310,10585,1,33301,0,0,33311,12970,1,32350,8565,14,34452,8562,13,33288,0,0,132105,6008,86;
1701369377070;186671,44904,1,1116,298,80,33302,4959,201,34534,0,0,132037,0,0,33310,10585,1,33301,0,0,33311,12968,1,32350,8564,15,34452,8561,13,33288,0,0,132105,6010,87;
1701369377165;186774,44904,1,1118,301,81,33302,4960,198,34534,0,0,132037,0,0,33310,10586,1,33301,0,0,33311,12973,0,32350,8563,14,34452,8562,13,33288,0,0,132105,6009,85;
1701369377273;186877,44904,1,1116,302,82,33302,4959,200,34534,0,0,132037,0,0,33310,10585,1,33301,0,0,33311,12968,1,32350,8564,15,34452,8563,13,33288,0,0,132105,6007,86;
1701369377377;186977,44904,1,1119,303,84,33302,4959,200,34534,0,0,132037,0,0,33310,0,0,33301,0,0,33311,12973,1,32350,8561,15,34452,8562,13,33288,0,0,132105,6007,86;
1701369377459;187072,44904,1,1117,301,82,33302,4959,198,34534,0,0,132037,0,0,33310,10586,1,33301,0,0,33311,12973,1,32350,8563,15,34452,8561,13,33288,0,0,132105,6008,86;
1701369377569;187178,44904,1,1115,299,80,33302,4959,199,34534,0,0,132037,0,0,33310,0,0,33301,0,0,33311,12973,0,32350,8565,15,34452,8560,13,33288,0,0,132105,6009,86;
1701369377672;187275,44904,1,1117,301,80,33302,4960,200,34534,0,0,132037,0,0,33310,0,0,33301,0,0,33311,12969,1,32350,8564,15,34452,8561,13,33288,0,0,132105,6009,87;
1701369377765;187374,44904,1,1118,301,81,33302,4960,201,34534,0,0,132037,0,0,33310,0,0,33301,0,0,33311,12969,1,32350,8563,16,34452,8559,13,33288,0,0,132105,6009,87;
1701369377873;187477,44904,1,1115,301,80,33302,4960,200,34534,0,0,132037,0,0,33310,10587,1,33301,0,0,33311,12971,1,32350,8566,16,34452,8563,14,33288,0,0,132105,6008,87;
1701369377974;187571,44904,1,1117,301,82,33302,4959,199,34534,0,0,132037,0,0,33310,10587,1,33301,0,0,33311,12968,1,32350,8563,15,34452,8561,13,33288,0,0,132105,6008,87;
1701369378072;187675,44904,1,1116,301,81,33302,4959,201,34534,0,0,132037,0,0,33310,0,0,33301,0,0,33311,12966,1,32350,8564,15,34452,8561,13,33288,0,0,132105,6008,88;
1701369378160;187776,44904,1,1116,301,81,33302,4959,200,34534,0,0,132037,0,0,33310,10589,1,33301,0,0,33311,12968,1,32350,8564,15,34452,8562,13,33288,0,0,132105,6008,87;
1701369378268;187876,44904,1,1116,300,80,33302,4960,201,34534,0,0,132037,0,0,33310,10587,1,33301,0,0,33311,12970,1,32350,8565,15,34452,8562,13,33288,0,0,132105,6009,87;
1701369378373;187977,44904,1,1115,302,80,33302,4960,201,34534,0,0,132037,0,0,33310,10586,1,33301,0,0,33311,12967,1,32350,8566,16,34452,8563,13,33288,0,0,132105,6007,87;
1701369378471;188073,44904,1,1117,300,81,33302,4959,200,34534,0,0,132037,0,0,33310,10587,1,33301,0,0,33311,12968,1,32350,8563,16,34452,8561,13,33288,0,0,132105,6009,87;
1701369378562;188176,44904,1,1115,300,81,33302,4959,199,34534,0,0,132037,0,0,33310,10586,1,33301,0,0,33311,12972,1,32350,8565,16,34452,8563,13,33288,0,0,132105,6008,87;
1701369378672;188275,44904,1,1115,301,80,33302,4960,200,34534,0,0,132037,0,0,33310,10587,1,33301,0,0,33311,12966,1,32350,8566,17,34452,8563,13,33288,0,0,132105,6008,87;
1701369378768;188376,44904,1,1117,301,80,33302,4960,199,34534,0,0,132037,0,0,33310,10586,1,33301,0,0,33311,12970,1,32350,8564,16,34452,8562,13,33288,0,0,132105,6009,87;
1701369378878;188479,44904,1,1114,300,80,33302,4959,197,34534,0,0,132037,0,0,33310,10586,1,33301,0,0,33311,12969,1,32350,8566,16,34452,8561,13,33288,0,0,132105,6008,86;
1701369378976;188572,44904,1,1114,300,80,33302,4959,200,34534,0,0,132037,0,0,33310,10583,1,33301,0,0,33311,12973,1,32350,8566,16,34452,8562,13,33288,0,0,132105,6008,87;
1701369379068;188676,44904,1,1118,299,83,33302,4958,200,34534,0,0,132037,0,0,33310,10584,1,33301,0,0,33311,12970,1,32350,8561,17,34452,8561,13,33288,0,0,132105,6009,87;
1701369379174;188775,44904,1,1118,303,83,33302,4960,199,34534,0,0,132037,0,0,33310,10585,1,33301,0,0,33311,12967,1,32350,8563,17,34452,8562,13,33288,0,0,132105,6007,86;
1701369379269;188876,44904,1,1117,302,83,33302,4959,199,34534,0,0,132037,0,0,33310,0,0,33301,0,0,33311,12973,1,32350,8563,16,34452,8564,14,33288,0,0,132105,6007,85;
1701369379373;188972,44904,1,1116,301,81,33302,4959,199,34534,0,0,132037,0,0,33310,10584,1,33301,0,0,33311,12972,1,32350,8564,16,34452,8563,14,33288,0,0,132105,6008,86;
1701369379468;189074,44904,1,1118,300,84,33302,4958,199,34534,0,0,132037,0,0,33310,10584,1,33301,0,0,33311,12970,1,32350,8561,16,34452,8561,14,33288,0,0,132105,6008,85;
1701369379570;189174,44904,1,1117,302,81,33302,4960,200,34534,0,0,132037,0,0,33310,10584,1,33301,0,0,33311,12967,1,32350,8564,17,34452,8563,14,33288,0,0,132105,6008,85;
1701369379665;189275,44904,1,1118,303,83,33302,4960,199,34534,0,0,132037,0,0,33310,0,0,33301,0,0,33311,12972,1,32350,8563,16,34452,8562,14,33288,0,0,132105,6007,84;
1701369379762;189372,44904,1,1117,301,83,33302,4958,199,34534,0,0,132037,0,0,33310,10586,1,33301,0,0,33311,12971,1,32350,8563,16,34452,8565,14,33288,0,0,132105,6007,84;
1701369379902;189473,44904,1,1117,300,81,33302,4959,199,34534,0,0,132037,0,0,33310,10584,1,33301,0,0,33311,12969,1,32350,8563,16,34452,8559,14,33288,0,0,132105,6009,84;
1701369379970;189576,44904,1,1117,302,83,33302,4959,200,34534,0,0,132037,0,0,33310,10588,1,33301,0,0,33311,12967,1,32350,8563,16,34452,8561,14,33288,0,0,132105,6007,84;
1701369380062;189672,44904,1,1118,301,83,33302,4959,199,34534,0,0,132037,0,0,33310,10588,1,33301,0,0,33311,12971,0,32350,8562,17,34452,8563,14,33288,0,0,132105,6008,83;
1701369380179;189776,44904,1,1116,301,80,33302,4960,199,34534,0,0,132037,0,0,33310,10584,1,33301,0,0,33311,12972,1,32350,8565,16,34452,8562,13,33288,0,0,132105,6008,84;
1701369380272;189875,44904,1,1116,301,81,33302,4959,198,34534,0,0,132037,0,0,33310,10586,1,33301,0,0,33311,12970,1,32350,8564,17,34452,8560,13,33288,0,0,132105,6008,84;
1701369380368;189976,44904,1,1117,302,83,33302,4959,199,34534,0,0,132037,0,0,33310,10586,1,33301,0,0,33311,12971,1,32350,8563,17,34452,8562,13,33288,0,0,132105,6007,84;
1701369380469;190071,44904,1,1117,301,82,33302,4959,199,34534,0,0,132037,0,0,33310,10586,1,33301,0,0,33311,12967,1,32350,8563,17,34452,8562,13,33288,0,0,132105,6008,84;
1701369380575;190174,44904,1,1118,301,81,33302,4960,199,34534,0,0,132037,0,0,33310,10586,1,33301,0,0,33311,12970,1,32350,8563,17,34452,8563,13,33288,0,0,132105,6009,85;
1701369380665;190275,44904,1,1115,300,81,33302,4959,197,34534,0,0,132037,0,0,33310,10588,1,33301,0,0,33311,12968,1,32350,8565,17,34452,8561,13,33288,0,0,132105,6008,85;
1701369380768;190376,44904,1,1115,301,80,33302,4960,198,34534,0,0,132037,0,0,33310,10587,1,33301,0,0,33311,12967,1,32350,8566,16,34452,8563,13,33288,0,0,132105,6008,85;
1701369380867;190471,44904,1,1115,301,81,33302,4959,199,34534,0,0,132037,0,0,33310,0,0,33301,0,0,33311,12964,1,32350,8565,17,34452,8560,13,33288,0,0,132105,6007,85;
1701369380971;190574,44904,1,1115,300,81,33302,4959,198,34534,0,0,132037,0,0,33310,10585,1,33301,0,0,33311,12969,1,32350,8565,16,34452,8563,13,33288,0,0,132105,6008,85;
1701369381073;190675,44904,1,1115,300,81,33302,4959,198,34534,0,0,132037,0,0,33310,10587,1,33301,0,0,33311,12966,1,32350,8565,16,34452,8564,13,33288,0,0,132105,6008,84;
1701369381171;190776,44904,1,1118,301,81,33302,4960,198,34534,0,0,132037,0,0,33310,10586,1,33301,0,0,33311,12964,1,32350,8563,17,34452,8562,13,33288,0,0,132105,6009,84;
1701369381268;190872,44904,1,1117,302,81,33302,4960,198,34534,0,0,132037,0,0,33310,10586,1,33301,0,0,33311,12964,1,32350,8564,16,34452,8560,13,33288,0,0,132105,6008,84;
1701369381372;190973,44904,1,1116,301,80,33302,4960,197,34534,0,0,132037,0,0,33310,10585,1,33301,0,0,33311,12964,1,32350,8565,17,34452,8559,13,33288,0,0,132105,6008,84;
1701369381465;191075,44904,1,1117,300,81,33302,4959,196,34534,0,0,132037,0,0,33310,10586,1,33301,0,0,33311,12962,1,32350,8563,18,34452,8562,13,33288,0,0,132105,6009,84;
1701369381564;191171,44904,1,1117,301,82,33302,4959,194,34534,0,0,132037,0,0,33310,10585,1,33301,0,0,33311,12968,1,32350,8563,17,34452,8561,12,33288,0,0,132105,6008,83;
1701369381666;191274,44904,1,1115,301,81,33302,4959,194,34534,0,0,132037,0,0,33310,10589,1,33301,0,0,33311,12965,1,32350,8565,16,34452,8561,13,33288,0,0,132105,6007,84;
1701369381771;191375,44904,1,1117,300,81,33302,4959,197,34534,0,0,132037,0,0,33310,10585,1,33301,0,0,33311,12964,1,32350,8563,16,34452,8560,13,33288,0,0,132105,6009,85;
1701369381872;191475,44904,1,1118,301,83,33302,4959,194,34534,0,0,132037,0,0,33310,10587,1,33301,0,0,33311,12966,1,32350,8562,16,34452,8561,13,33288,0,0,132105,6008,84;
1701369381969;191576,44904,1,1114,300,80,33302,4959,196,34534,0,0,132037,0,0,33310,10587,1,33301,0,0,33311,12966,1,32350,8566,16,34452,8563,13,33288,0,0,132105,6008,85;
1701369382066;191677,44904,1,1117,300,81,33302,4959,197,34534,0,0,132037,0,0,33310,10587,1,33301,0,0,33311,12962,1,32350,8563,17,34452,8561,12,33288,0,0,132105,6009,86;
1701369382165;191773,44904,1,1115,299,80,33302,4959,196,34534,0,0,132037,0,0,33310,10584,1,33301,0,0,33311,12962,1,32350,8565,17,34452,8562,13,33288,0,0,132105,6009,85;
1701369382439;191874,44904,1,1116,301,80,33302,4960,197,34534,0,0,132037,0,0,33310,10585,1,33301,0,0,33311,12965,1,32350,8565,17,34452,8561,13,33288,0,0,132105,6008,85;
1701369382466;191976,44904,1,1116,301,81,33302,4959,196,34534,0,0,132037,0,0,33310,10588,1,33301,0,0,33311,12964,1,32350,8564,16,34452,8563,13,33288,0,0,132105,6008,85;
1701369382484;192072,44904,1,1116,301,81,33302,4959,197,34534,0,0,132037,0,0,33310,10586,1,33301,0,0,33311,12964,1,32350,8564,16,34452,8560,13,33288,0,0,132105,6008,86;
1701369382577;192174,44904,1,1116,301,81,33302,4959,194,34534,0,0,132037,0,0,33310,10586,1,33301,0,0,33311,12964,1,32350,8564,16,34452,8563,13,33288,0,0,132105,6008,85;
1701369382676;192276,44904,1,1117,300,81,33302,4959,195,34534,0,0,132037,0,0,33310,10584,1,33301,0,0,33311,12962,1,32350,8563,16,34452,8563,13,33288,0,0,132105,6009,86;
1701369382766;192375,44904,1,1117,300,81,33302,4959,198,34534,0,0,132037,0,0,33310,10584,1,33301,0,0,33311,12962,1,32350,8563,17,34452,8562,13,33288,0,0,132105,6009,87;
1701369382861;192476,44904,1,1115,300,81,33302,4959,198,34534,0,0,132037,0,0,33310,10583,1,33301,0,0,33311,12963,1,32350,8565,16,34452,8561,14,33288,0,0,132105,6008,86;
1701369382965;192572,44904,1,1116,301,80,33302,4960,198,34534,0,0,132037,0,0,33310,10584,1,33301,0,0,33311,12963,1,32350,8565,17,34452,8563,14,33288,0,0,132105,6008,86;
1701369383065;192673,44904,1,1116,300,80,33302,4960,199,34534,0,0,132037,0,0,33310,10586,1,33301,0,0,33311,12962,1,32350,8565,17,34452,8563,13,33288,0,0,132105,6009,87;
1701369383169;192775,44904,1,1117,301,80,33302,4960,199,34534,0,0,132037,0,0,33310,0,0,33301,0,0,33311,12964,1,32350,8564,16,34452,8561,13,33288,0,0,132105,6009,87;
1701369383276;192877,44904,1,1117,300,81,33302,4959,196,34534,0,0,132037,0,0,33310,0,0,33301,0,0,33311,12970,1,32350,8563,17,34452,8561,13,33288,0,0,132105,6009,86;
1701369383367;192971,44904,1,1119,302,83,33302,4960,198,34534,0,0,132037,0,0,33310,0,0,33301,0,0,33311,12965,1,32350,8561,16,34452,8563,13,33288,0,0,132105,6009,87;
1701369383684;193074,44904,1,1117,301,80,33302,4960,197,34534,0,0,132037,0,0,33310,10586,1,33301,0,0,33311,12964,1,32350,8564,16,34452,8563,13,33288,0,0,132105,6009,86;
1701369383737;193175,44904,1,1119,302,83,33302,4960,197,34534,0,0,132037,0,0,33310,0,0,33301,0,0,33311,12963,1,32350,8562,16,34452,8564,13,33288,0,0,132105,6008,86;
1701369383753;193276,44904,1,1117,300,81,33302,4959,197,34534,0,0,132037,0,0,33310,10586,1,33301,0,0,33311,12964,1,32350,8563,17,34452,8562,13,33288,0,0,132105,6009,86;
1701369383767;193372,44904,1,1117,302,83,33302,4959,196,34534,0,0,132037,0,0,33310,10586,1,33301,0,0,33311,12962,1,32350,8563,16,34452,8564,13,33288,0,0,132105,6007,85;
1701369383869;193473,44904,1,1114,300,78,33302,4960,195,34534,0,0,132037,0,0,33310,10588,1,33301,0,0,33311,12966,1,32350,8567,16,34452,8564,13,33288,0,0,132105,6009,85;
1701369383971;193578,44904,1,1116,301,81,33302,4959,195,34534,0,0,132037,0,0,33310,10586,1,33301,0,0,33311,12966,1,32350,8564,16,34452,8563,13,33288,0,0,132105,6008,85;
1701369384068;193675,44904,1,1115,300,81,33302,4959,195,34534,0,0,132037,0,0,33310,10587,1,33301,0,0,33311,12963,1,32350,8565,16,34452,8563,13,33288,0,0,132105,6008,85;
1701369384165;193773,44904,1,1117,300,81,33302,4959,195,34534,0,0,132037,0,0,33310,10586,1,33301,0,0,33311,12966,1,32350,8563,16,34452,8559,13,33288,0,0,132105,6009,86;
1701369384265;193876,44904,1,1115,300,81,33302,4959,197,34534,0,0,132037,0,0,33310,10586,1,33301,0,0,33311,12961,1,32350,8565,16,34452,8561,12,33288,0,0,132105,6008,86;
1701369384459;193972,44904,1,1118,302,82,33302,4960,197,34534,0,0,132037,0,0,33310,10588,1,33301,0,0,33311,12962,1,32350,8563,16,34452,8565,13,33288,0,0,132105,6008,86;
1701369384482;194073,44904,1,1116,301,81,33302,4959,194,34534,0,0,132037,0,0,33310,10588,1,33301,0,0,33311,12964,1,32350,8564,15,34452,8564,12,33288,0,0,132105,6008,85;
1701369384565;194174,44904,1,1115,300,81,33302,4959,196,34534,0,0,132037,0,0,33310,10586,1,33301,0,0,33311,12962,1,32350,8565,15,34452,8563,12,33288,0,0,132105,6008,86;
1701369384663;194277,44904,1,1119,301,82,33302,4960,196,34534,0,0,132037,0,0,33310,10588,1,33301,0,0,33311,12960,1,32350,8562,15,34452,8562,12,33288,0,0,132105,6009,86;
1701369384766;194376,44904,1,1116,301,81,33302,4959,193,34534,0,0,132037,0,0,33310,10588,1,33301,0,0,33311,12966,1,32350,8564,15,34452,8568,12,33288,0,0,132105,6008,85;
1701369384867;194472,44904,1,1114,300,79,33302,4959,196,34534,0,0,132037,0,0,33310,10587,1,33301,0,0,33311,12961,1,32350,8567,16,34452,8559,12,33288,0,0,132105,6008,86;
1701369384966;194574,44904,1,1115,299,80,33302,4959,196,34534,0,0,132037,0,0,33310,10584,1,33301,0,0,33311,12960,1,32350,8565,16,34452,8564,12,33288,0,0,132105,6009,86;
1701369385057;194670,44904,1,1116,301,81,33302,4959,197,34534,0,0,132037,0,0,33310,10587,1,33301,0,0,33311,12961,1,32350,8564,15,34452,8562,13,33288,0,0,132105,6008,86;
1701369385169;194774,44904,1,1116,301,81,33302,4959,196,34534,0,0,132037,0,0,33310,10586,1,33301,0,0,33311,12962,1,32350,8564,15,34452,8563,12,33288,0,0,132105,6008,85;
1701369385268;194878,44904,1,1115,299,80,33302,4959,195,34534,0,0,132037,0,0,33310,10586,1,33301,0,0,33311,12960,1,32350,8565,15,34452,8564,12,33288,0,0,132105,6009,85;
1701369385366;194975,44904,1,1115,300,81,33302,4959,198,34534,0,0,132037,0,0,33310,10585,1,33301,0,0,33311,12958,1,32350,8565,15,34452,8563,12,33288,0,0,132105,6008,85;
1701369385462;195071,44904,1,1115,301,81,33302,4959,198,34534,0,0,132037,0,0,33310,10586,1,33301,0,0,33311,12963,1,32350,8565,16,34452,8563,13,33288,0,0,132105,6007,84;
1701369385567;195173,44904,1,1118,302,82,33302,4960,200,34534,0,0,132037,0,0,33310,10586,1,33301,0,0,33311,12960,1,32350,8563,16,34452,8564,13,33288,0,0,132105,6008,85;
1701369385666;195276,44904,1,1116,301,80,33302,4960,200,34534,0,0,132037,0,0,33310,0,0,33301,0,0,33311,12962,1,32350,8565,16,34452,8561,12,33288,0,0,132105,6008,84;
1701369385765;195375,44904,1,1116,299,81,33302,4959,199,34534,0,0,132037,0,0,33310,10584,1,33301,0,0,33311,12964,1,32350,8564,16,34452,8561,13,33288,0,0,132105,6009,84;
1701369385868;195471,44904,1,1118,303,83,33302,4960,200,34534,0,0,132037,0,0,33310,10585,1,33301,0,0,33311,12958,1,32350,8563,16,34452,8563,13,33288,0,0,132105,6007,83;
1701369385964;195576,44904,1,1116,302,82,33302,4959,199,34534,0,0,132037,0,0,33310,10584,1,33301,0,0,33311,12962,1,32350,8564,16,34452,8561,13,33288,0,0,132105,6007,83;
1701369386064;195674,44904,1,1118,300,82,33302,4959,199,34534,0,0,132037,0,0,33310,10586,1,33301,0,0,33311,12961,1,32350,8562,16,34452,8564,13,33288,0,0,132105,6009,83;
1701369386162;195775,44904,1,1115,299,80,33302,4959,199,34534,0,0,132037,0,0,33310,10584,1,33301,0,0,33311,12963,1,32350,8565,16,34452,8563,13,33288,0,0,132105,6009,83;
1701369386262;195871,44904,1,1118,300,82,33302,4959,199,34534,0,0,132037,0,0,33310,10586,1,33301,0,0,33311,12962,1,32350,8562,16,34452,8563,13,33288,0,0,132105,6009,82;
1701369386361;195974,44904,1,1118,301,81,33302,4960,199,34534,0,0,132037,0,0,33310,10587,1,33301,0,0,33311,12962,1,32350,8563,16,34452,8560,13,33288,0,0,132105,6009,83;
1701369386464;196075,44904,1,1117,302,81,33302,4960,199,34534,0,0,132037,0,0,33310,10583,1,33301,0,0,33311,12963,1,32350,8564,15,34452,8560,13,33288,0,0,132105,6008,82;
1701369386560;196175,44904,1,1119,302,83,33302,4960,198,34534,0,0,132037,0,0,33310,10584,1,33301,0,0,33311,12962,1,32350,8562,15,34452,8564,13,33288,0,0,132105,6008,82;
1701369386661;196271,44904,1,1118,301,81,33302,4960,199,34534,0,0,132037,0,0,33310,10587,1,33301,0,0,33311,12961,1,32350,8563,15,34452,8563,13,33288,0,0,132105,6009,82;
1701369386766;196372,44904,1,1118,302,82,33302,4960,197,34534,0,0,132037,0,0,33310,10585,1,33301,0,0,33311,12963,1,32350,8563,16,34452,8565,13,33288,0,0,132105,6008,81;
1701369386864;196474,44904,1,1117,300,81,33302,4959,198,34534,0,0,132037,0,0,33310,10584,1,33301,0,0,33311,12963,1,32350,8563,16,34452,8562,13,33288,0,0,132105,6009,82;
1701369386963;196574,44904,1,1118,302,82,33302,4960,198,34534,0,0,132037,0,0,33310,10586,1,33301,0,0,33311,12961,1,32350,8563,16,34452,8566,13,33288,0,0,132105,6008,82;
1701369387064;196676,44904,1,1116,301,81,33302,4959,197,34534,0,0,132037,0,0,33310,10586,1,33301,0,0,33311,12963,1,32350,8564,16,34452,8563,13,33288,0,0,132105,6008,82;
1701369387168;196770,44904,1,1118,302,82,33302,4960,198,34534,0,0,132037,0,0,33310,0,0,33301,0,0,33311,12963,1,32350,8563,15,34452,8566,13,33288,0,0,132105,6008,82;
1701369387263;196874,44904,1,1118,301,81,33302,4960,197,34534,0,0,132037,0,0,33310,10585,1,33301,0,0,33311,12963,1,32350,8563,15,34452,8561,13,33288,0,0,132105,6009,82;
1701369387365;196975,44904,1,1117,302,83,33302,4959,196,34534,0,0,132037,0,0,33310,10586,1,33301,0,0,33311,12962,1,32350,8563,15,34452,8560,13,33288,0,0,132105,6007,82;
1701369387464;197075,44904,1,1115,300,79,33302,4960,196,34534,0,0,132037,0,0,33310,10586,1,33301,0,0,33311,12964,1,32350,8566,15,34452,8564,13,33288,0,0,132105,6009,81;
1701369387568;197170,44904,1,1117,303,82,33302,4960,196,34534,0,0,132037,0,0,33310,10589,1,33301,0,0,33311,12963,1,32350,8564,15,34452,8563,13,33288,0,0,132105,6007,82;
1701369387663;197274,44904,1,1117,302,81,33302,4960,198,34534,0,0,132037,0,0,33310,10585,1,33301,0,0,33311,12963,1,32350,8564,16,34452,8564,13,33288,0,0,132105,6008,83;
1701369387763;197374,44904,1,1119,300,83,33302,4959,197,34534,0,0,132037,0,0,33310,0,0,33301,0,0,33311,12964,1,32350,8561,15,34452,8563,13,33288,0,0,132105,6009,83;
1701369387863;197475,44904,1,1117,301,82,33302,4959,195,34534,0,0,132037,0,0,33310,10586,1,33301,0,0,33311,12966,1,32350,8563,14,34452,8562,13,33288,0,0,132105,6008,81;
1701369387961;197572,44904,1,1117,302,81,33302,4960,197,34534,0,0,132037,0,0,33310,0,0,33301,0,0,33311,12967,1,32350,8564,15,34452,8564,13,33288,0,0,132105,6008,82;
1701369388061;197673,44904,1,1117,303,82,33302,4960,197,34534,0,0,132037,0,0,33310,10585,1,33301,0,0,33311,12960,1,32350,8564,17,34452,8563,13,33288,0,0,132105,6007,83;
1701369388163;197774,44904,1,1117,302,81,33302,4960,195,34534,0,0,132037,0,0,33310,10586,1,33301,0,0,33311,12968,1,32350,8564,15,34452,8562,13,33288,0,0,132105,6008,81;
1701369388265;197877,44904,1,1119,302,84,33302,4959,197,34534,0,0,132037,0,0,33310,10585,1,33301,0,0,33311,12965,1,32350,8561,15,34452,8563,13,33288,0,0,132105,6008,82;
1701369388361;197971,44904,1,1116,303,81,33302,4960,197,34534,0,0,132037,0,0,33310,0,0,33301,0,0,33311,12964,1,32350,8565,15,34452,8563,13,33288,0,0,132105,6007,83;
1701369388461;198073,44904,1,1117,302,81,33302,4960,196,34534,0,0,132037,0,0,33310,10587,1,33301,0,0,33311,12965,1,32350,8564,16,34452,8564,13,33288,0,0,132105,6008,82;
1701369388564;198175,44904,1,1119,303,84,33302,4959,195,34534,0,0,132037,0,0,33310,10585,1,33301,0,0,33311,12962,1,32350,8561,16,34452,8562,13,33288,0,0,132105,6007,82;
1701369388661;198275,44904,1,1118,301,81,33302,4960,198,34534,0,0,132037,0,0,33310,10586,1,33301,0,0,33311,12965,1,32350,8563,15,34452,8562,13,33288,0,0,132105,6009,82;
1701369388763;198377,44904,1,1118,301,81,33302,4960,197,34534,0,0,132037,0,0,33310,10585,1,33301,0,0,33311,12966,1,32350,8563,15,34452,8563,13,33288,0,0,132105,6009,82;
1701369388862;198471,44904,1,1116,301,80,33302,4960,198,34534,0,0,132037,0,0,33310,10587,1,33301,0,0,33311,12965,1,32350,8565,16,34452,8562,13,33288,0,0,132105,6008,82;
1701369388964;198573,44904,1,1118,302,82,33302,4960,198,34534,0,0,132037,0,0,33310,0,0,33301,0,0,33311,12966,1,32350,8563,16,34452,8563,14,33288,0,0,132105,6008,82;
1701369389059;198674,44904,1,1118,304,84,33302,4959,199,34534,0,0,132037,0,0,33310,10584,1,33301,0,0,33311,12965,1,32350,8562,17,34452,8563,14,33288,0,0,132105,6006,82;
1701369389162;198775,44904,1,1114,301,79,33302,4960,195,34534,0,0,132037,0,0,33310,0,0,33301,0,0,33311,12966,1,32350,8567,17,34452,8562,13,33288,0,0,132105,6008,81;
1701369389262;198870,44904,1,1118,301,83,33302,4959,196,34534,0,0,132037,0,0,33310,0,0,33301,0,0,33311,12969,1,32350,8562,17,34452,8561,13,33288,0,0,132105,6008,81;
1701369389374;198974,44904,1,1118,302,82,33302,4960,196,34534,0,0,132037,0,0,33310,10585,1,33301,0,0,33311,12968,1,32350,8563,16,34452,8563,13,33288,0,0,132105,6008,81;
1701369389465;199074,44904,1,1116,301,80,33302,4960,199,34534,0,0,132037,0,0,33310,10586,1,33301,0,0,33311,12969,1,32350,8565,16,34452,8562,14,33288,0,0,132105,6008,82;
1701369389566;199175,44904,1,1118,301,81,33302,4960,198,34534,0,0,132037,0,0,33310,10584,1,33301,0,0,33311,12965,1,32350,8563,16,34452,8562,13,33288,0,0,132105,6009,82;
