1701369414147;223771,44904,1,1178,300,79,33302,4987,198,34534,0,0,132037,0,0,33310,10547,1,33301,0,0,33311,12984,1,32350,8513,17,34452,8506,13,33288,0,0,132105,6052,85;
1701369414298;223872,44904,1,1181,304,83,33302,4987,199,34534,0,0,132037,0,0,33310,0,0,33301,0,0,33311,12978,1,32350,8509,17,34452,8508,13,33288,0,0,132105,6050,86;
1701369414381;223972,44904,1,1179,302,81,33302,4987,197,34534,0,0,132037,0,0,33310,10548,1,33301,0,0,33311,12984,1,32350,8511,18,34452,8506,13,33288,0,0,132105,6051,85;
1701369414467;224068,44904,1,1179,300,80,33302,4986,199,34534,0,0,132037,0,0,33310,10548,1,33301,0,0,33311,12972,1,32350,8511,18,34452,8511,13,33288,0,0,132105,6052,87;
1701369414563;224171,44904,1,1177,301,79,33302,4987,197,34534,0,0,132037,0,0,33310,10549,1,33301,0,0,33311,12975,1,32350,8514,18,34452,8508,13,33288,0,0,132105,6051,87;
1701369414661;224270,44904,1,1179,301,80,33302,4987,196,34534,0,0,132037,0,0,33310,10548,1,33301,0,0,33311,12976,1,32350,8511,17,34452,8507,13,33288,0,0,132105,6052,87;
1701369414760;224372,44904,1,1179,300,80,33302,4986,196,34534,0,0,132037,0,0,33310,10549,1,33301,0,0,33311,12980,1,32350,8511,17,34452,8508,14,33288,0,0,132105,6052,87;
1701369414865;224475,44904,1,1178,302,80,33302,4987,197,34534,0,0,132037,0,0,33310,10549,1,33301,0,0,33311,12976,1,32350,8512,17,34452,8507,14,33288,0,0,132105,6051,87;
1701369414949;224568,44904,1,1176,299,78,33302,4986,195,34534,0,0,132037,0,0,33310,10548,1,33301,0,0,33311,12989,1,32350,8514,17,34452,8507,13,33288,0,0,132105,6052,87;
1701369415058;224670,44904,1,1178,303,81,33302,4987,194,34534,0,0,132037,0,0,33310,10548,1,33301,0,0,33311,12982,0,32350,8512,17,34452,8508,13,33288,0,0,132105,6050,87;
1701369415157;224771,44904,1,1179,302,82,33302,4986,195,34534,0,0,132037,0,0,33310,10546,1,33301,0,0,33311,12982,1,32350,8511,17,34452,8507,13,33288,0,0,132105,6050,88;
1701369415334;224872,44904,1,1178,302,81,33302,4986,195,34534,0,0,132037,0,0,33310,10549,1,33301,0,0,33311,12984,1,32350,8512,17,34452,8509,13,33288,0,0,132105,6050,87;
1701369415362;224973,44904,1,1177,299,79,33302,4986,193,34534,0,0,132037,0,0,33310,10549,1,33301,0,0,33311,12986,1,32350,8513,17,34452,8507,13,33288,0,0,132105,6052,85;
1701369415466;225068,44904,1,1177,301,80,33302,4987,195,34534,0,0,132037,0,0,33310,10549,1,33301,0,0,33311,12982,1,32350,8513,17,34452,8508,13,33288,0,0,132105,6051,87;
1701369415567;225170,44904,1,1177,301,81,33302,4986,194,34534,0,0,132037,0,0,33310,10548,1,33301,0,0,33311,12968,1,32350,8513,16,34452,8509,13,33288,0,0,132105,6050,85;
1701369415665;225273,44904,1,1180,301,83,33302,4986,196,34534,0,0,132037,0,0,33310,10548,1,33301,0,0,33311,12979,1,32350,8509,16,34452,8509,13,33288,0,0,132105,6051,86;
1701369415760;225372,44904,1,1178,300,81,33302,4986,195,34534,0,0,132037,0,0,33310,10550,1,33301,0,0,33311,12975,1,32350,8512,16,34452,8507,13,33288,0,0,132105,6051,85;
1701369415869;225483,44904,1,1178,301,79,33302,4987,197,34534,0,0,132037,0,0,33310,10546,1,33301,0,0,33311,12976,1,32350,8512,16,34452,8507,13,33288,0,0,132105,6052,85;
1701369415966;225570,44904,1,1179,300,80,33302,4986,200,34534,0,0,132037,0,0,33310,10547,1,33301,0,0,33311,12978,1,32350,8511,17,34452,8507,13,33288,0,0,132105,6052,86;
1701369416063;225672,44904,1,1177,300,80,33302,4986,201,34534,0,0,132037,0,0,33310,10549,1,33301,0,0,33311,12972,1,32350,8513,16,34452,8510,13,33288,0,0,132105,6051,86;
1701369416164;225772,44904,1,1183,301,84,33302,4986,201,34534,0,0,132037,0,0,33310,10547,1,33301,0,0,33311,12974,1,32350,8506,16,34452,8509,13,33288,0,0,132105,6052,87;
1701369416250;225868,44904,1,1179,301,81,33302,4986,201,34534,0,0,132037,0,0,33310,10550,1,33301,0,0,33311,12976,1,32350,8511,16,34452,8508,13,33288,0,0,132105,6051,86;
1701369416358;225970,44904,1,1179,303,83,33302,4986,201,34534,0,0,132037,0,0,33310,10548,1,33301,0,0,33311,12977,1,32350,8511,15,34452,8507,13,33288,0,0,132105,6049,86;
1701369416457;226073,44904,1,1181,301,83,33302,4986,201,34534,0,0,132037,0,0,33310,10547,1,33301,0,0,33311,12978,1,32350,8508,15,34452,8508,13,33288,0,0,132105,6052,86;
1701369416564;226171,44904,1,1178,302,81,33302,4986,199,34534,0,0,132037,0,0,33310,10549,1,33301,0,0,33311,12978,1,32350,8512,14,34452,8508,13,33288,0,0,132105,6050,84;
1701369416650;226267,44904,1,1179,301,81,33302,4986,197,34534,0,0,132037,0,0,33310,10549,1,33301,0,0,33311,12983,1,32350,8511,15,34452,8508,13,33288,0,0,132105,6051,84;
1701369416766;226371,44904,1,1180,301,82,33302,4986,199,34534,0,0,132037,0,0,33310,10548,1,33301,0,0,33311,12975,1,32350,8510,15,34452,8507,13,33288,0,0,132105,6051,84;
1701369416864;226472,44904,1,1180,301,82,33302,4986,198,34534,0,0,132037,0,0,33310,10547,1,33301,0,0,33311,12975,1,32350,8510,16,34452,8510,13,33288,0,0,132105,6051,84;
1701369416960;226572,44904,1,1180,302,83,33302,4986,198,34534,0,0,132037,0,0,33310,10546,1,33301,0,0,33311,12978,1,32350,8510,15,34452,8508,12,33288,0,0,132105,6050,84;
1701369417068;226667,44904,1,1180,301,83,33302,4986,197,34534,0,0,132037,0,0,33310,10548,1,33301,0,0,33311,12981,1,32350,8509,16,34452,8504,12,33288,0,0,132105,6051,84;
1701369417158;226772,44904,1,1182,303,85,33302,4986,200,34534,0,0,132037,0,0,33310,10548,1,33301,0,0,33311,12977,1,32350,8507,17,34452,8508,12,33288,0,0,132105,6050,85;
1701369417266;226871,44904,1,1179,302,82,33302,4986,198,34534,0,0,132037,0,0,33310,10547,1,33301,0,0,33311,12979,1,32350,8511,16,34452,8509,13,33288,0,0,132105,6050,84;
1701369417367;226972,44904,1,1179,301,81,33302,4986,199,34534,0,0,132037,0,0,33310,10547,1,33301,0,0,33311,12979,1,32350,8511,16,34452,8509,13,33288,0,0,132105,6051,84;
1701369417467;227072,44904,1,1177,300,80,33302,4986,199,34534,0,0,132037,0,0,33310,10545,1,33301,0,0,33311,12977,1,32350,8513,16,34452,8503,13,33288,0,0,132105,6051,84;
1701369417566;227167,44904,1,1179,300,80,33302,4986,197,34534,0,0,132037,0,0,33310,10547,1,33301,0,0,33311,12980,1,32350,8511,16,34452,8506,13,33288,0,0,132105,6052,84;
1701369417667;227269,44904,1,1179,299,81,33302,4985,195,34534,0,0,132037,0,0,33310,10546,1,33301,0,0,33311,12978,1,32350,8510,16,34452,8508,13,33288,0,0,132105,6052,83;
1701369417777;227372,44904,1,1178,302,81,33302,4986,196,34534,0,0,132037,0,0,33310,0,0,33301,0,0,33311,12984,1,32350,8512,16,34452,8507,13,33288,0,0,132105,6050,83;
1701369417858;227472,44904,1,1179,300,80,33302,4986,196,34534,0,0,132037,0,0,33310,10549,1,33301,0,0,33311,12983,1,32350,8511,17,34452,8508,12,33288,0,0,132105,6052,83;
1701369417957;227572,44904,1,1180,300,81,33302,4986,197,34534,0,0,132037,0,0,33310,10549,1,33301,0,0,33311,12982,1,32350,8510,17,34452,8510,13,33288,0,0,132105,6052,84;
1701369418065;227668,44904,1,1180,301,82,33302,4986,198,34534,0,0,132037,0,0,33310,10547,1,33301,0,0,33311,12982,1,32350,8510,17,34452,8507,13,33288,0,0,132105,6051,83;
1701369418154;227772,44904,1,1181,302,84,33302,4986,198,34534,0,0,132037,0,0,33310,0,0,33301,0,0,33311,12975,1,32350,8508,17,34452,8508,13,33288,0,0,132105,6051,84;
1701369418257;227870,44904,1,1179,303,83,33302,4986,199,34534,0,0,132037,0,0,33310,10548,1,33301,0,0,33311,12978,1,32350,8511,17,34452,8506,13,33288,0,0,132105,6049,83;
1701369418358;227971,44904,1,1178,301,79,33302,4987,198,34534,0,0,132037,0,0,33310,10550,1,33301,0,0,33311,12979,1,32350,8512,16,34452,8507,13,33288,0,0,132105,6052,84;
1701369418467;228073,44904,1,1181,303,84,33302,4986,198,34534,0,0,132037,0,0,33310,0,0,33301,0,0,33311,12982,1,32350,8508,17,34452,8506,13,33288,0,0,132105,6050,83;
1701369418554;228168,44904,1,1180,301,82,33302,4986,197,34534,0,0,132037,0,0,33310,10547,1,33301,0,0,33311,12981,1,32350,8510,16,34452,8507,13,33288,0,0,132105,6051,83;
1701369418658;228270,44904,1,1177,300,80,33302,4986,199,34534,0,0,132037,0,0,33310,0,0,33301,0,0,33311,12977,1,32350,8513,16,34452,8508,13,33288,0,0,132105,6051,83;
1701369418765;228373,44904,1,1180,301,83,33302,4986,200,34534,0,0,132037,0,0,33310,0,0,33301,0,0,33311,12976,1,32350,8509,15,34452,8508,13,33288,0,0,132105,6051,83;
1701369418856;228471,44904,1,1179,301,81,33302,4986,195,34534,0,0,132037,0,0,33310,0,0,33301,0,0,33311,12978,1,32350,8511,15,34452,8508,13,33288,0,0,132105,6051,82;
1701369418956;228567,44904,1,1179,300,82,33302,4985,197,34534,0,0,132037,0,0,33310,10547,1,33301,0,0,33311,12973,1,32350,8510,16,34452,8509,13,33288,0,0,132105,6051,83;
1701369419051;228670,44904,1,1179,301,81,33302,4986,196,34534,0,0,132037,0,0,33310,10547,1,33301,0,0,33311,12976,1,32350,8511,17,34452,8509,13,33288,0,0,132105,6051,83;
1701369419166;228772,44904,1,1180,301,83,33302,4986,196,34534,0,0,132037,0,0,33310,10549,1,33301,0,0,33311,12975,1,32350,8509,16,34452,8506,13,33288,0,0,132105,6051,82;
1701369419256;228872,44904,1,1180,301,82,33302,4986,196,34534,0,0,132037,0,0,33310,10549,1,33301,0,0,33311,12973,1,32350,8510,16,34452,8510,13,33288,0,0,132105,6051,82;
1701369419351;228967,44904,1,1180,301,82,33302,4986,197,34534,0,0,132037,0,0,33310,10549,1,33301,0,0,33311,12974,1,32350,8510,16,34452,8509,13,33288,0,0,132105,6051,82;
1701369419466;229071,44904,1,1181,301,83,33302,4986,199,34534,0,0,132037,0,0,33310,10548,1,33301,0,0,33311,12976,1,32350,8508,17,34452,8508,13,33288,0,0,132105,6052,82;
1701369419565;229172,44904,1,1180,302,82,33302,4987,201,34534,0,0,132037,0,0,33310,10548,1,33301,0,0,33311,12973,1,32350,8510,17,34452,8507,13,33288,0,0,132105,6051,82;
1701369419666;229272,44904,1,1180,301,82,33302,4986,200,34534,0,0,132037,0,0,33310,10548,1,33301,0,0,33311,12972,1,32350,8510,17,34452,8508,13,33288,0,0,132105,6051,82;
1701369419750;229367,44904,1,1177,301,80,33302,4987,202,34534,0,0,132037,0,0,33310,0,0,33301,0,0,33311,12972,1,32350,8513,17,34452,8508,13,33288,0,0,132105,6051,82;
1701369419870;229470,44904,1,1180,300,81,33302,4986,201,34534,0,0,132037,0,0,33310,10548,1,33301,0,0,33311,12972,1,32350,8510,16,34452,8507,13,33288,0,0,132105,6052,82;
1701369419957;229571,44904,1,1179,302,81,33302,4987,201,34534,0,0,132037,0,0,33310,10552,1,33301,0,0,33311,12973,1,32350,8511,16,34452,8507,12,33288,0,0,132105,6051,81;
1701369420061;229673,44904,1,1178,300,81,33302,4986,201,34534,0,0,132037,0,0,33310,10550,1,33301,0,0,33311,12976,1,32350,8512,17,34452,8508,13,33288,0,0,132105,6051,82;
1701369420160;229768,44904,1,1178,301,79,33302,4987,201,34534,0,0,132037,0,0,33310,10550,1,33301,0,0,33311,12973,1,32350,8512,17,34452,8505,13,33288,0,0,132105,6052,82;
1701369420265;229870,44904,1,1176,300,81,33302,4985,199,34534,0,0,132037,0,0,33310,10547,1,33301,0,0,33311,12973,1,32350,8513,17,34452,8504,12,33288,0,0,132105,6050,82;
1701369420356;229970,44904,1,1177,300,80,33302,4986,199,34534,0,0,132037,0,0,33310,10549,1,33301,0,0,33311,12969,1,32350,8513,17,34452,8509,13,33288,0,0,132105,6051,83;
1701369420556;230072,44904,1,1178,300,81,33302,4986,198,34534,0,0,132037,0,0,33310,10549,1,33301,0,0,33311,12973,1,32350,8512,16,34452,8508,13,33288,0,0,132105,6051,84;
1701369420596;230171,44904,1,1177,300,80,33302,4986,199,34534,0,0,132037,0,0,33310,10549,1,33301,0,0,33311,12967,1,32350,8513,17,34452,8508,13,33288,0,0,132105,6051,83;
1701369420665;230267,44904,1,1180,301,82,33302,4986,199,34534,0,0,132037,0,0,33310,10548,1,33301,0,0,33311,12969,1,32350,8510,17,34452,8508,13,33288,0,0,132105,6051,84;
1701369420765;230369,44904,1,1178,300,81,33302,4986,200,34534,0,0,132037,0,0,33310,10548,1,33301,0,0,33311,12972,1,32350,8512,17,34452,8508,13,33288,0,0,132105,6051,84;
1701369420856;230473,44904,1,1181,302,84,33302,4986,200,34534,0,0,132037,0,0,33310,10547,1,33301,0,0,33311,12968,1,32350,8508,16,34452,8507,13,33288,0,0,132105,6051,83;
1701369420967;230571,44904,1,1180,301,81,33302,4987,200,34534,0,0,132037,0,0,33310,10548,1,33301,0,0,33311,12974,1,32350,8510,16,34452,8507,13,33288,0,0,132105,6052,84;
1701369421054;230667,44904,1,1179,301,81,33302,4986,199,34534,0,0,132037,0,0,33310,10546,1,33301,0,0,33311,12971,1,32350,8511,17,34452,8509,13,33288,0,0,132105,6051,83;
1701369421153;230769,44904,1,1179,301,81,33302,4986,201,34534,0,0,132037,0,0,33310,10546,1,33301,0,0,33311,12971,1,32350,8511,17,34452,8509,13,33288,0,0,132105,6051,83;
1701369421387;230871,44904,1,1179,301,81,33302,4986,202,34534,0,0,132037,0,0,33310,10546,1,33301,0,0,33311,12973,1,32350,8511,17,34452,8507,13,33288,0,0,132105,6051,84;
1701369421410;230970,44904,1,1180,301,82,33302,4986,201,34534,0,0,132037,0,0,33310,10545,1,33301,0,0,33311,12967,1,32350,8510,17,34452,8509,13,33288,0,0,132105,6051,83;
1701369421463;231067,44904,1,1180,301,82,33302,4986,201,34534,0,0,132037,0,0,33310,10548,1,33301,0,0,33311,12971,1,32350,8510,17,34452,8509,13,33288,0,0,132105,6051,84;
1701369421555;231171,44904,1,1179,301,83,33302,4985,200,34534,0,0,132037,0,0,33310,10547,1,33301,0,0,33311,12970,1,32350,8510,18,34452,8508,13,33288,0,0,132105,6050,84;
1701369421661;231271,44904,1,1176,301,80,33302,4986,199,34534,0,0,132037,0,0,33310,10549,1,33301,0,0,33311,12972,1,32350,8514,17,34452,8507,13,33288,0,0,132105,6050,84;
1701369421761;231371,44904,1,1180,302,83,33302,4986,199,34534,0,0,132037,0,0,33310,10547,1,33301,0,0,33311,12973,1,32350,8510,17,34452,8508,13,33288,0,0,132105,6050,83;
1701369421857;231467,44904,1,1178,300,81,33302,4986,200,34534,0,0,132037,0,0,33310,10548,1,33301,0,0,33311,12972,1,32350,8512,17,34452,8506,13,33288,0,0,132105,6051,83;
1701369421960;231569,44904,1,1179,301,81,33302,4986,200,34534,0,0,132037,0,0,33310,10546,1,33301,0,0,33311,12971,1,32350,8511,17,34452,8508,13,33288,0,0,132105,6051,84;
1701369422061;231671,44904,1,1176,300,80,33302,4985,198,34534,0,0,132037,0,0,33310,10548,1,33301,0,0,33311,12969,1,32350,8514,17,34452,8508,13,33288,0,0,132105,6050,83;
1701369422225;231772,44904,1,1178,302,81,33302,4986,200,34534,0,0,132037,0,0,33310,10548,1,33301,0,0,33311,12969,1,32350,8512,17,34452,8508,13,33288,0,0,132105,6050,84;
1701369422258;231872,44904,1,1179,301,81,33302,4986,199,34534,0,0,132037,0,0,33310,10549,1,33301,0,0,33311,12971,1,32350,8511,16,34452,8506,13,33288,0,0,132105,6051,83;
1701369422363;231967,44904,1,1180,303,84,33302,4986,200,34534,0,0,132037,0,0,33310,10547,1,33301,0,0,33311,12970,1,32350,8509,16,34452,8511,13,33288,0,0,132105,6050,83;
1701369422457;232070,44904,1,1179,301,81,33302,4986,199,34534,0,0,132037,0,0,33310,10548,1,33301,0,0,33311,12966,1,32350,8511,16,34452,8509,13,33288,0,0,132105,6051,84;
1701369422561;232172,44904,1,1180,303,84,33302,4986,199,34534,0,0,132037,0,0,33310,10548,1,33301,0,0,33311,12970,1,32350,8509,16,34452,8508,13,33288,0,0,132105,6050,83;
1701369422652;232272,44904,1,1179,301,81,33302,4986,198,34534,0,0,132037,0,0,33310,10547,1,33301,0,0,33311,12975,1,32350,8511,16,34452,8510,13,33288,0,0,132105,6051,84;
1701369422764;232367,44904,1,1178,300,81,33302,4986,198,34534,0,0,132037,0,0,33310,10549,1,33301,0,0,33311,12972,1,32350,8512,17,34452,8508,13,33288,0,0,132105,6051,84;
1701369422855;232469,44904,1,1179,301,81,33302,4986,199,34534,0,0,132037,0,0,33310,0,0,33301,0,0,33311,12971,1,32350,8511,16,34452,8508,13,33288,0,0,132105,6051,85;
1701369422963;232570,44904,1,1178,300,81,33302,4986,199,34534,0,0,132037,0,0,33310,10548,1,33301,0,0,33311,12971,1,32350,8512,15,34452,8507,13,33288,0,0,132105,6051,84;
1701369423067;232671,44904,1,1179,301,81,33302,4986,199,34534,0,0,132037,0,0,33310,10549,1,33301,0,0,33311,12976,1,32350,8511,16,34452,8506,13,33288,0,0,132105,6051,84;
1701369423164;232772,44904,1,1177,302,80,33302,4987,199,34534,0,0,132037,0,0,33310,10547,1,33301,0,0,33311,12973,1,32350,8514,17,34452,8508,13,33288,0,0,132105,6050,83;
1701369423264;232868,44904,1,1178,302,81,33302,4986,196,34534,0,0,132037,0,0,33310,0,0,33301,0,0,33311,12970,1,32350,8512,16,34452,8508,13,33288,0,0,132105,6050,82;
1701369423362;232969,44904,1,1177,301,81,33302,4986,197,34534,0,0,132037,0,0,33310,0,0,33301,0,0,33311,12971,1,32350,8513,16,34452,8508,13,33288,0,0,132105,6050,83;
1701369423458;233071,44904,1,1179,300,80,33302,4986,196,34534,0,0,132037,0,0,33310,10549,1,33301,0,0,33311,12971,1,32350,8511,16,34452,8506,12,33288,0,0,132105,6052,82;
1701369423555;233171,44904,1,1177,300,80,33302,4986,195,34534,0,0,132037,0,0,33310,10550,1,33301,0,0,33311,12971,1,32350,8513,16,34452,8506,13,33288,0,0,132105,6051,82;
1701369423668;233273,44904,1,1180,301,82,33302,4986,195,34534,0,0,132037,0,0,33310,10548,1,33301,0,0,33311,12979,1,32350,8510,16,34452,8508,13,33288,0,0,132105,6051,82;
1701369423769;233373,44904,1,1180,302,82,33302,4987,196,34534,0,0,132037,0,0,33310,10549,1,33301,0,0,33311,12970,1,32350,8510,15,34452,8508,13,33288,0,0,132105,6051,82;
1701369423847;233469,44904,1,1180,301,83,33302,4986,196,34534,0,0,132037,0,0,33310,10549,1,33301,0,0,33311,12969,1,32350,8509,15,34452,8506,13,33288,0,0,132105,6051,82;
1701369423964;233572,44904,1,1177,299,79,33302,4986,194,34534,0,0,132037,0,0,33310,10550,1,33301,0,0,33311,12973,1,32350,8513,15,34452,8508,12,33288,0,0,132105,6052,82;
1701369424053;233671,44904,1,1181,302,84,33302,4986,195,34534,0,0,132037,0,0,33310,10548,1,33301,0,0,33311,12973,1,32350,8508,15,34452,8504,12,33288,0,0,132105,6051,82;
1701369424149;233767,44904,1,1179,301,81,33302,4986,197,34534,0,0,132037,0,0,33310,0,0,33301,0,0,33311,12970,1,32350,8511,15,34452,8508,12,33288,0,0,132105,6051,82;
1701369424254;233870,44904,1,1179,301,81,33302,4986,198,34534,0,0,132037,0,0,33310,0,0,33301,0,0,33311,12973,1,32350,8511,15,34452,8507,13,33288,0,0,132105,6051,82;
1701369424349;233970,44904,1,1179,301,81,33302,4986,198,34534,0,0,132037,0,0,33310,10549,1,33301,0,0,33311,12968,1,32350,8511,15,34452,8508,13,33288,0,0,132105,6051,82;
1701369424453;234071,44904,1,1179,301,81,33302,4986,198,34534,0,0,132037,0,0,33310,10548,1,33301,0,0,33311,12973,1,32350,8511,15,34452,8506,13,33288,0,0,132105,6051,82;
1701369424554;234170,44904,1,1179,302,82,33302,4986,197,34534,0,0,132037,0,0,33310,10549,1,33301,0,0,33311,12970,1,32350,8511,14,34452,8506,13,33288,0,0,132105,6050,81;
1701369424664;234270,44904,1,1183,301,84,33302,4986,198,34534,0,0,132037,0,0,33310,10550,1,33301,0,0,33311,12971,1,32350,8506,14,34452,8507,13,33288,0,0,132105,6052,81;
1701369424762;234371,44904,1,1181,303,83,33302,4987,199,34534,0,0,132037,0,0,33310,10550,1,33301,0,0,33311,12973,1,32350,8509,15,34452,8509,13,33288,0,0,132105,6051,81;
1701369424846;234467,44904,1,1182,301,84,33302,4986,198,34534,0,0,132037,0,0,33310,10550,1,33301,0,0,33311,12974,1,32350,8507,14,34452,8510,12,33288,0,0,132105,6052,81;
1701369424951;234571,44904,1,1180,303,84,33302,4986,199,34534,0,0,132037,0,0,33310,0,0,33301,0,0,33311,12969,1,32350,8509,15,34452,8507,13,33288,0,0,132105,6050,80;
1701369425059;234670,44904,1,1179,301,83,33302,4985,199,34534,0,0,132037,0,0,33310,0,0,33301,0,0,33311,12970,1,32350,8510,15,34452,8508,13,33288,0,0,132105,6050,81;
1701369425162;234771,44904,1,1182,302,84,33302,4986,200,34534,0,0,132037,0,0,33310,10549,1,33301,0,0,33311,12970,1,32350,8507,15,34452,8507,13,33288,0,0,132105,6051,81;
1701369425265;234870,44904,1,1179,301,81,33302,4986,199,34534,0,0,132037,0,0,33310,0,0,33301,0,0,33311,12972,1,32350,8511,16,34452,8507,13,33288,0,0,132105,6051,81;
1701369425363;234971,44904,1,1178,302,81,33302,4986,200,34534,0,0,132037,0,0,33310,10547,1,33301,0,0,33311,12971,1,32350,8512,15,34452,8506,13,33288,0,0,132105,6050,82;
1701369425463;235071,44904,1,1179,300,80,33302,4986,200,34534,0,0,132037,0,0,33310,10547,1,33301,0,0,33311,12973,1,32350,8511,15,34452,8507,13,33288,0,0,132105,6052,82;
1701369425563;235167,44904,1,1178,300,81,33302,4985,200,34534,0,0,132037,0,0,33310,10549,1,33301,0,0,33311,12973,1,32350,8511,15,34452,8506,13,33288,0,0,132105,6051,82;
1701369425662;235269,44904,1,1180,302,83,33302,4986,200,34534,0,0,132037,0,0,33310,10548,1,33301,0,0,33311,12973,1,32350,8510,15,34452,8507,13,33288,0,0,132105,6050,82;
1701369425761;235369,44904,1,1179,302,82,33302,4986,200,34534,0,0,132037,0,0,33310,10549,1,33301,0,0,33311,12974,1,32350,8511,15,34452,8508,13,33288,0,0,132105,6050,83;
1701369425861;235472,44904,1,1176,299,80,33302,4985,198,34534,0,0,132037,0,0,33310,10548,1,33301,0,0,33311,12977,1,32350,8513,15,34452,8506,12,33288,0,0,132105,6051,82;
1701369425962;235571,44904,1,1178,300,81,33302,4986,199,34534,0,0,132037,0,0,33310,10549,1,33301,0,0,33311,12974,1,32350,8512,15,34452,8507,13,33288,0,0,132105,6051,83;
1701369426045;235668,44904,1,1182,303,83,33302,4987,202,34534,0,0,132037,0,0,33310,10546,1,33301,0,0,33311,12972,1,32350,8508,16,34452,8508,13,33288,0,0,132105,6051,84;
1701369426160;235769,44904,1,1178,302,81,33302,4986,199,34534,0,0,132037,0,0,33310,10548,1,33301,0,0,33311,12972,1,32350,8512,16,34452,8508,13,33288,0,0,132105,6050,83;
1701369426263;235871,44904,1,1177,300,80,33302,4986,199,34534,0,0,132037,0,0,33310,10547,1,33301,0,0,33311,12972,1,32350,8513,16,34452,8508,13,33288,0,0,132105,6051,84;
1701369426360;235970,44904,1,1180,303,84,33302,4986,199,34534,0,0,132037,0,0,33310,10548,1,33301,0,0,33311,12973,1,32350,8509,17,34452,8508,13,33288,0,0,132105,6050,85;
1701369426444;236067,44904,1,1179,301,81,33302,4986,199,34534,0,0,132037,0,0,33310,10547,1,33301,0,0,33311,12973,1,32350,8511,17,34452,8507,13,33288,0,0,132105,6051,85;
1701369426559;236170,44904,1,1180,301,82,33302,4986,199,34534,0,0,132037,0,0,33310,10549,1,33301,0,0,33311,12972,1,32350,8510,16,34452,8507,13,33288,0,0,132105,6051,85;
1701369426663;236270,44904,1,1177,300,80,33302,4986,198,34534,0,0,132037,0,0,33310,10548,1,33301,0,0,33311,12972,1,32350,8513,17,34452,8509,13,33288,0,0,132105,6051,85;
1701369426761;236371,44904,1,1180,301,82,33302,4986,199,34534,0,0,132037,0,0,33310,0,0,33301,0,0,33311,12974,1,32350,8510,17,34452,8508,13,33288,0,0,132105,6051,85;
1701369426845;236467,44904,1,1177,303,80,33302,4987,200,34534,0,0,132037,0,0,33310,0,0,33301,0,0,33311,12974,1,32350,8513,17,34452,8508,13,33288,0,0,132105,6050,85;
1701369426960;236570,44904,1,1179,301,81,33302,4986,200,34534,0,0,132037,0,0,33310,10547,1,33301,0,0,33311,12976,1,32350,8511,17,34452,8509,13,33288,0,0,132105,6051,85;
1701369427062;236670,44904,1,1178,300,81,33302,4986,198,34534,0,0,132037,0,0,33310,0,0,33301,0,0,33311,12974,1,32350,8512,17,34452,8506,13,33288,0,0,132105,6051,84;
1701369427163;236772,44904,1,1177,300,80,33302,4986,200,34534,0,0,132037,0,0,33310,10548,1,33301,0,0,33311,12976,1,32350,8513,17,34452,8508,13,33288,0,0,132105,6051,85;
1701369427244;236866,44904,1,1176,297,78,33302,4985,199,34534,0,0,132037,0,0,33310,10549,1,33301,0,0,33311,12973,1,32350,8514,17,34452,8505,13,33288,0,0,132105,6052,85;
1701369427360;236971,44904,1,1176,299,80,33302,4985,199,34534,0,0,132037,0,0,33310,10549,1,33301,0,0,33311,12981,1,32350,8513,16,34452,8506,14,33288,0,0,132105,6051,84;
1701369427462;237070,44904,1,1176,299,80,33302,4985,200,34534,0,0,132037,0,0,33310,10549,1,33301,0,0,33311,12981,1,32350,8513,16,34452,8506,14,33288,0,0,132105,6051,85;
1701369427561;237171,44904,1,1177,301,81,33302,4986,202,34534,0,0,132037,0,0,33310,10548,1,33301,0,0,33311,12977,1,32350,8513,16,34452,8507,13,33288,0,0,132105,6050,85;
1701369427660;237266,44904,1,1179,303,83,33302,4986,200,34534,0,0,132037,0,0,33310,10549,1,33301,0,0,33311,12977,1,32350,8511,16,34452,8507,13,33288,0,0,132105,6049,84;
1701369427759;237371,44904,1,1179,302,82,33302,4986,199,34534,0,0,132037,0,0,33310,10548,1,33301,0,0,33311,12978,1,32350,8511,15,34452,8508,13,33288,0,0,132105,6050,84;
1701369427869;237472,44904,1,1177,300,80,33302,4986,198,34534,0,0,132037,0,0,33310,10553,1,33301,0,0,33311,12984,1,32350,8513,15,34452,8508,12,33288,0,0,132105,6051,84;
1701369427962;237571,44904,1,1177,300,80,33302,4986,202,34534,0,0,132037,0,0,33310,10549,1,33301,0,0,33311,12977,1,32350,8513,16,34452,8508,13,33288,0,0,132105,6051,85;
1701369428061;237667,44904,1,1179,302,82,33302,4986,200,34534,0,0,132037,0,0,33310,10548,1,33301,0,0,33311,12977,1,32350,8511,16,34452,8508,13,33288,0,0,132105,6050,84;
1701369428158;237771,44904,1,1175,301,79,33302,4986,199,34534,0,0,132037,0,0,33310,10549,1,33301,0,0,33311,12978,1,32350,8515,15,34452,8506,13,33288,0,0,132105,6050,84;
1701369428260;237870,44904,1,1178,302,81,33302,4986,199,34534,0,0,132037,0,0,33310,10548,1,33301,0,0,33311,12980,1,32350,8512,16,34452,8508,13,33288,0,0,132105,6050,84;
1701369428362;237971,44904,1,1178,303,82,33302,4986,200,34534,0,0,132037,0,0,33310,10550,1,33301,0,0,33311,12981,1,32350,8512,17,34452,8509,13,33288,0,0,132105,6049,84;
1701369428444;238067,44904,1,1181,303,84,33302,4986,200,34534,0,0,132037,0,0,33310,10549,1,33301,0,0,33311,12982,1,32350,8508,17,34452,8508,13,33288,0,0,132105,6050,84;
1701369428559;238170,44904,1,1178,301,82,33302,4985,197,34534,0,0,132037,0,0,33310,0,0,33301,0,0,33311,12978,1,32350,8511,17,34452,8505,13,33288,0,0,132105,6050,83;
1701369428662;238270,44904,1,1177,301,81,33302,4986,198,34534,0,0,132037,0,0,33310,10550,1,33301,0,0,33311,12984,1,32350,8513,17,34452,8508,13,33288,0,0,132105,6050,84;
1701369428760;238370,44904,1,1180,301,83,33302,4986,197,34534,0,0,132037,0,0,33310,10550,1,33301,0,0,33311,12980,1,32350,8509,16,34452,8507,13,33288,0,0,132105,6051,84;
1701369428859;238472,44904,1,1176,299,80,33302,4985,196,34534,0,0,132037,0,0,33310,10551,1,33301,0,0,33311,12983,1,32350,8513,16,34452,8506,13,33288,0,0,132105,6051,84;
1701369428959;238572,44904,1,1174,300,78,33302,4986,197,34534,0,0,132037,0,0,33310,10550,1,33301,0,0,33311,12979,1,32350,8516,16,34452,8506,13,33288,0,0,132105,6050,85;
1701369429061;238667,44904,1,1176,300,81,33302,4985,198,34534,0,0,132037,0,0,33310,10551,1,33301,0,0,33311,12976,1,32350,8513,16,34452,8508,13,33288,0,0,132105,6050,85;
1701369429159;238770,44904,1,1179,303,83,33302,4986,199,34534,0,0,132037,0,0,33310,10548,1,33301,0,0,33311,12976,1,32350,8511,16,34452,8508,13,33288,0,0,132105,6049,85;
1701369429257;238871,44904,1,1178,302,81,33302,4986,199,34534,0,0,132037,0,0,33310,0,0,33301,0,0,33311,12980,1,32350,8512,16,34452,8508,13,33288,0,0,132105,6050,85;
1701369429359;238971,44904,1,1180,301,84,33302,4985,198,34534,0,0,132037,0,0,33310,10550,1,33301,0,0,33311,12981,1,32350,8509,16,34452,8507,13,33288,0,0,132105,6050,85;
1701369429459;239066,44904,1,1178,301,82,33302,4985,199,34534,0,0,132037,0,0,33310,10548,1,33301,0,0,33311,12981,1,32350,8511,16,34452,8507,13,33288,0,0,132105,6050,85;
1701369429559;239169,44904,1,1177,299,81,33302,4985,198,34534,0,0,132037,0,0,33310,10552,1,33301,0,0,33311,12977,1,32350,8512,17,34452,8508,13,33288,0,0,132105,6051,85;
1701369429660;239271,44904,1,1177,298,78,33302,4986,197,34534,0,0,132037,0,0,33310,0,0,33301,0,0,33311,12979,1,32350,8513,17,34452,8508,13,33288,0,0,132105,6053,85;
1701369429756;239370,44904,1,1177,299,79,33302,4986,198,34534,0,0,132037,0,0,33310,10549,1,33301,0,0,33311,12977,1,32350,8513,16,34452,8506,12,33288,0,0,132105,6052,85;
1701369429858;239466,44904,1,1179,302,82,33302,4986,196,34534,0,0,132037,0,0,33310,10548,1,33301,0,0,33311,12975,1,32350,8511,16,34452,8509,12,33288,0,0,132105,6050,85;
1701369429953;239570,44904,1,1178,303,82,33302,4986,196,34534,0,0,132037,0,0,33310,10548,1,33301,0,0,33311,12974,1,32350,8512,16,34452,8509,12,33288,0,0,132105,6049,84;
1701369430051;239669,44904,1,1179,300,80,33302,4986,196,34534,0,0,132037,0,0,33310,10549,1,33301,0,0,33311,12973,1,32350,8511,16,34452,8506,12,33288,0,0,132105,6052,85;
1701369430160;239771,44904,1,1178,300,81,33302,4986,194,34534,0,0,132037,0,0,33310,10550,1,33301,0,0,33311,12976,1,32350,8512,15,34452,8508,13,33288,0,0,132105,6051,84;
1701369430258;239867,44904,1,1178,300,81,33302,4985,194,34534,0,0,132037,0,0,33310,10549,1,33301,0,0,33311,12979,1,32350,8511,16,34452,8507,13,33288,0,0,132105,6051,84;
1701369430356;239970,44904,1,1178,300,81,33302,4985,194,34534,0,0,132037,0,0,33310,10548,1,33301,0,0,33311,12973,1,32350,8511,16,34452,8508,13,33288,0,0,132105,6051,85;
1701369430457;240070,44904,1,1177,299,81,33302,4985,195,34534,0,0,132037,0,0,33310,10550,1,33301,0,0,33311,12972,1,32350,8512,16,34452,8510,13,33288,0,0,132105,6051,85;
1701369430560;240171,44904,1,1180,301,84,33302,4985,191,34534,0,0,132037,0,0,33310,10546,1,33301,0,0,33311,12979,1,32350,8509,16,34452,8505,12,33288,0,0,132105,6050,82;
1701369430658;240266,44904,1,1179,301,83,33302,4985,194,34534,0,0,132037,0,0,33310,10547,1,33301,0,0,33311,12973,1,32350,8510,17,34452,8507,12,33288,0,0,132105,6050,84;
1701369430759;240369,44904,1,1179,302,84,33302,4985,194,34534,0,0,132037,0,0,33310,10547,1,33301,0,0,33311,12974,1,32350,8510,17,34452,8507,12,33288,0,0,132105,6049,84;
1701369430857;240472,44904,1,1179,301,83,33302,4985,192,34534,0,0,132037,0,0,33310,10548,1,33301,0,0,33311,12971,1,32350,8510,16,34452,8510,12,33288,0,0,132105,6050,84;
1701369430958;240571,44904,1,1178,300,81,33302,4985,192,34534,0,0,132037,0,0,33310,10548,1,33301,0,0,33311,12979,1,32350,8511,17,34452,8508,12,33288,0,0,132105,6051,84;
1701369431057;240666,44904,1,1180,301,84,33302,4985,193,34534,0,0,132037,0,0,33310,10546,1,33301,0,0,33311,12976,1,32350,8509,17,34452,8508,12,33288,0,0,132105,6050,84;
1701369431155;240771,44904,1,1177,300,82,33302,4985,194,34534,0,0,132037,0,0,33310,10547,1,33301,0,0,33311,12976,1,32350,8512,17,34452,8507,13,33288,0,0,132105,6050,84;
1701369431258;240871,44904,1,1178,302,81,33302,4986,195,34534,0,0,132037,0,0,33310,10548,1,33301,0,0,33311,12979,1,32350,8512,17,34452,8505,13,33288,0,0,132105,6050,84;
1701369431357;240971,44904,1,1177,300,80,33302,4986,196,34534,0,0,132037,0,0,33310,0,0,33301,0,0,33311,12974,1,32350,8513,17,34452,8509,13,33288,0,0,132105,6051,85;
1701369431458;241066,44904,1,1179,302,82,33302,4986,194,34534,0,0,132037,0,0,33310,0,0,33301,0,0,33311,12975,1,32350,8511,17,34452,8507,13,33288,0,0,132105,6050,84;
1701369431556;241170,44904,1,1178,298,81,33302,4985,195,34534,0,0,132037,0,0,33310,10546,1,33301,0,0,33311,12973,1,32350,8511,17,34452,8504,13,33288,0,0,132105,6052,84;
1701369431657;241269,44904,1,1177,303,80,33302,4987,197,34534,0,0,132037,0,0,33310,10548,1,33301,0,0,33311,12972,1,32350,8513,16,34452,8507,13,33288,0,0,132105,6050,84;
1701369431757;241370,44904,1,1177,299,81,33302,4985,194,34534,0,0,132037,0,0,33310,0,0,33301,0,0,33311,12979,1,32350,8512,16,34452,8508,12,33288,0,0,132105,6051,84;
1701369431856;241471,44904,1,1180,302,83,33302,4986,196,34534,0,0,132037,0,0,33310,10548,1,33301,0,0,33311,12977,1,32350,8510,16,34452,8506,12,33288,0,0,132105,6050,83;
1701369431958;241568,44904,1,1180,302,83,33302,4986,197,34534,0,0,132037,0,0,33310,10548,1,33301,0,0,33311,12976,1,32350,8510,16,34452,8506,12,33288,0,0,132105,6050,83;
1701369432058;241669,44904,1,1178,301,82,33302,4985,196,34534,0,0,132037,0,0,33310,10547,1,33301,0,0,33311,12981,1,32350,8511,16,34452,8510,13,33288,0,0,132105,6050,84;
1701369432156;241769,44904,1,1179,301,83,33302,4985,195,34534,0,0,132037,0,0,33310,10550,1,33301,0,0,33311,12979,1,32350,8510,16,34452,8507,13,33288,0,0,132105,6050,82;
1701369432255;241871,44904,1,1179,302,82,33302,4986,196,34534,0,0,132037,0,0,33310,10550,1,33301,0,0,33311,12974,1,32350,8511,16,34452,8507,13,33288,0,0,132105,6050,83;
1701369432359;241966,44904,1,1176,299,80,33302,4985,195,34534,0,0,132037,0,0,33310,10550,1,33301,0,0,33311,12978,1,32350,8513,16,34452,8507,12,33288,0,0,132105,6051,82;
1701369432454;242068,44904,1,1177,300,80,33302,4986,197,34534,0,0,132037,0,0,33310,10548,1,33301,0,0,33311,12979,1,32350,8513,17,34452,8508,12,33288,0,0,132105,6051,83;
1701369432556;242169,44904,1,1178,300,81,33302,4986,197,34534,0,0,132037,0,0,33310,10548,1,33301,0,0,33311,12983,1,32350,8512,18,34452,8504,12,33288,0,0,132105,6051,83;
1701369432659;242271,44904,1,1177,301,81,33302,4986,195,34534,0,0,132037,0,0,33310,10549,1,33301,0,0,33311,12980,1,32350,8513,18,34452,8508,12,33288,0,0,132105,6050,83;
1701369432757;242365,44904,1,1176,299,80,33302,4985,194,34534,0,0,132037,0,0,33310,10547,1,33301,0,0,33311,12976,1,32350,8513,18,34452,8509,12,33288,0,0,132105,6051,83;
1701369432856;242468,44904,1,1175,300,78,33302,4986,194,34534,0,0,132037,0,0,33310,10550,1,33301,0,0,33311,12974,1,32350,8515,17,34452,8509,13,33288,0,0,132105,6051,83;
1701369432957;242570,44904,1,1176,300,79,33302,4986,194,34534,0,0,132037,0,0,33310,10548,1,33301,0,0,33311,12976,1,32350,8514,17,34452,8505,13,33288,0,0,132105,6051,83;
1701369433056;242671,44904,1,1178,301,82,33302,4985,195,34534,0,0,132037,0,0,33310,10547,1,33301,0,0,33311,12975,1,32350,8511,17,34452,8506,13,33288,0,0,132105,6050,83;
1701369433156;242765,44904,1,1179,301,81,33302,4986,194,34534,0,0,132037,0,0,33310,10550,1,33301,0,0,33311,12980,1,32350,8511,17,34452,8509,12,33288,0,0,132105,6051,82;
1701369433256;242869,44904,1,1178,300,81,33302,4985,195,34534,0,0,132037,0,0,33310,10547,1,33301,0,0,33311,12978,1,32350,8511,17,34452,8507,12,33288,0,0,132105,6051,82;
1701369433357;242970,44904,1,1176,300,79,33302,4986,196,34534,0,0,132037,0,0,33310,10550,1,33301,0,0,33311,12976,1,32350,8514,17,34452,8508,12,33288,0,0,132105,6051,83;
1701369433458;243070,44904,1,1180,302,83,33302,4986,197,34534,0,0,132037,0,0,33310,10549,1,33301,0,0,33311,12976,1,32350,8510,17,34452,8509,12,33288,0,0,132105,6050,82;
1701369433558;243166,44904,1,1180,301,83,33302,4986,197,34534,0,0,132037,0,0,33310,10548,1,33301,0,0,33311,12976,1,32350,8509,16,34452,8508,12,33288,0,0,132105,6051,83;
1701369433655;243269,44904,1,1179,300,82,33302,4985,198,34534,0,0,132037,0,0,33310,0,0,33301,0,0,33311,12972,1,32350,8510,17,34452,8507,12,33288,0,0,132105,6051,82;
1701369433756;243369,44904,1,1178,300,81,33302,4985,197,34534,0,0,132037,0,0,33310,10548,1,33301,0,0,33311,12974,1,32350,8511,17,34452,8508,13,33288,0,0,132105,6051,83;
1701369433855;243470,44904,1,1179,302,82,33302,4986,197,34534,0,0,132037,0,0,33310,0,0,33301,0,0,33311,12974,1,32350,8511,16,34452,8508,13,33288,0,0,132105,6050,82;
1701369433957;243566,44904,1,1179,302,82,33302,4986,196,34534,0,0,132037,0,0,33310,10548,1,33301,0,0,33311,12973,1,32350,8511,16,34452,8506,13,33288,0,0,132105,6050,83;
1701369434058;243670,44904,1,1178,301,82,33302,4985,195,34534,0,0,132037,0,0,33310,0,0,33301,0,0,33311,12978,1,32350,8511,16,34452,8506,13,33288,0,0,132105,6050,82;
