1701369205397;14893,44904,1,-162,295,76,33302,4560,255,34534,9431,0,132037,0,0,33310,11466,0,33301,0,0,33311,12981,0,32350,9667,9,34452,9669,5,33288,0,0,132105,5235,123;
1701369205414;14994,44904,1,-166,294,75,33302,4560,255,34534,9431,0,132037,0,0,33310,11461,0,33301,0,0,33311,12971,0,32350,9671,9,34452,9667,5,33288,0,0,132105,5234,123;
1701369205497;15090,44904,1,-161,295,77,33302,4560,255,34534,9424,0,132037,0,0,33310,11456,0,33301,0,0,33311,12970,0,32350,9666,8,34452,9669,5,33288,0,0,132105,5235,123;
1701369205616;15192,44904,1,-162,295,76,33302,4560,255,34534,9426,0,132037,0,0,33310,11468,0,33301,0,0,33311,12970,0,32350,9667,8,34452,9669,5,33288,0,0,132105,5235,123;
1701369205719;15293,44904,1,-163,295,76,33302,4560,255,34534,9425,0,132037,0,0,33310,11468,0,33301,0,0,33311,12971,0,32350,9668,7,34452,9673,5,33288,0,0,132105,5235,124;
1701369205821;15394,44904,1,-163,293,74,33302,4560,255,34534,9426,0,132037,0,0,33310,11460,0,33301,0,0,33311,12974,0,32350,9669,7,34452,9667,5,33288,0,0,132105,5236,123;
1701369205908;15494,44904,1,-163,296,76,33302,4560,255,34534,9426,0,132037,0,0,33310,11458,0,33301,0,0,33311,12978,0,32350,9668,8,34452,9669,5,33288,0,0,132105,5234,122;
1701369206014;15595,44904,1,-164,293,75,33302,4559,255,34534,9427,0,132037,0,0,33310,11464,0,33301,0,0,33311,12972,0,32350,9669,8,34452,9667,5,33288,0,0,132105,5235,124;
1701369206116;15690,44904,1,-163,293,74,33302,4560,255,34534,9433,0,132037,0,0,33310,11461,0,33301,0,0,33311,12972,0,32350,9669,8,34452,9671,5,33288,0,0,132105,5236,123;
1701369206203;15793,44904,1,-161,295,77,33302,4560,255,34534,9428,0,132037,0,0,33310,11463,0,33301,0,0,33311,12974,0,32350,9666,8,34452,9671,5,33288,0,0,132105,5235,124;
1701369206318;15893,44904,1,-168,293,74,33302,4559,255,34534,9430,0,132037,0,0,33310,11458,0,33301,0,0,33311,12978,0,32350,9673,8,34452,9669,5,33288,0,0,132105,5234,123;
1701369206417;15995,44904,1,-166,293,74,33302,4560,255,34534,9430,0,132037,0,0,33310,11446,0,33301,0,0,33311,12970,0,32350,9671,8,34452,9671,5,33288,0,0,132105,5235,123;
1701369206508;16090,44904,1,-164,295,76,33302,4560,255,34534,9432,0,132037,0,0,33310,11451,0,33301,0,0,33311,12972,0,32350,9669,8,34452,9672,5,33288,0,0,132105,5234,123;
1701369206614;16192,44904,1,-165,293,74,33302,4560,255,34534,9442,0,132037,0,0,33310,11451,0,33301,0,0,33311,12971,0,32350,9670,8,34452,9671,5,33288,0,0,132105,5236,123;
1701369206913;16292,44904,1,-164,294,75,33302,4560,255,34534,9430,0,132037,0,0,33310,11458,0,33301,0,0,33311,12973,0,32350,9669,8,34452,9674,5,33288,0,0,132105,5235,123;
1701369207018;16394,44904,1,-164,294,73,33302,4561,255,34534,9432,0,132037,0,0,33310,0,0,33301,0,0,33311,12973,0,32350,9670,8,34452,9668,5,33288,0,0,132105,5236,123;
1701369207042;16494,44904,1,-162,294,75,33302,4560,255,34534,9435,0,132037,0,0,33310,0,0,33301,0,0,33311,12972,0,32350,9668,8,34452,9671,5,33288,0,0,132105,5236,123;
1701369207064;16589,44904,1,-163,293,74,33302,4560,255,34534,9433,0,132037,0,0,33310,11450,0,33301,0,0,33311,12980,0,32350,9669,8,34452,9670,5,33288,0,0,132105,5236,124;
1701369207111;16692,44904,1,-166,293,74,33302,4560,255,34534,9437,0,132037,0,0,33310,11450,0,33301,0,0,33311,12972,0,32350,9671,7,34452,9672,5,33288,0,0,132105,5235,123;
1701369207216;16793,44904,1,-163,292,75,33302,4559,255,34534,9430,0,132037,0,0,33310,11451,0,33301,0,0,33311,12977,0,32350,9668,7,34452,9669,5,33288,0,0,132105,5236,123;
1701369207314;16893,44904,1,-167,293,75,33302,4559,255,34534,9433,0,132037,0,0,33310,11450,0,33301,0,0,33311,12974,0,32350,9672,8,34452,9670,5,33288,0,0,132105,5234,123;
1701369207413;16989,44904,1,-163,296,76,33302,4560,255,34534,9434,0,132037,0,0,33310,11450,0,33301,0,0,33311,12990,0,32350,9668,8,34452,9668,5,33288,0,0,132105,5234,123;
1701369207513;17091,44904,1,-167,292,73,33302,4560,255,34534,9435,0,132037,0,0,33310,11452,0,33301,0,0,33311,12985,0,32350,9672,8,34452,9668,5,33288,0,0,132105,5236,124;
1701369207616;17194,44904,1,-162,294,75,33302,4560,255,34534,9430,0,132037,0,0,33310,11446,0,33301,0,0,33311,12977,0,32350,9668,8,34452,9670,5,33288,0,0,132105,5236,123;
1701369207709;17293,44904,1,-166,293,74,33302,4560,255,34534,9425,0,132037,0,0,33310,11460,0,33301,0,0,33311,12977,0,32350,9671,8,34452,9669,5,33288,0,0,132105,5235,123;
1701369207811;17389,44904,1,-164,292,75,33302,4559,255,34534,9438,0,132037,0,0,33310,11456,0,33301,0,0,33311,12975,0,32350,9669,8,34452,9669,5,33288,0,0,132105,5236,123;
1701369207915;17494,44904,1,-158,295,77,33302,4560,255,34534,9436,0,132037,0,0,33310,11448,0,33301,0,0,33311,12978,0,32350,9664,8,34452,9670,5,33288,0,0,132105,5236,124;
1701369208008;17593,44904,1,-162,293,76,33302,4559,255,34534,9433,0,132037,0,0,33310,11457,0,33301,0,0,33311,12986,0,32350,9667,7,34452,9667,5,33288,0,0,132105,5236,123;
1701369208116;17693,44904,1,-166,292,73,33302,4560,255,34534,9428,0,132037,0,0,33310,11456,0,33301,0,0,33311,12973,0,32350,9671,7,34452,9670,5,33288,0,0,132105,5236,123;
1701369208206;17789,44904,1,-166,293,74,33302,4560,255,34534,9430,0,132037,0,0,33310,11454,0,33301,0,0,33311,12982,0,32350,9671,8,34452,9669,4,33288,0,0,132105,5235,123;
1701369208307;17893,44904,1,-164,294,75,33302,4560,255,34534,9438,0,132037,0,0,33310,11457,0,33301,0,0,33311,12979,0,32350,9669,8,34452,9669,4,33288,0,0,132105,5235,122;
1701369208414;17993,44904,1,-164,294,75,33302,4560,255,34534,9433,0,132037,0,0,33310,11455,0,33301,0,0,33311,12983,0,32350,9669,8,34452,9667,5,33288,0,0,132105,5235,123;
1701369208508;18095,44904,1,-166,292,73,33302,4560,255,34534,9430,0,132037,0,0,33310,11455,0,33301,0,0,33311,12973,0,32350,9671,9,34452,9668,5,33288,0,0,132105,5236,124;
1701369208615;18193,44904,1,-163,295,76,33302,4560,255,34534,9432,0,132037,0,0,33310,11444,0,33301,0,0,33311,12980,0,32350,9668,9,34452,9668,5,33288,0,0,132105,5235,123;
1701369208716;18291,44904,1,-168,292,72,33302,4560,255,34534,9434,0,132037,0,0,33310,11449,0,33301,0,0,33311,12982,0,32350,9673,8,34452,9667,5,33288,0,0,132105,5236,123;
1701369208815;18392,44904,1,-166,292,73,33302,4560,255,34534,9424,0,132037,0,0,33310,11452,0,33301,0,0,33311,12982,0,32350,9671,8,34452,9669,5,33288,0,0,132105,5236,123;
1701369208905;18494,44904,1,-163,293,74,33302,4560,255,34534,9441,0,132037,0,0,33310,11454,0,33301,0,0,33311,12985,0,32350,9669,8,34452,9669,5,33288,0,0,132105,5236,122;
1701369209018;18594,44904,1,-163,295,75,33302,4561,255,34534,9434,0,132037,0,0,33310,11457,0,33301,0,0,33311,12984,0,32350,9669,8,34452,9669,5,33288,0,0,132105,5235,124;
1701369209108;18689,44904,1,-168,292,72,33302,4560,255,34534,9434,0,132037,0,0,33310,11446,0,33301,0,0,33311,12981,0,32350,9673,8,34452,9669,5,33288,0,0,132105,5236,124;
1701369209206;18792,44904,1,-162,294,75,33302,4560,255,34534,9436,0,132037,0,0,33310,11448,0,33301,0,0,33311,12991,0,32350,9668,9,34452,9674,5,33288,0,0,132105,5236,124;
1701369209316;18892,44904,1,-165,294,75,33302,4560,255,34534,9433,0,132037,0,0,33310,11444,0,33301,0,0,33311,12988,0,32350,9670,8,34452,9669,5,33288,0,0,132105,5235,123;
1701369209408;18993,44904,1,-164,295,74,33302,4561,255,34534,9440,0,132037,0,0,33310,11452,0,33301,0,0,33311,12973,0,32350,9670,8,34452,9671,5,33288,0,0,132105,5235,124;
1701369209515;19089,44904,1,-165,292,74,33302,4559,255,34534,9438,0,132037,0,0,33310,11452,0,33301,0,0,33311,12984,0,32350,9670,7,34452,9670,5,33288,0,0,132105,5236,122;
1701369209709;19294,44904,1,-162,294,75,33302,4560,255,34534,9435,0,132037,0,0,33310,11454,0,33301,0,0,33311,12976,0,32350,9668,7,34452,9669,5,33288,0,0,132105,5236,123;
1701369209812;19393,44904,1,-163,292,75,33302,4559,255,34534,9438,0,132037,0,0,33310,11458,0,33301,0,0,33311,12981,0,32350,9668,7,34452,9669,4,33288,0,0,132105,5236,122;
1701369209906;19489,44904,1,-160,294,77,33302,4559,255,34534,9435,0,132037,0,0,33310,11448,0,33301,0,0,33311,12983,0,32350,9665,7,34452,9669,4,33288,0,0,132105,5236,125;
1701369210015;19591,44904,1,-164,294,75,33302,4560,255,34534,9433,0,132037,0,0,33310,11448,0,33301,0,0,33311,12972,0,32350,9669,8,34452,9670,4,33288,0,0,132105,5235,125;
1701369210119;19693,44904,1,-162,293,76,33302,4559,255,34534,9441,0,132037,0,0,33310,11454,0,33301,0,0,33311,12982,0,32350,9667,7,34452,9669,5,33288,0,0,132105,5236,122;
1701369210217;19793,44904,1,-162,293,76,33302,4559,255,34534,9430,0,132037,0,0,33310,11455,0,33301,0,0,33311,12981,0,32350,9667,8,34452,9670,5,33288,0,0,132105,5236,125;
1701369210313;19888,44904,1,-169,291,72,33302,4560,255,34534,9430,0,132037,0,0,33310,11459,0,33301,0,0,33311,12976,0,32350,9674,7,34452,9669,5,33288,0,0,132105,5236,123;
1701369210415;19992,44904,1,-160,294,76,33302,4560,255,34534,9433,0,132037,0,0,33310,11453,0,33301,0,0,33311,12977,0,32350,9666,8,34452,9670,5,33288,0,0,132105,5236,124;
1701369210515;20093,44904,1,-167,292,74,33302,4559,255,34534,9433,0,132037,0,0,33310,11452,0,33301,0,0,33311,12974,0,32350,9672,8,34452,9668,5,33288,0,0,132105,5235,124;
1701369210616;20194,44904,1,-165,293,74,33302,4560,255,34534,9426,0,132037,0,0,33310,11454,0,33301,0,0,33311,12975,0,32350,9670,9,34452,9669,5,33288,0,0,132105,5236,124;
1701369210706;20289,44904,1,-166,291,74,33302,4559,255,34534,9432,0,132037,0,0,33310,11451,0,33301,0,0,33311,12972,0,32350,9671,9,34452,9670,5,33288,0,0,132105,5236,124;
1701369210810;20395,44904,1,-165,292,74,33302,4559,255,34534,9424,0,132037,0,0,33310,11445,0,33301,0,0,33311,12974,0,32350,9670,9,34452,9669,5,33288,0,0,132105,5236,123;
1701369210916;20492,44904,1,-162,295,74,33302,4561,255,34534,9420,0,132037,0,0,33310,11450,0,33301,0,0,33311,12983,0,32350,9668,9,34452,9670,5,33288,0,0,132105,5236,124;
1701369211016;20594,44904,1,-160,294,76,33302,4560,255,34534,9436,0,132037,0,0,33310,11451,0,33301,0,0,33311,12973,0,32350,9666,9,34452,9667,5,33288,0,0,132105,5236,124;
1701369211112;20689,44904,1,-163,292,75,33302,4559,255,34534,9432,0,132037,0,0,33310,11451,0,33301,0,0,33311,12981,0,32350,9668,9,34452,9669,5,33288,0,0,132105,5236,124;
1701369211282;20794,44904,1,-163,291,74,33302,4559,255,34534,9424,0,132037,0,0,33310,11452,0,33301,0,0,33311,12970,0,32350,9668,8,34452,9667,5,33288,0,0,132105,5237,124;
1701369211330;20892,44904,1,-169,291,72,33302,4560,255,34534,9438,0,132037,0,0,33310,11452,0,33301,0,0,33311,12985,0,32350,9674,7,34452,9671,5,33288,0,0,132105,5236,123;
1701369211409;20993,44904,1,-164,291,74,33302,4559,255,34534,9429,0,132037,0,0,33310,11445,0,33301,0,0,33311,12976,0,32350,9669,7,34452,9668,5,33288,0,0,132105,5237,125;
1701369211507;21093,44904,1,-164,292,75,33302,4559,255,34534,9426,0,132037,0,0,33310,11455,0,33301,0,0,33311,12977,0,32350,9669,8,34452,9669,5,33288,0,0,132105,5236,124;
1701369211610;21190,44904,1,-166,292,74,33302,4559,255,34534,9429,0,132037,0,0,33310,11454,0,33301,0,0,33311,12973,0,32350,9671,8,34452,9667,5,33288,0,0,132105,5235,124;
1701369211775;21292,44904,1,-165,292,74,33302,4559,255,34534,9435,0,132037,0,0,33310,11458,0,33301,0,0,33311,12978,0,32350,9670,8,34452,9669,5,33288,0,0,132105,5236,124;
1701369211808;21393,44904,1,-160,294,76,33302,4560,255,34534,9429,0,132037,0,0,33310,11453,0,33301,0,0,33311,12977,0,32350,9666,8,34452,9668,5,33288,0,0,132105,5236,124;
1701369211910;21493,44904,1,-163,292,74,33302,4560,255,34534,9428,0,132037,0,0,33310,11449,0,33301,0,0,33311,12978,0,32350,9669,8,34452,9670,5,33288,0,0,132105,5237,125;
1701369212014;21595,44904,1,-166,292,73,33302,4560,255,34534,9433,0,132037,0,0,33310,11458,0,33301,0,0,33311,12980,0,32350,9671,7,34452,9672,5,33288,0,0,132105,5236,125;
1701369212102;21690,44904,1,-160,295,77,33302,4559,255,34534,9437,0,132037,0,0,33310,11444,0,33301,0,0,33311,12980,0,32350,9665,8,34452,9668,5,33288,0,0,132105,5235,123;
1701369212215;21792,44904,1,-161,294,75,33302,4560,255,34534,9435,0,132037,0,0,33310,11454,0,33301,0,0,33311,12979,0,32350,9667,8,34452,9669,5,33288,0,0,132105,5236,125;
1701369212315;21892,44904,1,-164,294,76,33302,4559,255,34534,9431,0,132037,0,0,33310,11449,0,33301,0,0,33311,12983,0,32350,9669,8,34452,9670,5,33288,0,0,132105,5234,123;
1701369212418;21993,44904,1,-162,295,76,33302,4560,255,34534,9432,0,132037,0,0,33310,11456,0,33301,0,0,33311,12978,0,32350,9667,8,34452,9669,5,33288,0,0,132105,5235,123;
1701369212506;22094,44904,1,-164,294,75,33302,4560,255,34534,9430,0,132037,0,0,33310,11449,0,33301,0,0,33311,12974,0,32350,9669,9,34452,9668,5,33288,0,0,132105,5235,124;
1701369212609;22190,44904,1,-162,294,75,33302,4560,255,34534,9443,0,132037,0,0,33310,11455,0,33301,0,0,33311,12983,0,32350,9668,8,34452,9671,5,33288,0,0,132105,5236,124;
1701369212714;22291,44904,1,-159,295,76,33302,4560,255,34534,9436,0,132037,0,0,33310,11442,0,33301,0,0,33311,12979,0,32350,9665,9,34452,9669,5,33288,0,0,132105,5236,124;
1701369212813;22393,44904,1,-164,292,75,33302,4559,255,34534,9435,0,132037,0,0,33310,11439,0,33301,0,0,33311,12989,0,32350,9669,9,34452,9672,5,33288,0,0,132105,5236,125;
1701369212908;22493,44904,1,-159,296,78,33302,4560,255,34534,9435,0,132037,0,0,33310,11443,0,33301,0,0,33311,12981,0,32350,9664,9,34452,9670,5,33288,0,0,132105,5235,125;
1701369213014;22589,44904,1,-163,295,76,33302,4560,255,34534,9430,0,132037,0,0,33310,11450,0,33301,0,0,33311,12988,0,32350,9668,9,34452,9671,5,33288,0,0,132105,5235,123;
1701369213104;22693,44904,1,-163,292,75,33302,4559,255,34534,9444,0,132037,0,0,33310,11448,0,33301,0,0,33311,12975,0,32350,9668,9,34452,9668,5,33288,0,0,132105,5236,124;
1701369213208;22791,44904,1,-160,293,75,33302,4560,255,34534,9445,0,132037,0,0,33310,11446,0,33301,0,0,33311,12983,0,32350,9666,9,34452,9669,5,33288,0,0,132105,5237,123;
1701369213317;22895,44904,1,-161,293,76,33302,4559,255,34534,9430,0,132037,0,0,33310,11449,0,33301,0,0,33311,12985,0,32350,9666,8,34452,9670,5,33288,0,0,132105,5236,124;
1701369213404;22988,44904,1,-160,294,76,33302,4560,255,34534,9438,0,132037,0,0,33310,11448,0,33301,0,0,33311,12984,0,32350,9666,8,34452,9672,5,33288,0,0,132105,5236,124;
1701369213511;23092,44904,1,-163,293,76,33302,4559,255,34534,9441,0,132037,0,0,33310,11456,0,33301,0,0,33311,12984,0,32350,9668,8,34452,9670,5,33288,0,0,132105,5235,123;
1701369213609;23193,44904,1,-166,291,74,33302,4559,255,34534,9430,0,132037,0,0,33310,11446,0,33301,0,0,33311,12977,0,32350,9671,7,34452,9672,5,33288,0,0,132105,5236,124;
1701369213705;23293,44904,1,-164,292,73,33302,4560,255,34534,9434,0,132037,0,0,33310,11451,0,33301,0,0,33311,12978,0,32350,9670,8,34452,9672,5,33288,0,0,132105,5237,124;
1701369213814;23389,44904,1,-161,293,76,33302,4559,255,34534,9437,0,132037,0,0,33310,11444,0,33301,0,0,33311,12988,0,32350,9666,7,34452,9673,5,33288,0,0,132105,5236,122;
1701369213909;23494,44904,1,-162,295,77,33302,4559,255,34534,9436,0,132037,0,0,33310,11451,0,33301,0,0,33311,12972,0,32350,9667,8,34452,9669,5,33288,0,0,132105,5234,123;
1701369214004;23591,44904,1,-159,295,76,33302,4560,255,34534,9432,0,132037,0,0,33310,11444,0,33301,0,0,33311,12978,0,32350,9665,8,34452,9668,5,33288,0,0,132105,5236,124;
1701369214112;23692,44904,1,-162,294,75,33302,4560,255,34534,9448,0,132037,0,0,33310,11451,0,33301,0,0,33311,12988,0,32350,9668,7,34452,9669,5,33288,0,0,132105,5236,123;
1701369214213;23794,44904,1,-166,292,73,33302,4560,255,34534,9436,0,132037,0,0,33310,11454,0,33301,0,0,33311,12979,0,32350,9671,7,34452,9671,5,33288,0,0,132105,5236,123;
1701369214298;23889,44904,1,-162,294,75,33302,4560,255,34534,9438,0,132037,0,0,33310,11446,0,33301,0,0,33311,12978,0,32350,9668,8,34452,9667,5,33288,0,0,132105,5236,124;
1701369214409;23993,44904,1,-162,294,75,33302,4560,255,34534,9435,0,132037,0,0,33310,11442,0,33301,0,0,33311,12982,0,32350,9668,9,34452,9672,5,33288,0,0,132105,5236,124;
1701369214513;24092,44904,1,-166,293,74,33302,4560,255,34534,9447,0,132037,0,0,33310,11450,0,33301,0,0,33311,12981,0,32350,9671,9,34452,9668,5,33288,0,0,132105,5235,123;
1701369214611;24193,44904,1,-166,292,73,33302,4560,255,34534,9434,0,132037,0,0,33310,11455,0,33301,0,0,33311,12975,0,32350,9671,9,34452,9671,5,33288,0,0,132105,5236,124;
1701369214700;24288,44904,1,-166,293,74,33302,4560,255,34534,9432,0,132037,0,0,33310,11446,0,33301,0,0,33311,12979,0,32350,9671,10,34452,9673,5,33288,0,0,132105,5235,124;
1701369214816;24392,44904,1,-166,290,73,33302,4559,255,34534,9444,0,132037,0,0,33310,11449,0,33301,0,0,33311,12970,0,32350,9671,10,34452,9670,5,33288,0,0,132105,5237,124;
1701369214903;24492,44904,1,-162,293,76,33302,4559,255,34534,9433,0,132037,0,0,33310,11455,0,33301,0,0,33311,12972,0,32350,9667,9,34452,9671,5,33288,0,0,132105,5236,124;
1701369215003;24592,44904,1,-163,292,74,33302,4560,255,34534,9430,0,132037,0,0,33310,11448,0,33301,0,0,33311,12979,0,32350,9669,10,34452,9669,5,33288,0,0,132105,5237,124;
1701369215114;24688,44904,1,-165,293,75,33302,4559,255,34534,9442,0,132037,0,0,33310,11445,0,33301,0,0,33311,12977,0,32350,9670,10,34452,9670,5,33288,0,0,132105,5235,124;
1701369215210;24791,44904,1,-166,292,73,33302,4560,255,34534,9437,0,132037,0,0,33310,11450,0,33301,0,0,33311,12971,0,32350,9671,10,34452,9670,5,33288,0,0,132105,5236,123;
1701369215312;24892,44904,1,-167,292,73,33302,4560,255,34534,9446,0,132037,0,0,33310,11455,0,33301,0,0,33311,12976,0,32350,9672,10,34452,9671,5,33288,0,0,132105,5236,122;
1701369215412;24994,44904,1,-165,293,74,33302,4560,255,34534,9433,0,132037,2943,1,33310,11430,0,33301,5543,120,33311,9575,0,32350,9670,10,34452,9667,5,33288,2952,5,132105,5236,124;
1701369215606;25191,44904,1,-164,291,74,33302,4559,255,34534,9438,0,132037,0,0,33310,11451,0,33301,0,0,33311,12973,0,32350,9669,10,34452,9670,5,33288,0,0,132105,5237,123;
1701369215710;25292,44904,1,-165,293,74,33302,4560,255,34534,9433,0,132037,0,0,33310,11451,0,33301,0,0,33311,12980,0,32350,9670,10,34452,9673,5,33288,0,0,132105,5236,122;
1701369215816;25393,44904,1,-167,293,74,33302,4560,255,34534,9436,0,132037,0,0,33310,11450,0,33301,0,0,33311,12970,0,32350,9672,10,34452,9671,5,33288,0,0,132105,5235,121;
1701369215907;25494,44904,1,-162,294,75,33302,4560,255,34534,9446,0,132037,0,0,33310,11446,0,33301,0,0,33311,12969,0,32350,9668,10,34452,9671,5,33288,0,0,132105,5236,121;
1701369216012;25589,44904,1,-164,294,75,33302,4560,255,34534,9440,0,132037,0,0,33310,11446,0,33301,0,0,33311,12971,0,32350,9669,9,34452,9671,5,33288,0,0,132105,5235,121;
1701369216112;25690,44904,1,-166,292,73,33302,4560,255,34534,9444,0,132037,0,0,33310,11458,0,33301,0,0,33311,12971,0,32350,9671,9,34452,9673,5,33288,0,0,132105,5236,121;
1701369216213;25793,44904,1,-162,294,75,33302,4560,255,34534,9443,0,132037,0,0,33310,11457,0,33301,0,0,33311,12971,0,32350,9668,9,34452,9671,5,33288,0,0,132105,5236,120;
1701369216313;25892,44904,1,-167,291,72,33302,4560,255,34534,9434,0,132037,0,0,33310,11450,0,33301,0,0,33311,12974,0,32350,9673,9,34452,9670,6,33288,0,0,132105,5237,120;
1701369216410;25989,44904,1,-167,293,74,33302,4560,255,34534,9448,0,132037,0,0,33310,11453,0,33301,0,0,33311,12968,0,32350,9672,8,34452,9672,5,33288,0,0,132105,5235,120;
1701369216514;26091,44904,1,-161,296,77,33302,4560,255,34534,9442,0,132037,0,0,33310,11450,0,33301,0,0,33311,12976,0,32350,9666,9,34452,9671,5,33288,0,0,132105,5234,119;
1701369216610;26191,44904,1,-163,293,74,33302,4560,255,34534,9438,0,132037,0,0,33310,11453,0,33301,0,0,33311,12973,0,32350,9669,10,34452,9670,5,33288,0,0,132105,5236,120;
1701369216712;26292,44904,1,-161,294,75,33302,4560,255,34534,9448,0,132037,0,0,33310,11451,0,33301,0,0,33311,12974,0,32350,9667,10,34452,9671,6,33288,0,0,132105,5236,120;
1701369216812;26394,44904,1,-164,295,74,33302,4561,255,34534,9448,0,132037,0,0,33310,11455,0,33301,0,0,33311,12971,0,32350,9670,10,34452,9669,5,33288,0,0,132105,5235,119;
1701369216911;26488,44904,1,-164,292,75,33302,4559,255,34534,9437,0,132037,0,0,33310,0,0,33301,0,0,33311,12973,0,32350,9669,11,34452,9672,5,33288,0,0,132105,5236,121;
1701369217011;26590,44904,1,-165,293,74,33302,4560,255,34534,9444,0,132037,0,0,33310,11452,0,33301,0,0,33311,12967,0,32350,9670,10,34452,9669,6,33288,0,0,132105,5236,121;
1701369217112;26692,44904,1,-167,292,73,33302,4560,255,34534,9448,0,132037,0,0,33310,11461,0,33301,0,0,33311,12973,0,32350,9672,10,34452,9671,5,33288,0,0,132105,5236,120;
1701369217210;26793,44904,1,-166,292,73,33302,4560,255,34534,9445,0,132037,0,0,33310,11451,0,33301,0,0,33311,12965,0,32350,9671,10,34452,9671,5,33288,0,0,132105,5236,122;
1701369217310;26894,44904,1,-160,294,76,33302,4560,255,34534,9443,0,132037,0,0,33310,11453,0,33301,0,0,33311,12963,0,32350,9666,10,34452,9668,5,33288,0,0,132105,5236,123;
1701369217410;26996,44904,1,-165,292,74,33302,4559,255,34534,9442,0,132037,0,0,33310,11452,0,33301,0,0,33311,12964,0,32350,9670,9,34452,9673,6,33288,0,0,132105,5236,122;
1701369217511;27090,44904,1,-162,295,76,33302,4560,255,34534,9442,0,132037,0,0,33310,11453,0,33301,0,0,33311,12965,0,32350,9667,9,34452,9670,6,33288,0,0,132105,5235,122;
1701369217610;27191,44904,1,-164,292,73,33302,4560,255,34534,9446,0,132037,0,0,33310,11448,0,33301,0,0,33311,12968,0,32350,9670,10,34452,9668,5,33288,0,0,132105,5237,123;
1701369217712;27292,44904,1,-165,294,75,33302,4560,255,34534,9455,0,132037,0,0,33310,11457,0,33301,0,0,33311,12975,0,32350,9670,9,34452,9670,5,33288,0,0,132105,5235,122;
1701369217810;27395,44904,1,-163,293,76,33302,4559,255,34534,9442,0,132037,0,0,33310,11448,0,33301,0,0,33311,12964,0,32350,9668,9,34452,9670,5,33288,0,0,132105,5235,122;
1701369217909;27494,44904,1,-165,293,74,33302,4560,255,34534,9437,0,132037,0,0,33310,11451,0,33301,0,0,33311,12969,0,32350,9670,9,34452,9669,5,33288,0,0,132105,5236,122;
1701369217998;27589,44904,1,-159,295,76,33302,4560,255,34534,9433,0,132037,0,0,33310,11449,0,33301,0,0,33311,12968,0,32350,9665,9,34452,9672,5,33288,0,0,132105,5236,124;
1701369218107;27691,44904,1,-164,294,75,33302,4560,255,34534,9438,0,132037,0,0,33310,11452,0,33301,0,0,33311,12957,0,32350,9669,9,34452,9667,6,33288,0,0,132105,5235,123;
1701369218211;27794,44904,1,-164,292,75,33302,4559,255,34534,9438,0,132037,0,0,33310,11452,0,33301,0,0,33311,12972,0,32350,9669,8,34452,9669,5,33288,0,0,132105,5236,123;
1701369218309;27888,44904,1,-165,294,75,33302,4560,255,34534,9442,0,132037,0,0,33310,11454,0,33301,0,0,33311,12969,0,32350,9670,8,34452,9668,5,33288,0,0,132105,5235,122;
1701369218411;27991,44904,1,-162,293,74,33302,4560,255,34534,9437,0,132037,0,0,33310,11462,0,33301,0,0,33311,12976,0,32350,9668,8,34452,9671,5,33288,0,0,132105,5237,123;
1701369218510;28092,44904,1,-163,292,74,33302,4560,255,34534,9435,0,132037,0,0,33310,0,0,33301,0,0,33311,12967,0,32350,9669,9,34452,9671,6,33288,0,0,132105,5237,123;
1701369218611;28193,44904,1,-163,293,74,33302,4560,255,34534,9443,0,132037,0,0,33310,11453,0,33301,0,0,33311,12964,0,32350,9669,8,34452,9672,6,33288,0,0,132105,5236,122;
1701369218712;28288,44904,1,-163,293,74,33302,4560,255,34534,9437,0,132037,0,0,33310,11457,0,33301,0,0,33311,12969,0,32350,9669,8,34452,9669,6,33288,0,0,132105,5236,121;
1701369218810;28391,44904,1,-164,294,75,33302,4560,255,34534,9443,0,132037,0,0,33310,11449,0,33301,0,0,33311,12966,0,32350,9669,8,34452,9671,5,33288,0,0,132105,5235,122;
1701369218909;28491,44904,1,-168,293,73,33302,4560,255,34534,9435,0,132037,0,0,33310,11449,0,33301,0,0,33311,12974,0,32350,9673,8,34452,9668,5,33288,0,0,132105,5235,122;
1701369219008;28592,44904,1,-162,292,75,33302,4559,255,34534,9447,0,132037,0,0,33310,11459,0,33301,0,0,33311,12977,0,32350,9667,8,34452,9676,5,33288,0,0,132105,5237,122;
1701369219111;28688,44904,1,-165,293,75,33302,4559,255,34534,9434,0,132037,0,0,33310,11444,0,33301,0,0,33311,12966,0,32350,9670,7,34452,9670,5,33288,0,0,132105,5235,122;
1701369219210;28792,44904,1,-164,292,75,33302,4559,255,34534,9435,0,132037,0,0,33310,11450,0,33301,0,0,33311,12975,0,32350,9669,7,34452,9670,5,33288,0,0,132105,5236,122;
1701369219314;28892,44904,1,-164,292,75,33302,4559,255,34534,9435,0,132037,0,0,33310,11457,0,33301,0,0,33311,12974,0,32350,9669,8,34452,9670,6,33288,0,0,132105,5236,122;
1701369219409;28993,44904,1,-163,294,74,33302,4561,255,34534,9441,0,132037,0,0,33310,11449,0,33301,0,0,33311,12971,0,32350,9669,8,34452,9669,5,33288,0,0,132105,5236,122;
1701369219508;29088,44904,1,-159,296,78,33302,4560,255,34534,9436,0,132037,0,0,33310,11453,0,33301,0,0,33311,12972,0,32350,9664,8,34452,9668,5,33288,0,0,132105,5235,122;
1701369219610;29190,44904,1,-167,292,73,33302,4560,255,34534,9441,0,132037,0,0,33310,11455,0,33301,0,0,33311,12965,0,32350,9672,8,34452,9671,5,33288,0,0,132105,5236,122;
1701369219710;29291,44904,1,-162,294,75,33302,4560,255,34534,9441,0,132037,0,0,33310,11449,0,33301,0,0,33311,12977,0,32350,9668,8,34452,9671,5,33288,0,0,132105,5236,121;
1701369219809;29394,44904,1,-162,294,75,33302,4560,255,34534,9437,0,132037,0,0,33310,11456,0,33301,0,0,33311,12969,0,32350,9668,8,34452,9670,5,33288,0,0,132105,5236,123;
1701369219909;29492,44904,1,-159,294,76,33302,4560,255,34534,9443,0,132037,0,0,33310,11452,0,33301,0,0,33311,12971,0,32350,9665,9,34452,9670,5,33288,0,0,132105,5237,122;
1701369220007;29588,44904,1,-165,293,74,33302,4560,255,34534,9450,0,132037,0,0,33310,11456,0,33301,0,0,33311,12973,0,32350,9670,8,34452,9669,5,33288,0,0,132105,5236,122;
1701369220110;29690,44904,1,-162,293,76,33302,4559,255,34534,9435,0,132037,0,0,33310,11462,0,33301,0,0,33311,12971,0,32350,9667,9,34452,9672,5,33288,0,0,132105,5236,123;
1701369220209;29791,44904,1,-159,295,76,33302,4560,255,34534,9440,0,132037,0,0,33310,11461,0,33301,0,0,33311,12965,0,32350,9665,8,34452,9669,5,33288,0,0,132105,5236,121;
1701369220313;29892,44904,1,-163,293,74,33302,4560,255,34534,9435,0,132037,0,0,33310,11448,0,33301,0,0,33311,12970,0,32350,9669,8,34452,9669,5,33288,0,0,132105,5236,121;
1701369220410;29987,44904,1,-164,295,74,33302,4561,255,34534,9433,0,132037,0,0,33310,11454,0,33301,0,0,33311,12968,0,32350,9670,9,34452,9669,5,33288,0,0,132105,5235,121;
1701369220509;30091,44904,1,-161,294,75,33302,4560,255,34534,9440,0,132037,0,0,33310,11458,0,33301,0,0,33311,12971,0,32350,9667,9,34452,9672,5,33288,0,0,132105,5236,121;
1701369220608;30191,44904,1,-166,291,72,33302,4560,255,34534,9443,0,132037,0,0,33310,11459,0,33301,0,0,33311,12964,0,32350,9672,9,34452,9673,5,33288,0,0,132105,5237,123;
1701369220711;30292,44904,1,-163,294,74,33302,4561,255,34534,9443,0,132037,0,0,33310,11460,0,33301,0,0,33311,12963,0,32350,9669,10,34452,9670,5,33288,0,0,132105,5236,123;
1701369220808;30388,44904,1,-161,296,76,33302,4561,255,34534,9441,0,132037,0,0,33310,11458,0,33301,0,0,33311,12962,0,32350,9667,9,34452,9673,4,33288,0,0,132105,5235,123;
1701369220910;30492,44904,1,-163,294,74,33302,4561,255,34534,9438,0,132037,0,0,33310,11457,0,33301,0,0,33311,12957,0,32350,9669,8,34452,9670,4,33288,0,0,132105,5236,123;
1701369221001;30591,44904,1,-165,293,74,33302,4560,255,34534,9433,0,132037,0,0,33310,11454,0,33301,0,0,33311,12957,0,32350,9670,9,34452,9675,4,33288,0,0,132105,5236,123;
1701369221105;30692,44904,1,-167,292,73,33302,4560,255,34534,9440,0,132037,0,0,33310,11453,0,33301,0,0,33311,12969,0,32350,9672,9,34452,9668,4,33288,0,0,132105,5236,121;
1701369221207;30788,44904,1,-166,292,73,33302,4560,255,34534,9447,0,132037,0,0,33310,11457,0,33301,0,0,33311,12956,0,32350,9671,9,34452,9671,4,33288,0,0,132105,5236,123;
1701369221403;30991,44904,1,-165,294,75,33302,4560,255,34534,9447,0,132037,0,0,33310,11454,0,33301,0,0,33311,12960,0,32350,9670,9,34452,9672,4,33288,0,0,132105,5235,121;
1701369221506;31093,44904,1,-168,292,72,33302,4560,255,34534,9443,0,132037,0,0,33310,11449,0,33301,0,0,33311,12963,0,32350,9673,9,34452,9671,4,33288,0,0,132105,5236,122;
1701369221609;31188,44904,1,-161,293,75,33302,4560,255,34534,9436,0,132037,0,0,33310,11453,0,33301,0,0,33311,12960,0,32350,9667,9,34452,9671,5,33288,0,0,132105,5237,123;
1701369221707;31291,44904,1,-166,292,73,33302,4560,255,34534,9437,0,132037,0,0,33310,11457,0,33301,0,0,33311,12957,0,32350,9671,9,34452,9670,4,33288,0,0,132105,5236,122;
1701369221809;31391,44904,1,-163,291,74,33302,4559,255,34534,9433,0,132037,0,0,33310,11456,0,33301,0,0,33311,12964,0,32350,9668,9,34452,9671,4,33288,0,0,132105,5237,121;
1701369221908;31493,44904,1,-162,294,75,33302,4560,255,34534,9437,0,132037,0,0,33310,11452,0,33301,0,0,33311,12954,0,32350,9668,9,34452,9671,4,33288,0,0,132105,5236,122;
1701369222007;31588,44904,1,-164,294,75,33302,4560,255,34534,9442,0,132037,0,0,33310,11453,0,33301,0,0,33311,12954,0,32350,9669,9,34452,9671,5,33288,0,0,132105,5235,122;
1701369222111;31691,44904,1,-165,294,73,33302,4561,255,34534,9434,0,132037,0,0,33310,0,0,33301,0,0,33311,12958,0,32350,9671,9,34452,9670,5,33288,0,0,132105,5236,121;
1701369222209;31792,44904,1,-163,293,74,33302,4560,255,34534,9438,0,132037,0,0,33310,11444,0,33301,0,0,33311,12954,0,32350,9669,9,34452,9669,5,33288,0,0,132105,5236,122;
1701369222309;31892,44904,1,-163,293,74,33302,4560,255,34534,9443,0,132037,0,0,33310,11441,0,33301,0,0,33311,12957,0,32350,9669,9,34452,9669,5,33288,0,0,132105,5236,120;
1701369222407;31988,44904,1,-163,293,74,33302,4560,255,34534,9441,0,132037,0,0,33310,11453,0,33301,0,0,33311,12964,0,32350,9669,8,34452,9673,5,33288,0,0,132105,5236,121;
1701369222508;32088,44904,1,-160,293,75,33302,4560,255,34534,9436,0,132037,0,0,33310,11444,0,33301,0,0,33311,12955,0,32350,9666,9,34452,9671,4,33288,0,0,132105,5237,123;
1701369222608;32192,44904,1,-162,293,74,33302,4560,255,34534,9432,0,132037,0,0,33310,11437,0,33301,0,0,33311,12959,0,32350,9668,8,34452,9669,4,33288,0,0,132105,5237,123;
1701369222709;32291,44904,1,-166,293,72,33302,4561,255,34534,9435,0,132037,0,0,33310,11449,0,33301,0,0,33311,12956,0,32350,9672,9,34452,9673,4,33288,0,0,132105,5236,122;
1701369222808;32392,44904,1,-165,293,74,33302,4560,255,34534,9435,0,132037,0,0,33310,11448,0,33301,0,0,33311,12960,0,32350,9670,9,34452,9671,5,33288,0,0,132105,5236,123;
1701369222906;32493,44904,1,-169,291,72,33302,4560,255,34534,9430,0,132037,0,0,33310,11445,0,33301,0,0,33311,12959,0,32350,9674,9,34452,9671,5,33288,0,0,132105,5236,124;
1701369223008;32589,44904,1,-165,293,74,33302,4560,255,34534,9421,0,132037,0,0,33310,0,0,33301,0,0,33311,12954,0,32350,9670,9,34452,9670,5,33288,0,0,132105,5236,124;
1701369223106;32691,44904,1,-167,290,72,33302,4559,255,34534,9436,0,132037,0,0,33310,11442,0,33301,0,0,33311,12957,0,32350,9672,8,34452,9670,5,33288,0,0,132105,5237,124;
1701369223205;32792,44904,1,-162,294,75,33302,4560,255,34534,9431,0,132037,0,0,33310,11450,0,33301,0,0,33311,12961,0,32350,9668,8,34452,9668,5,33288,0,0,132105,5236,124;
1701369223304;32893,44904,1,-161,293,75,33302,4560,255,34534,9442,0,132037,0,0,33310,11455,0,33301,0,0,33311,12958,0,32350,9667,8,34452,9673,5,33288,0,0,132105,5237,123;
1701369223407;32989,44904,1,-166,292,73,33302,4560,255,34534,9444,0,132037,0,0,33310,11449,0,33301,0,0,33311,12965,0,32350,9671,8,34452,9671,5,33288,0,0,132105,5236,122;
1701369223508;33090,44904,1,-163,293,74,33302,4560,255,34534,9435,0,132037,0,0,33310,11446,0,33301,0,0,33311,12956,0,32350,9669,8,34452,9669,5,33288,0,0,132105,5236,123;
1701369223608;33192,44904,1,-166,292,73,33302,4560,255,34534,9434,0,132037,0,0,33310,11449,0,33301,0,0,33311,12959,0,32350,9671,8,34452,9669,5,33288,0,0,132105,5236,124;
1701369223705;33291,44904,1,-162,293,74,33302,4560,255,34534,9435,0,132037,0,0,33310,11445,0,33301,0,0,33311,12956,0,32350,9668,8,34452,9671,5,33288,0,0,132105,5237,123;
1701369223807;33388,44904,1,-163,292,74,33302,4560,255,34534,9430,0,132037,0,0,33310,11444,0,33301,0,0,33311,12957,0,32350,9669,8,34452,9674,5,33288,0,0,132105,5237,124;
1701369223905;33491,44904,1,-161,294,75,33302,4560,255,34534,9427,0,132037,0,0,33310,11444,0,33301,0,0,33311,12954,0,32350,9667,8,34452,9671,5,33288,0,0,132105,5236,124;
1701369224008;33592,44904,1,-162,294,75,33302,4560,255,34534,9428,0,132037,0,0,33310,11440,0,33301,0,0,33311,12957,0,32350,9668,9,34452,9671,5,33288,0,0,132105,5236,124;
1701369224106;33692,44904,1,-163,295,75,33302,4561,255,34534,9425,0,132037,0,0,33310,11445,0,33301,0,0,33311,12956,0,32350,9669,8,34452,9672,5,33288,0,0,132105,5235,124;
1701369224205;33793,44904,1,-163,295,76,33302,4560,255,34534,9434,0,132037,0,0,33310,11440,0,33301,0,0,33311,12961,0,32350,9668,8,34452,9676,5,33288,0,0,132105,5235,123;
1701369224306;33888,44904,1,-168,292,72,33302,4560,255,34534,9427,0,132037,0,0,33310,11448,0,33301,0,0,33311,12956,0,32350,9673,8,34452,9669,5,33288,0,0,132105,5236,122;
1701369224408;33992,44904,1,-163,294,74,33302,4561,255,34534,9428,0,132037,0,0,33310,11452,0,33301,0,0,33311,12957,0,32350,9669,8,34452,9671,5,33288,0,0,132105,5236,124;
1701369224504;34091,44904,1,-161,295,75,33302,4561,255,34534,9425,0,132037,0,0,33310,11448,0,33301,0,0,33311,12957,0,32350,9667,8,34452,9670,5,33288,0,0,132105,5236,123;
1701369224605;34192,44904,1,-163,292,74,33302,4560,255,34534,9429,0,132037,0,0,33310,11446,0,33301,0,0,33311,12956,0,32350,9669,8,34452,9672,5,33288,0,0,132105,5237,124;
1701369224711;34288,44904,1,-166,292,73,33302,4560,255,34534,9429,0,132037,0,0,33310,11453,0,33301,0,0,33311,12961,0,32350,9671,8,34452,9672,5,33288,0,0,132105,5236,124;
1701369224804;34391,44904,1,-168,292,72,33302,4560,255,34534,9428,0,132037,0,0,33310,11449,0,33301,0,0,33311,12958,0,32350,9673,9,34452,9673,5,33288,0,0,132105,5236,123;
1701369224906;34491,44904,1,-169,290,71,33302,4560,255,34534,9430,0,132037,0,0,33310,11442,0,33301,0,0,33311,12960,0,32350,9675,9,34452,9669,5,33288,0,0,132105,5237,123;
1701369225008;34592,44904,1,-164,292,73,33302,4560,255,34534,9428,0,132037,0,0,33310,11450,0,33301,0,0,33311,12957,0,32350,9670,9,34452,9668,5,33288,0,0,132105,5237,124;
1701369225109;34688,44904,1,-163,293,74,33302,4560,255,34534,9422,0,132037,0,0,33310,11449,0,33301,0,0,33311,12964,0,32350,9669,9,34452,9671,5,33288,0,0,132105,5236,123;
1701369225207;34790,44904,1,-165,293,74,33302,4560,255,34534,9434,0,132037,0,0,33310,11449,0,33301,0,0,33311,12966,0,32350,9670,9,34452,9671,5,33288,0,0,132105,5236,123;
1701369225306;34890,44904,1,-163,293,74,33302,4560,255,34534,9429,0,132037,0,0,33310,11446,0,33301,0,0,33311,12966,0,32350,9669,9,34452,9673,5,33288,0,0,132105,5236,124;
1701369225407;34992,44904,1,-164,292,73,33302,4560,255,34534,9427,0,132037,0,0,33310,0,0,33301,0,0,33311,12964,0,32350,9670,9,34452,9671,5,33288,0,0,132105,5237,124;
1701369225508;35092,44904,1,-166,292,73,33302,4560,255,34534,9430,0,132037,0,0,33310,0,0,33301,0,0,33311,12962,0,32350,9671,9,34452,9670,5,33288,0,0,132105,5236,123;
