1701369267784;77387,44904,1,399,251,76,33302,4672,242,34534,9247,0,132037,0,0,33310,11086,1,33301,0,0,33311,13224,0,32350,9166,7,34452,9196,8,33288,0,0,132105,5573,105;
1701369267951;77488,44904,1,396,247,75,33302,4670,239,34534,9247,0,132037,0,0,33310,11088,1,33301,0,0,33311,13706,0,32350,9169,7,34452,9196,9,33288,0,0,132105,5573,105;
1701369268027;77588,44904,1,398,248,77,33302,4670,239,34534,9248,0,132037,0,0,33310,11086,1,33301,0,0,33311,13245,0,32350,9166,6,34452,9195,9,33288,0,0,132105,5573,107;
1701369268100;77689,44904,1,400,249,78,33302,4670,242,34534,9248,0,132037,0,0,33310,11086,1,33301,0,0,33311,0,0,32350,9164,6,34452,9194,9,33288,0,0,132105,5573,106;
1701369268190;77784,44904,1,404,251,80,33302,4671,243,34534,9260,0,132037,0,0,33310,11087,1,33301,0,0,33311,13323,0,32350,9161,6,34452,9194,9,33288,0,0,132105,5573,105;
1701369268303;77889,44904,1,397,248,76,33302,4670,248,34534,9250,0,132037,0,0,33310,11085,1,33301,0,0,33311,13324,0,32350,9167,7,34452,9193,9,33288,0,0,132105,5573,107;
1701369268398;77987,44904,1,404,250,79,33302,4671,251,34534,9245,0,132037,0,0,33310,11087,1,33301,0,0,33311,13252,0,32350,9161,7,34452,9193,9,33288,0,0,132105,5574,107;
1701369268501;78088,44904,1,402,251,79,33302,4671,251,34534,9244,0,132037,0,0,33310,11086,1,33301,0,0,33311,13359,0,32350,9163,7,34452,9194,9,33288,0,0,132105,5573,106;
1701369268588;78183,44904,1,400,251,78,33302,4671,249,34534,9243,0,132037,0,0,33310,11089,1,33301,0,0,33311,13244,0,32350,9165,7,34452,9195,9,33288,0,0,132105,5572,106;
1701369268688;78285,44904,1,402,250,78,33302,4671,247,34534,9242,0,132037,0,0,33310,11087,1,33301,0,0,33311,13246,0,32350,9163,7,34452,9197,9,33288,0,0,132105,5574,106;
1701369268802;78388,44904,1,398,248,75,33302,4671,244,34534,9250,0,132037,0,0,33310,11084,1,33301,0,0,33311,13294,0,32350,9167,7,34452,9194,8,33288,0,0,132105,5574,105;
1701369268901;78487,44904,1,399,250,77,33302,4671,244,34534,9247,0,132037,0,0,33310,11085,1,33301,0,0,33311,13187,0,32350,9166,8,34452,9197,8,33288,0,0,132105,5573,106;
1701369269164;78583,44904,1,400,249,78,33302,4670,244,34534,9250,0,132037,0,0,33310,11086,1,33301,0,0,33311,13306,0,32350,9164,8,34452,9197,9,33288,0,0,132105,5573,106;
1701369269294;78686,44904,1,403,250,79,33302,4671,247,34534,9252,0,132037,0,0,33310,11088,1,33301,0,0,33311,0,0,32350,9162,8,34452,9194,9,33288,0,0,132105,5574,106;
1701369269303;78787,44904,1,399,249,78,33302,4670,248,34534,9250,0,132037,0,0,33310,0,0,33301,0,0,33311,0,0,32350,9165,8,34452,9199,9,33288,0,0,132105,5573,107;
1701369269336;78889,44904,1,399,250,77,33302,4671,248,34534,9262,0,132037,0,0,33310,11088,1,33301,0,0,33311,13284,0,32350,9166,8,34452,9195,8,33288,0,0,132105,5573,105;
1701369269405;78988,44904,1,400,251,77,33302,4672,254,34534,9267,0,132037,0,0,33310,11087,1,33301,0,0,33311,0,0,32350,9165,8,34452,9196,8,33288,0,0,132105,5573,106;
1701369269491;79085,44904,1,397,249,77,33302,4670,255,34534,9263,0,132037,0,0,33310,11085,1,33301,0,0,33311,0,0,32350,9167,8,34452,9197,8,33288,0,0,132105,5572,106;
1701369269602;79187,44904,1,399,250,77,33302,4671,255,34534,9249,0,132037,0,0,33310,11088,1,33301,0,0,33311,0,0,32350,9166,8,34452,9196,8,33288,0,0,132105,5573,106;
1701369269703;79286,44904,1,398,249,76,33302,4671,255,34534,9263,0,132037,0,0,33310,11086,1,33301,0,0,33311,0,0,32350,9167,8,34452,9196,8,33288,0,0,132105,5573,106;
1701369269791;79388,44904,1,397,247,75,33302,4670,255,34534,9266,0,132037,0,0,33310,11087,1,33301,0,0,33311,0,0,32350,9168,8,34452,9197,8,33288,0,0,132105,5574,105;
1701369269903;79484,44904,1,401,250,78,33302,4671,255,34534,9263,0,132037,0,0,33310,11087,1,33301,0,0,33311,0,0,32350,9164,8,34452,9195,8,33288,0,0,132105,5573,105;
1701369270004;79585,44904,1,400,248,78,33302,4670,255,34534,9258,0,132037,0,0,33310,11086,1,33301,0,0,33311,0,0,32350,9164,9,34452,9189,8,33288,0,0,132105,5574,106;
1701369270090;79686,44904,1,398,248,75,33302,4671,255,34534,9255,0,132037,0,0,33310,11088,1,33301,0,0,33311,0,0,32350,9167,9,34452,9195,8,33288,0,0,132105,5574,105;
1701369270203;79788,44904,1,399,247,75,33302,4671,255,34534,9262,0,132037,0,0,33310,11088,1,33301,0,0,33311,0,0,32350,9166,9,34452,9191,8,33288,0,0,132105,5575,106;
1701369270380;79983,44904,1,395,248,74,33302,4671,255,34534,9258,0,132037,0,0,33310,11087,1,33301,0,0,33311,0,0,32350,9170,9,34452,9196,9,33288,0,0,132105,5573,106;
1701369270500;80086,44904,1,398,247,76,33302,4670,255,34534,9258,0,132037,0,0,33310,11087,1,33301,0,0,33311,0,0,32350,9166,8,34452,9197,9,33288,0,0,132105,5574,106;
1701369270600;80186,44904,1,401,250,78,33302,4671,255,34534,9262,0,132037,0,0,33310,11089,1,33301,0,0,33311,0,0,32350,9164,7,34452,9194,9,33288,0,0,132105,5573,105;
1701369270703;80287,44904,1,400,249,78,33302,4670,255,34534,9254,0,132037,0,0,33310,11087,1,33301,0,0,33311,0,0,32350,9164,8,34452,9193,8,33288,0,0,132105,5573,105;
1701369270796;80388,44904,1,399,250,77,33302,4671,255,34534,9252,0,132037,0,0,33310,11089,1,33301,0,0,33311,0,0,32350,9166,8,34452,9192,8,33288,0,0,132105,5573,104;
1701369270896;80483,44904,1,398,248,75,33302,4671,255,34534,9248,0,132037,0,0,33310,11086,1,33301,0,0,33311,13328,0,32350,9167,8,34452,9195,8,33288,0,0,132105,5574,106;
1701369270993;80585,44904,1,399,247,75,33302,4671,255,34534,9256,0,132037,0,0,33310,11087,1,33301,0,0,33311,13314,0,32350,9166,8,34452,9196,8,33288,0,0,132105,5575,106;
1701369271105;80687,44904,1,400,250,77,33302,4671,255,34534,9250,0,132037,0,0,33310,11087,1,33301,0,0,33311,13225,0,32350,9165,8,34452,9195,8,33288,0,0,132105,5573,107;
1701369271195;80787,44904,1,400,249,77,33302,4671,255,34534,9246,0,132037,0,0,33310,11086,1,33301,0,0,33311,13224,0,32350,9165,8,34452,9194,8,33288,0,0,132105,5574,106;
1701369271298;80883,44904,1,401,249,77,33302,4671,255,34534,9255,0,132037,0,0,33310,11088,1,33301,0,0,33311,13270,0,32350,9164,8,34452,9193,8,33288,0,0,132105,5574,107;
1701369271392;80985,44904,1,401,250,77,33302,4672,255,34534,9242,0,132037,0,0,33310,11085,1,33301,0,0,33311,13319,0,32350,9164,7,34452,9194,8,33288,0,0,132105,5574,107;
1701369271504;81086,44904,1,398,247,75,33302,4671,255,34534,9248,0,132037,0,0,33310,11090,1,33301,0,0,33311,13367,0,32350,9167,8,34452,9194,8,33288,0,0,132105,5575,107;
1701369271618;81187,44904,1,399,249,76,33302,4671,255,34534,9252,0,132037,0,0,33310,11088,1,33301,0,0,33311,13246,0,32350,9166,8,34452,9198,8,33288,0,0,132105,5574,106;
1701369271687;81284,44904,1,396,249,75,33302,4671,255,34534,9248,0,132037,0,0,33310,11088,1,33301,0,0,33311,13187,0,32350,9169,8,34452,9194,8,33288,0,0,132105,5573,106;
1701369271802;81385,44904,1,398,248,75,33302,4671,255,34534,9254,0,132037,0,0,33310,11089,1,33301,0,0,33311,13348,0,32350,9167,9,34452,9195,8,33288,0,0,132105,5574,106;
1701369271900;81486,44904,1,398,248,75,33302,4671,255,34534,9262,0,132037,0,0,33310,11088,1,33301,0,0,33311,13334,0,32350,9167,9,34452,9196,8,33288,0,0,132105,5574,105;
1701369272002;81589,44904,1,402,252,78,33302,4672,255,34534,9252,0,132037,0,0,33310,11089,1,33301,0,0,33311,13247,0,32350,9163,8,34452,9194,8,33288,0,0,132105,5573,105;
1701369272094;81688,44904,1,399,250,77,33302,4671,255,34534,9255,0,132037,0,0,33310,11087,1,33301,0,0,33311,0,0,32350,9166,7,34452,9197,8,33288,0,0,132105,5573,104;
1701369272198;81784,44904,1,398,248,75,33302,4671,255,34534,9254,0,132037,0,0,33310,11087,1,33301,0,0,33311,13276,0,32350,9167,6,34452,9193,8,33288,0,0,132105,5574,103;
1701369272302;81885,44904,1,400,250,76,33302,4672,255,34534,9247,0,132037,0,0,33310,11090,1,33301,0,0,33311,13216,0,32350,9165,7,34452,9198,9,33288,0,0,132105,5574,104;
1701369272402;81988,44904,1,397,249,76,33302,4671,255,34534,9253,0,132037,0,0,33310,11089,1,33301,0,0,33311,13157,0,32350,9168,7,34452,9193,9,33288,0,0,132105,5573,104;
1701369272503;82087,44904,1,402,250,78,33302,4671,255,34534,9253,0,132037,0,0,33310,11087,1,33301,0,0,33311,13162,0,32350,9163,7,34452,9195,9,33288,0,0,132105,5574,104;
1701369272585;82183,44904,1,400,251,77,33302,4672,253,34534,9250,0,132037,0,0,33310,11087,1,33301,0,0,33311,13134,0,32350,9165,8,34452,9195,9,33288,0,0,132105,5573,103;
1701369272696;82285,44904,1,397,249,74,33302,4672,254,34534,9254,0,132037,0,0,33310,11089,1,33301,0,0,33311,13160,0,32350,9168,7,34452,9193,9,33288,0,0,132105,5574,103;
1701369272799;82387,44904,1,396,246,73,33302,4671,253,34534,9251,0,132037,0,0,33310,11088,1,33301,0,0,33311,13165,0,32350,9169,8,34452,9193,8,33288,0,0,132105,5575,104;
1701369273088;82486,44904,1,397,249,74,33302,4672,253,34534,9250,0,132037,0,0,33310,11087,1,33301,0,0,33311,13182,0,32350,9169,7,34452,9197,9,33288,0,0,132105,5574,103;
1701369273120;82587,44904,1,400,248,76,33302,4671,252,34534,9252,0,132037,0,0,33310,0,0,33301,0,0,33311,13158,0,32350,9165,8,34452,9192,9,33288,0,0,132105,5575,103;
1701369273133;82685,44904,1,402,251,78,33302,4672,253,34534,9254,0,132037,0,0,33310,11087,1,33301,0,0,33311,13122,0,32350,9163,8,34452,9189,9,33288,0,0,132105,5574,103;
1701369273196;82785,44904,1,401,248,78,33302,4670,252,34534,9253,0,132037,0,0,33310,11089,1,33301,0,0,33311,13126,0,32350,9163,8,34452,9194,9,33288,0,0,132105,5574,103;
1701369273296;82885,44904,1,401,249,77,33302,4671,252,34534,9257,0,132037,0,0,33310,11088,1,33301,0,0,33311,13101,0,32350,9164,8,34452,9195,9,33288,0,0,132105,5574,103;
1701369273395;82987,44904,1,402,250,78,33302,4671,252,34534,9264,0,132037,0,0,33310,11088,1,33301,0,0,33311,13100,0,32350,9163,7,34452,9193,9,33288,0,0,132105,5574,102;
1701369273502;83087,44904,1,404,250,80,33302,4670,250,34534,9265,0,132037,0,0,33310,11087,1,33301,0,0,33311,13100,0,32350,9160,7,34452,9197,10,33288,0,0,132105,5574,103;
1701369273594;83188,44904,1,399,248,74,33302,4672,251,34534,9250,0,132037,0,0,33310,11089,1,33301,0,0,33311,13132,0,32350,9167,8,34452,9196,10,33288,0,0,132105,5575,104;
1701369273702;83284,44904,1,398,247,76,33302,4670,250,34534,9261,0,132037,0,0,33310,11090,1,33301,0,0,33311,13118,0,32350,9166,8,34452,9197,9,33288,0,0,132105,5574,103;
1701369273799;83387,44904,1,400,249,77,33302,4671,252,34534,9257,0,132037,0,0,33310,11089,1,33301,0,0,33311,13132,0,32350,9165,8,34452,9197,9,33288,0,0,132105,5574,105;
1701369273889;83486,44904,1,399,250,77,33302,4671,252,34534,9268,0,132037,0,0,33310,11090,1,33301,0,0,33311,13191,0,32350,9166,7,34452,9194,9,33288,0,0,132105,5573,104;
1701369273997;83582,44904,1,397,250,75,33302,4672,253,34534,9263,0,132037,0,0,33310,11090,1,33301,0,0,33311,13203,0,32350,9168,7,34452,9195,9,33288,0,0,132105,5573,105;
1701369274095;83685,44904,1,401,250,78,33302,4671,253,34534,9260,0,132037,0,0,33310,11089,1,33301,0,0,33311,13276,0,32350,9164,8,34452,9198,9,33288,0,0,132105,5573,105;
1701369274198;83786,44904,1,399,249,78,33302,4670,252,34534,9266,0,132037,0,0,33310,11089,1,33301,0,0,33311,13196,0,32350,9165,8,34452,9195,9,33288,0,0,132105,5573,106;
1701369274300;83886,44904,1,398,249,75,33302,4672,254,34534,9261,0,132037,0,0,33310,11089,1,33301,0,0,33311,13192,0,32350,9167,8,34452,9197,9,33288,0,0,132105,5574,106;
1701369274401;83984,44904,1,401,248,77,33302,4671,254,34534,9262,0,132037,0,0,33310,11088,1,33301,0,0,33311,13213,0,32350,9164,8,34452,9199,9,33288,0,0,132105,5575,106;
1701369274494;84086,44904,1,397,249,76,33302,4671,255,34534,9255,0,132037,0,0,33310,11089,1,33301,0,0,33311,13221,0,32350,9168,8,34452,9195,9,33288,0,0,132105,5573,106;
1701369274601;84188,44904,1,401,249,77,33302,4671,255,34534,9262,0,132037,0,0,33310,11090,1,33301,0,0,33311,13209,0,32350,9164,8,34452,9191,9,33288,0,0,132105,5574,105;
1701369274707;84289,44904,1,400,250,76,33302,4672,254,34534,9270,0,132037,0,0,33310,11090,1,33301,0,0,33311,13131,0,32350,9165,7,34452,9193,9,33288,0,0,132105,5574,104;
1701369274801;84388,44904,1,402,251,79,33302,4671,254,34534,9262,0,132037,0,0,33310,11090,1,33301,0,0,33311,13151,0,32350,9163,8,34452,9193,9,33288,0,0,132105,5573,104;
1701369274892;84484,44904,1,401,249,77,33302,4671,255,34534,9259,0,132037,0,0,33310,11094,1,33301,0,0,33311,13123,0,32350,9164,8,34452,9195,9,33288,0,0,132105,5574,106;
1701369274994;84587,44904,1,401,249,77,33302,4671,255,34534,9265,0,132037,0,0,33310,11091,1,33301,0,0,33311,13111,0,32350,9164,8,34452,9192,9,33288,0,0,132105,5574,106;
1701369275100;84685,44904,1,400,249,77,33302,4671,255,34534,9259,0,132037,0,0,33310,11088,1,33301,0,0,33311,13083,0,32350,9165,8,34452,9194,9,33288,0,0,132105,5574,106;
1701369275187;84786,44904,1,401,249,77,33302,4671,255,34534,9260,0,132037,0,0,33310,11088,1,33301,0,0,33311,13091,0,32350,9164,8,34452,9191,9,33288,0,0,132105,5574,106;
1701369275301;84887,44904,1,400,249,77,33302,4671,255,34534,9264,0,132037,0,0,33310,11090,1,33301,0,0,33311,13076,0,32350,9165,8,34452,9194,9,33288,0,0,132105,5574,106;
1701369275384;84983,44904,1,399,249,75,33302,4672,255,34534,9261,0,132037,0,0,33310,11089,1,33301,0,0,33311,13074,0,32350,9166,8,34452,9197,10,33288,0,0,132105,5575,107;
1701369275502;85084,44904,1,398,247,75,33302,4671,254,34534,9267,0,132037,0,0,33310,11089,1,33301,0,0,33311,13094,0,32350,9167,8,34452,9196,10,33288,0,0,132105,5575,105;
1701369275595;85185,44904,1,402,250,78,33302,4671,255,34534,9267,0,132037,0,0,33310,11090,1,33301,0,0,33311,13087,0,32350,9163,7,34452,9194,10,33288,0,0,132105,5574,107;
1701369275699;85287,44904,1,396,247,72,33302,4672,255,34534,9262,0,132037,0,0,33310,11091,1,33301,0,0,33311,13059,0,32350,9170,7,34452,9196,9,33288,0,0,132105,5575,107;
1701369275801;85387,44904,1,398,248,75,33302,4671,255,34534,9258,0,132037,0,0,33310,11092,1,33301,0,0,33311,13087,0,32350,9167,7,34452,9195,9,33288,0,0,132105,5574,106;
1701369275884;85482,44904,1,397,247,74,33302,4671,255,34534,9259,0,132037,0,0,33310,11089,1,33301,0,0,33311,13093,0,32350,9168,7,34452,9196,9,33288,0,0,132105,5575,107;
1701369275998;85585,44904,1,402,250,78,33302,4671,255,34534,9267,0,132037,0,0,33310,11092,1,33301,0,0,33311,13054,0,32350,9163,8,34452,9200,9,33288,0,0,132105,5574,106;
1701369276101;85687,44904,1,399,247,75,33302,4671,255,34534,9258,0,132037,0,0,33310,11089,1,33301,0,0,33311,13074,0,32350,9166,8,34452,9194,9,33288,0,0,132105,5575,107;
1701369276198;85786,44904,1,397,249,74,33302,4672,255,34534,9261,0,132037,0,0,33310,11090,1,33301,0,0,33311,13061,0,32350,9168,8,34452,9197,9,33288,0,0,132105,5574,107;
1701369276299;85887,44904,1,399,249,75,33302,4672,255,34534,9259,0,132037,0,0,33310,11092,1,33301,0,0,33311,13062,0,32350,9166,7,34452,9193,9,33288,0,0,132105,5575,108;
1701369276383;85983,44904,1,402,249,77,33302,4671,255,34534,9260,0,132037,0,0,33310,11090,1,33301,0,0,33311,13055,0,32350,9163,7,34452,9197,10,33288,0,0,132105,5575,108;
1701369276498;86086,44904,1,401,249,76,33302,4672,255,34534,9263,0,132037,0,0,33310,11089,1,33301,0,0,33311,13080,0,32350,9164,7,34452,9198,9,33288,0,0,132105,5575,108;
1701369276601;86185,44904,1,398,247,75,33302,4671,255,34534,9254,0,132037,0,0,33310,11090,1,33301,0,0,33311,13077,0,32350,9167,7,34452,9196,10,33288,0,0,132105,5575,108;
1701369276700;86287,44904,1,396,247,74,33302,4671,255,34534,9259,0,132037,0,0,33310,11090,1,33301,0,0,33311,13074,0,32350,9169,7,34452,9196,10,33288,0,0,132105,5574,107;
1701369276783;86382,44904,1,403,251,78,33302,4672,255,34534,9252,0,132037,0,0,33310,11089,1,33301,0,0,33311,13079,0,32350,9162,7,34452,9196,9,33288,0,0,132105,5574,107;
1701369276899;86486,44904,1,399,249,76,33302,4671,255,34534,9260,0,132037,0,0,33310,11089,1,33301,0,0,33311,13076,0,32350,9166,7,34452,9196,9,33288,0,0,132105,5574,107;
1701369276996;86586,44904,1,403,251,78,33302,4672,255,34534,9266,0,132037,0,0,33310,11093,1,33301,0,0,33311,13075,0,32350,9162,8,34452,9195,9,33288,0,0,132105,5574,107;
1701369277098;86687,44904,1,399,250,76,33302,4672,255,34534,9264,0,132037,0,0,33310,11090,1,33301,0,0,33311,13100,0,32350,9166,8,34452,9193,9,33288,0,0,132105,5574,106;
1701369277182;86782,44904,1,396,246,73,33302,4671,255,34534,9273,0,132037,0,0,33310,11089,1,33301,0,0,33311,13086,0,32350,9169,8,34452,9195,10,33288,0,0,132105,5575,107;
1701369277298;86886,44904,1,398,248,74,33302,4672,255,34534,9264,0,132037,0,0,33310,0,0,33301,0,0,33311,13100,0,32350,9168,8,34452,9196,10,33288,0,0,132105,5575,108;
1701369277400;86985,44904,1,399,249,76,33302,4671,255,34534,9271,0,132037,0,0,33310,11092,1,33301,0,0,33311,13085,0,32350,9166,8,34452,9195,10,33288,0,0,132105,5574,106;
1701369277500;87088,44904,1,396,246,73,33302,4671,255,34534,9267,0,132037,0,0,33310,11089,1,33301,0,0,33311,13126,0,32350,9169,7,34452,9191,9,33288,0,0,132105,5575,107;
1701369277583;87183,44904,1,401,250,77,33302,4672,255,34534,9260,0,132037,0,0,33310,11088,1,33301,0,0,33311,13110,0,32350,9164,7,34452,9195,10,33288,0,0,132105,5574,106;
1701369277696;87285,44904,1,399,249,75,33302,4672,255,34534,9262,0,132037,0,0,33310,11088,1,33301,0,0,33311,13110,0,32350,9166,7,34452,9197,10,33288,0,0,132105,5575,107;
1701369277800;87386,44904,1,401,248,77,33302,4671,255,34534,9259,0,132037,0,0,33310,0,0,33301,0,0,33311,13114,0,32350,9164,7,34452,9195,10,33288,0,0,132105,5575,106;
1701369277900;87487,44904,1,401,249,76,33302,4672,255,34534,9264,0,132037,0,0,33310,11091,1,33301,0,0,33311,13138,0,32350,9164,6,34452,9198,10,33288,0,0,132105,5575,106;
1701369277982;87582,44904,1,403,251,79,33302,4671,255,34534,9258,0,132037,0,0,33310,11087,1,33301,0,0,33311,13098,0,32350,9162,6,34452,9195,10,33288,0,0,132105,5573,104;
1701369278096;87684,44904,1,401,249,77,33302,4671,255,34534,9247,0,132037,0,0,33310,0,0,33301,0,0,33311,13104,0,32350,9164,6,34452,9198,10,33288,0,0,132105,5574,106;
1701369278200;87786,44904,1,399,250,77,33302,4671,255,34534,9252,0,132037,0,0,33310,11087,1,33301,0,0,33311,13132,0,32350,9166,6,34452,9195,9,33288,0,0,132105,5573,105;
1701369278298;87886,44904,1,404,250,79,33302,4671,255,34534,9247,0,132037,0,0,33310,0,0,33301,0,0,33311,13143,0,32350,9161,7,34452,9200,9,33288,0,0,132105,5574,105;
1701369278400;87986,44904,1,397,247,76,33302,4670,255,34534,9252,0,132037,0,0,33310,0,0,33301,0,0,33311,13144,0,32350,9167,7,34452,9199,9,33288,0,0,132105,5574,106;
1701369278481;88082,44904,1,401,248,77,33302,4671,255,34534,9254,0,132037,0,0,33310,11088,1,33301,0,0,33311,13144,0,32350,9164,7,34452,9194,9,33288,0,0,132105,5575,105;
1701369278595;88184,44904,1,401,249,77,33302,4671,255,34534,9257,0,132037,0,0,33310,11088,1,33301,0,0,33311,13143,0,32350,9164,6,34452,9199,9,33288,0,0,132105,5574,106;
1701369278698;88286,44904,1,402,251,78,33302,4672,255,34534,9251,0,132037,0,0,33310,11087,1,33301,0,0,33311,13179,0,32350,9163,6,34452,9194,9,33288,0,0,132105,5574,106;
1701369278800;88386,44904,1,401,250,77,33302,4672,255,34534,9254,0,132037,0,0,33310,11088,1,33301,0,0,33311,13180,0,32350,9164,6,34452,9196,9,33288,0,0,132105,5574,106;
1701369278899;88488,44904,1,402,249,77,33302,4671,255,34534,9258,0,132037,0,0,33310,11089,1,33301,0,0,33311,13179,0,32350,9163,7,34452,9195,9,33288,0,0,132105,5575,106;
1701369278981;88583,44904,1,403,250,79,33302,4671,255,34534,9253,0,132037,0,0,33310,11088,1,33301,0,0,33311,13170,0,32350,9162,7,34452,9203,9,33288,0,0,132105,5574,106;
1701369279097;88684,44904,1,399,250,76,33302,4672,255,34534,9252,0,132037,0,0,33310,11087,1,33301,0,0,33311,13177,0,32350,9166,7,34452,9197,9,33288,0,0,132105,5574,106;
1701369279198;88786,44904,1,400,249,77,33302,4671,255,34534,9260,0,132037,0,0,33310,11085,1,33301,0,0,33311,13166,0,32350,9165,7,34452,9195,9,33288,0,0,132105,5574,106;
1701369279298;88886,44904,1,404,249,78,33302,4671,255,34534,9263,0,132037,0,0,33310,11084,1,33301,0,0,33311,13139,0,32350,9161,7,34452,9195,9,33288,0,0,132105,5575,106;
1701369279381;88981,44904,1,400,249,76,33302,4672,254,34534,9260,0,132037,0,0,33310,11092,1,33301,0,0,33311,13182,0,32350,9165,7,34452,9195,9,33288,0,0,132105,5575,106;
1701369279498;89084,44904,1,398,247,75,33302,4671,255,34534,9257,0,132037,0,0,33310,11087,1,33301,0,0,33311,13128,0,32350,9167,7,34452,9198,9,33288,0,0,132105,5575,106;
1701369279597;89186,44904,1,401,248,77,33302,4671,254,34534,9256,0,132037,0,0,33310,11089,1,33301,0,0,33311,13192,0,32350,9164,7,34452,9198,9,33288,0,0,132105,5575,107;
1701369279699;89285,44904,1,403,250,77,33302,4672,254,34534,9256,0,132037,0,0,33310,11087,1,33301,0,0,33311,13210,0,32350,9162,7,34452,9195,9,33288,0,0,132105,5575,106;
1701369279780;89381,44904,1,400,248,76,33302,4671,253,34534,9257,0,132037,0,0,33310,11088,1,33301,0,0,33311,13192,0,32350,9165,7,34452,9195,9,33288,0,0,132105,5575,105;
1701369279892;89485,44904,1,399,247,75,33302,4671,252,34534,9261,0,132037,0,0,33310,11091,1,33301,0,0,33311,13257,0,32350,9166,7,34452,9196,9,33288,0,0,132105,5575,105;
1701369279998;89588,44904,1,399,249,76,33302,4671,255,34534,9255,0,132037,0,0,33310,11088,1,33301,0,0,33311,13273,0,32350,9166,7,34452,9198,9,33288,0,0,132105,5574,106;
1701369280098;89686,44904,1,401,248,77,33302,4671,255,34534,9253,0,132037,0,0,33310,11088,1,33301,0,0,33311,13396,0,32350,9164,7,34452,9201,9,33288,0,0,132105,5575,106;
1701369280181;89782,44904,1,401,250,77,33302,4672,255,34534,9254,0,132037,0,0,33310,11091,1,33301,0,0,33311,0,0,32350,9164,7,34452,9194,9,33288,0,0,132105,5574,106;
1701369280294;89886,44904,1,402,250,78,33302,4671,255,34534,9254,0,132037,0,0,33310,11088,1,33301,0,0,33311,13233,0,32350,9163,7,34452,9197,9,33288,0,0,132105,5574,106;
1701369280396;89986,44904,1,397,248,75,33302,4671,255,34534,9253,0,132037,0,0,33310,11089,1,33301,0,0,33311,0,0,32350,9168,8,34452,9200,9,33288,0,0,132105,5574,106;
1701369280496;90087,44904,1,399,249,76,33302,4671,253,34534,9250,0,132037,0,0,33310,11091,1,33301,0,0,33311,13410,0,32350,9166,7,34452,9198,8,33288,0,0,132105,5574,105;
1701369280596;90183,44904,1,399,250,76,33302,4672,255,34534,9250,0,132037,0,0,33310,11088,1,33301,0,0,33311,0,0,32350,9166,7,34452,9195,8,33288,0,0,132105,5574,106;
1701369280696;90285,44904,1,399,248,74,33302,4672,255,34534,9252,0,132037,0,0,33310,11089,1,33301,0,0,33311,0,0,32350,9167,7,34452,9194,9,33288,0,0,132105,5575,106;
1701369280797;90386,44904,1,401,249,76,33302,4672,254,34534,9253,0,132037,0,0,33310,11087,1,33301,0,0,33311,0,0,32350,9164,7,34452,9197,9,33288,0,0,132105,5575,106;
1701369280897;90487,44904,1,401,249,77,33302,4671,254,34534,9245,0,132037,0,0,33310,11089,1,33301,0,0,33311,0,0,32350,9164,7,34452,9195,9,33288,0,0,132105,5574,106;
1701369280980;90582,44904,1,401,249,77,33302,4671,253,34534,9251,0,132037,0,0,33310,11086,1,33301,0,0,33311,0,0,32350,9164,7,34452,9198,9,33288,0,0,132105,5574,105;
1701369281094;90684,44904,1,400,249,76,33302,4672,251,34534,9244,0,132037,0,0,33310,11090,1,33301,0,0,33311,0,0,32350,9165,7,34452,9201,9,33288,0,0,132105,5575,105;
1701369281199;90785,44904,1,404,249,78,33302,4671,249,34534,9253,0,132037,0,0,33310,11085,1,33301,0,0,33311,0,0,32350,9161,7,34452,9197,9,33288,0,0,132105,5575,105;
1701369281297;90886,44904,1,402,250,77,33302,4672,251,34534,9246,0,132037,0,0,33310,11087,1,33301,0,0,33311,0,0,32350,9163,7,34452,9197,9,33288,0,0,132105,5575,106;
1701369281393;90986,44904,1,402,249,77,33302,4671,250,34534,9253,0,132037,0,0,33310,11089,1,33301,0,0,33311,13346,0,32350,9163,7,34452,9199,9,33288,0,0,132105,5575,105;
1701369281479;91082,44904,1,404,249,78,33302,4671,250,34534,9246,0,132037,0,0,33310,11087,1,33301,0,0,33311,13279,0,32350,9161,7,34452,9197,9,33288,0,0,132105,5575,105;
1701369281597;91185,44904,1,398,247,75,33302,4671,251,34534,9249,0,132037,0,0,33310,11089,1,33301,0,0,33311,0,0,32350,9167,8,34452,9193,9,33288,0,0,132105,5575,106;
1701369281696;91284,44904,1,404,251,79,33302,4672,250,34534,9256,0,132037,0,0,33310,11090,1,33301,0,0,33311,13278,0,32350,9161,7,34452,9195,9,33288,0,0,132105,5574,105;
1701369281794;91386,44904,1,400,250,76,33302,4672,251,34534,9251,0,132037,0,0,33310,11088,1,33301,0,0,33311,13228,0,32350,9165,7,34452,9195,9,33288,0,0,132105,5574,106;
1701369281897;91487,44904,1,403,250,77,33302,4672,252,34534,9251,0,132037,0,0,33310,11089,1,33301,0,0,33311,13199,0,32350,9162,7,34452,9198,9,33288,0,0,132105,5575,107;
1701369281998;91582,44904,1,400,249,76,33302,4672,251,34534,9244,0,132037,0,0,33310,11089,1,33301,0,0,33311,13190,0,32350,9165,8,34452,9197,9,33288,0,0,132105,5575,106;
1701369282092;91684,44904,1,403,251,78,33302,4672,252,34534,9251,0,132037,0,0,33310,11088,1,33301,0,0,33311,13173,0,32350,9162,8,34452,9195,9,33288,0,0,132105,5574,106;
1701369282194;91785,44904,1,401,250,77,33302,4672,252,34534,9251,0,132037,0,0,33310,11088,1,33301,0,0,33311,13180,0,32350,9164,8,34452,9200,9,33288,0,0,132105,5574,107;
1701369282297;91887,44904,1,398,249,75,33302,4672,252,34534,9249,0,132037,0,0,33310,11092,1,33301,0,0,33311,13218,0,32350,9167,8,34452,9195,9,33288,0,0,132105,5574,107;
1701369282380;91981,44904,1,398,249,75,33302,4672,252,34534,9250,0,132037,0,0,33310,11089,1,33301,0,0,33311,13164,0,32350,9167,8,34452,9199,9,33288,0,0,132105,5574,107;
1701369282495;92085,44904,1,401,248,77,33302,4671,253,34534,9252,0,132037,0,0,33310,11089,1,33301,0,0,33311,13162,0,32350,9164,8,34452,9197,8,33288,0,0,132105,5575,108;
1701369282595;92185,44904,1,398,247,75,33302,4671,253,34534,9251,0,132037,0,0,33310,11091,1,33301,0,0,33311,13087,0,32350,9167,7,34452,9199,8,33288,0,0,132105,5575,108;
1701369282696;92287,44904,1,399,249,76,33302,4671,253,34534,9255,0,132037,0,0,33310,11090,1,33301,0,0,33311,13119,0,32350,9166,8,34452,9198,8,33288,0,0,132105,5574,108;
1701369282780;92382,44904,1,399,249,75,33302,4672,255,34534,9258,0,132037,0,0,33310,11090,1,33301,0,0,33311,13127,0,32350,9166,7,34452,9199,8,33288,0,0,132105,5575,108;
1701369282896;92484,44904,1,400,249,76,33302,4672,255,34534,9256,0,132037,0,0,33310,11089,1,33301,0,0,33311,13124,0,32350,9165,8,34452,9192,8,33288,0,0,132105,5575,109;
1701369282996;92585,44904,1,401,249,76,33302,4672,255,34534,9253,0,132037,0,0,33310,11089,1,33301,0,0,33311,13121,0,32350,9164,8,34452,9194,8,33288,0,0,132105,5575,109;
1701369283096;92687,44904,1,400,250,76,33302,4672,255,34534,9255,0,132037,0,0,33310,11089,1,33301,0,0,33311,13102,0,32350,9165,8,34452,9196,9,33288,0,0,132105,5574,109;
1701369283195;92786,44904,1,401,248,77,33302,4671,255,34534,9262,0,132037,0,0,33310,11087,1,33301,0,0,33311,13115,0,32350,9164,7,34452,9197,8,33288,0,0,132105,5575,107;
1701369283295;92882,44904,1,349,298,340,33302,0,0,34534,9254,0,132037,0,0,33310,11087,1,33301,0,0,33311,13125,0,32350,9163,7,34452,9198,9,33288,0,0,132105,5574,109;
1701369283395;92986,44904,1,400,249,76,33302,4672,255,34534,9256,0,132037,0,0,33310,11091,1,33301,0,0,33311,13120,0,32350,9165,8,34452,9197,9,33288,0,0,132105,5575,109;
1701369283497;93086,44904,1,399,249,75,33302,4672,255,34534,9257,0,132037,0,0,33310,11090,1,33301,0,0,33311,13127,0,32350,9166,8,34452,9196,9,33288,0,0,132105,5575,109;
1701369283597;93186,44904,1,397,249,74,33302,4672,255,34534,9259,0,132037,0,0,33310,11087,1,33301,0,0,33311,13115,0,32350,9168,8,34452,9195,9,33288,0,0,132105,5574,109;
1701369283695;93282,44904,1,400,248,76,33302,4671,255,34534,9253,0,132037,0,0,33310,11088,1,33301,0,0,33311,13130,0,32350,9165,7,34452,9199,8,33288,0,0,132105,5575,108;
1701369283795;93385,44904,1,402,249,77,33302,4671,255,34534,9257,0,132037,0,0,33310,11091,1,33301,0,0,33311,13135,0,32350,9163,7,34452,9200,8,33288,0,0,132105,5575,108;
1701369283894;93485,44904,1,401,249,76,33302,4672,255,34534,9256,0,132037,0,0,33310,11088,1,33301,0,0,33311,13140,0,32350,9164,7,34452,9195,8,33288,0,0,132105,5575,107;
1701369283994;93585,44904,1,403,251,78,33302,4672,255,34534,9257,0,132037,0,0,33310,11091,1,33301,0,0,33311,13179,0,32350,9162,7,34452,9194,8,33288,0,0,132105,5574,105;
1701369284095;93687,44904,1,401,249,76,33302,4672,255,34534,9251,0,132037,0,0,33310,11090,1,33301,0,0,33311,13142,0,32350,9164,7,34452,9194,8,33288,0,0,132105,5575,107;
1701369284193;93782,44904,1,403,250,77,33302,4672,255,34534,9248,0,132037,0,0,33310,11089,1,33301,0,0,33311,13192,0,32350,9162,7,34452,9195,8,33288,0,0,132105,5575,106;
1701369284285;93883,44904,1,402,249,77,33302,4671,255,34534,9247,0,132037,0,0,33310,11089,1,33301,0,0,33311,13196,0,32350,9163,6,34452,9195,8,33288,0,0,132105,5575,106;
1701369284395;93986,44904,1,403,250,77,33302,4672,255,34534,9245,0,132037,0,0,33310,11087,1,33301,0,0,33311,13281,0,32350,9162,6,34452,9195,8,33288,0,0,132105,5575,107;
1701369284502;94086,44904,1,400,249,76,33302,4672,255,34534,9245,0,132037,0,0,33310,11089,1,33301,0,0,33311,13242,0,32350,9165,6,34452,9195,8,33288,0,0,132105,5575,107;
1701369284597;94186,44904,1,402,250,77,33302,4672,255,34534,9245,0,132037,0,0,33310,11090,1,33301,0,0,33311,13366,0,32350,9163,7,34452,9199,9,33288,0,0,132105,5575,106;
1701369284695;94287,44904,1,404,249,78,33302,4671,255,34534,9244,0,132037,0,0,33310,11088,1,33301,0,0,33311,13359,0,32350,9161,6,34452,9195,9,33288,0,0,132105,5575,106;
1701369284792;94383,44904,1,402,250,77,33302,4672,255,34534,9244,0,132037,0,0,33310,11089,1,33301,0,0,33311,0,0,32350,9163,7,34452,9195,9,33288,0,0,132105,5575,106;
1701369284895;94485,44904,1,399,250,76,33302,4672,255,34534,9248,0,132037,0,0,33310,11088,1,33301,0,0,33311,0,0,32350,9166,7,34452,9196,9,33288,0,0,132105,5574,105;
1701369284996;94585,44904,1,404,251,79,33302,4672,255,34534,9252,0,132037,0,0,33310,11090,1,33301,0,0,33311,0,0,32350,9161,7,34452,9198,9,33288,0,0,132105,5574,105;
1701369285078;94681,44904,1,402,251,78,33302,4672,255,34534,9241,0,132037,0,0,33310,11090,1,33301,0,0,33311,0,0,32350,9163,7,34452,9200,9,33288,0,0,132105,5574,105;
1701369285194;94785,44904,1,399,250,76,33302,4672,255,34534,9247,0,132037,0,0,33310,11089,1,33301,0,0,33311,0,0,32350,9166,7,34452,9194,9,33288,0,0,132105,5574,105;
1701369285295;94885,44904,1,401,249,76,33302,4672,255,34534,9247,0,132037,0,0,33310,11089,1,33301,0,0,33311,0,0,32350,9164,7,34452,9193,9,33288,0,0,132105,5575,105;
1701369285397;94986,44904,1,400,249,76,33302,4672,255,34534,9256,0,132037,0,0,33310,11089,1,33301,0,0,33311,0,0,32350,9165,7,34452,9194,9,33288,0,0,132105,5575,105;
1701369285495;95082,44904,1,401,250,78,33302,4671,255,34534,9254,0,132037,0,0,33310,11089,1,33301,0,0,33311,0,0,32350,9164,7,34452,9197,9,33288,0,0,132105,5573,104;
1701369285596;95184,44904,1,403,250,77,33302,4672,255,34534,9248,0,132037,0,0,33310,11087,1,33301,0,0,33311,0,0,32350,9162,6,34452,9195,9,33288,0,0,132105,5575,105;
1701369285693;95285,44904,1,400,249,76,33302,4672,255,34534,9258,0,132037,0,0,33310,11090,1,33301,0,0,33311,0,0,32350,9165,7,34452,9196,9,33288,0,0,132105,5575,106;
1701369285794;95386,44904,1,402,250,77,33302,4672,255,34534,9257,0,132037,0,0,33310,11086,1,33301,0,0,33311,0,0,32350,9163,7,34452,9195,9,33288,0,0,132105,5575,105;
1701369285896;95481,44904,1,399,249,75,33302,4672,255,34534,9256,0,132037,0,0,33310,11089,1,33301,0,0,33311,0,0,32350,9166,7,34452,9198,8,33288,0,0,132105,5575,105;
1701369285994;95584,44904,1,403,250,77,33302,4672,255,34534,9257,0,132037,0,0,33310,11087,1,33301,0,0,33311,0,0,32350,9162,7,34452,9194,9,33288,0,0,132105,5575,106;
1701369286095;95686,44904,1,400,247,75,33302,4671,255,34534,9253,0,132037,0,0,33310,11086,1,33301,0,0,33311,0,0,32350,9165,7,34452,9198,9,33288,0,0,132105,5576,106;
1701369286194;95786,44904,1,403,250,77,33302,4672,255,34534,9253,0,132037,0,0,33310,11087,1,33301,0,0,33311,0,0,32350,9162,7,34452,9194,9,33288,0,0,132105,5575,105;
1701369286294;95881,44904,1,399,249,75,33302,4672,255,34534,9254,0,132037,0,0,33310,11087,1,33301,0,0,33311,0,0,32350,9166,7,34452,9195,9,33288,0,0,132105,5575,107;
1701369286394;95983,44904,1,401,249,76,33302,4672,255,34534,9254,0,132037,0,0,33310,11084,1,33301,0,0,33311,0,0,32350,9164,7,34452,9195,10,33288,0,0,132105,5575,106;
1701369286494;96086,44904,1,401,249,76,33302,4672,255,34534,9256,0,132037,0,0,33310,11085,1,33301,0,0,33311,0,0,32350,9164,7,34452,9195,10,33288,0,0,132105,5575,107;
1701369286593;96186,44904,1,399,248,74,33302,4672,255,34534,9250,0,132037,0,0,33310,11085,1,33301,0,0,33311,0,0,32350,9167,8,34452,9195,10,33288,0,0,132105,5575,107;
1701369286696;96286,44904,1,405,251,79,33302,4672,255,34534,9252,0,132037,0,0,33310,11086,2,33301,0,0,33311,0,0,32350,9160,7,34452,9196,10,33288,0,0,132105,5575,107;
1701369286792;96387,44904,1,400,249,76,33302,4672,255,34534,9258,0,132037,0,0,33310,11086,1,33301,0,0,33311,0,0,32350,9165,7,34452,9199,9,33288,0,0,132105,5575,107;
1701369286892;96482,44904,1,401,249,76,33302,4672,255,34534,9254,0,132037,0,0,33310,11087,1,33301,0,0,33311,0,0,32350,9164,7,34452,9196,9,33288,0,0,132105,5575,107;
1701369286994;96584,44904,1,403,250,77,33302,4672,255,34534,9252,0,132037,0,0,33310,11086,1,33301,0,0,33311,0,0,32350,9162,7,34452,9195,9,33288,0,0,132105,5575,106;
1701369287094;96685,44904,1,400,247,74,33302,4672,255,34534,9256,0,132037,0,0,33310,11087,1,33301,0,0,33311,13220,0,32350,9166,7,34452,9196,9,33288,0,0,132105,5576,107;
1701369287193;96786,44904,1,402,250,77,33302,4672,255,34534,9261,0,132037,0,0,33310,11087,1,33301,0,0,33311,13303,0,32350,9163,7,34452,9195,9,33288,0,0,132105,5575,107;
1701369287291;96881,44904,1,401,249,76,33302,4672,255,34534,9261,0,132037,0,0,33310,11084,1,33301,0,0,33311,13346,0,32350,9164,7,34452,9196,10,33288,0,0,132105,5575,107;
1701369287393;96983,44904,1,402,250,77,33302,4672,255,34534,9262,0,132037,0,0,33310,11088,1,33301,0,0,33311,13207,0,32350,9163,7,34452,9195,10,33288,0,0,132105,5575,108;
1701369287495;97084,44904,1,401,249,76,33302,4672,255,34534,9253,0,132037,0,0,33310,11086,1,33301,0,0,33311,13244,0,32350,9164,7,34452,9196,10,33288,0,0,132105,5575,109;
1701369287594;97186,44904,1,399,248,74,33302,4672,255,34534,9262,0,132037,0,0,33310,11087,1,33301,0,0,33311,13235,0,32350,9167,7,34452,9197,9,33288,0,0,132105,5575,108;
1701369287695;97286,44904,1,404,249,77,33302,4672,255,34534,9267,0,132037,0,0,33310,11089,1,33301,0,0,33311,13200,0,32350,9161,6,34452,9194,9,33288,0,0,132105,5576,109;
1701369287794;97382,44904,1,400,248,75,33302,4672,255,34534,9267,0,132037,0,0,33310,11087,1,33301,0,0,33311,13235,0,32350,9165,6,34452,9196,9,33288,0,0,132105,5576,109;
