1701369467056;276569,44904,1,1563,246,85,33302,5136,188,34534,0,0,132037,0,0,33310,10373,1,33301,0,0,33311,0,0,32350,8174,18,34452,8204,17,33288,0,0,132105,6338,67;
1701369467140;276666,44904,1,1562,245,82,33302,5137,187,34534,0,0,132037,0,0,33310,10377,1,33301,0,0,33311,0,0,32350,8176,18,34452,8204,17,33288,0,0,132105,6339,67;
1701369467140;276768,44904,1,1562,246,83,33302,5137,188,34534,0,0,132037,0,0,33310,10373,1,33301,0,0,33311,0,0,32350,8176,17,34452,8202,17,33288,0,0,132105,6338,67;
1701369467246;276863,44904,1,1563,245,83,33302,5137,183,34534,0,0,132037,0,0,33310,10375,1,33301,0,0,33311,0,0,32350,8175,17,34452,8203,16,33288,0,0,132105,6339,66;
1701369467357;276967,44904,1,1563,246,85,33302,5136,183,34534,0,0,132037,0,0,33310,10376,1,33301,0,0,33311,0,0,32350,8174,17,34452,8202,16,33288,0,0,132105,6338,66;
1701369467443;277066,44904,1,1563,246,85,33302,5136,187,34534,0,0,132037,0,0,33310,10377,1,33301,0,0,33311,0,0,32350,8174,17,34452,8205,16,33288,0,0,132105,6338,67;
1701369467548;277168,44904,1,1563,248,86,33302,5137,189,34534,0,0,132037,0,0,33310,10375,1,33301,0,0,33311,0,0,32350,8174,17,34452,8203,17,33288,0,0,132105,6337,67;
1701369467652;277263,44904,1,1561,247,83,33302,5137,188,34534,0,0,132037,0,0,33310,10376,1,33301,0,0,33311,0,0,32350,8177,18,34452,8204,16,33288,0,0,132105,6337,67;
1701369467743;277366,44904,1,1565,249,87,33302,5137,187,34534,0,0,132037,0,0,33310,10376,0,33301,0,0,33311,0,0,32350,8172,17,34452,8203,16,33288,0,0,132105,6337,66;
1701369467849;277466,44904,1,1563,247,85,33302,5137,186,34534,0,0,132037,0,0,33310,10378,0,33301,0,0,33311,0,0,32350,8174,17,34452,8202,16,33288,0,0,132105,6338,66;
1701369467957;277568,44904,1,1564,247,86,33302,5137,188,34534,0,0,132037,0,0,33310,10374,1,33301,0,0,33311,0,0,32350,8173,18,34452,8202,16,33288,0,0,132105,6338,67;
1701369468044;277664,44904,1,1562,249,86,33302,5137,188,34534,0,0,132037,0,0,33310,10377,1,33301,0,0,33311,0,0,32350,8175,18,34452,8201,16,33288,0,0,132105,6336,67;
1701369468155;277764,44904,1,1564,246,86,33302,5136,189,34534,0,0,132037,0,0,33310,10381,1,33301,0,0,33311,0,0,32350,8173,18,34452,8202,16,33288,0,0,132105,6338,67;
1701369468256;277865,44904,1,1562,247,84,33302,5137,190,34534,0,0,132037,0,0,33310,10373,1,33301,0,0,33311,0,0,32350,8175,18,34452,8201,16,33288,0,0,132105,6338,67;
1701369468357;277967,44904,1,1564,249,86,33302,5138,193,34534,0,0,132037,0,0,33310,10376,1,33301,0,0,33311,0,0,32350,8174,18,34452,8204,16,33288,0,0,132105,6337,67;
1701369468443;278067,44904,1,1565,250,86,33302,5138,193,34534,0,0,132037,0,0,33310,10376,0,33301,0,0,33311,0,0,32350,8173,18,34452,8201,16,33288,0,0,132105,6337,66;
1701369468539;278162,44904,1,1565,251,87,33302,5138,193,34534,0,0,132037,0,0,33310,10379,0,33301,0,0,33311,0,0,32350,8173,18,34452,8203,16,33288,0,0,132105,6336,66;
1701369468640;278265,44904,1,1564,248,87,33302,5137,193,34534,0,0,132037,0,0,33310,10374,1,33301,0,0,33311,0,0,32350,8173,19,34452,8204,15,33288,0,0,132105,6337,67;
1701369468742;278367,44904,1,1563,248,86,33302,5137,194,34534,0,0,132037,0,0,33310,10375,1,33301,0,0,33311,0,0,32350,8174,19,34452,8203,15,33288,0,0,132105,6337,67;
1701369468841;278466,44904,1,1562,248,84,33302,5137,193,34534,0,0,132037,0,0,33310,10376,1,33301,0,0,33311,0,0,32350,8176,20,34452,8204,16,33288,0,0,132105,6337,67;
1701369469035;278665,44904,1,1564,248,87,33302,5137,193,34534,0,0,132037,0,0,33310,10377,1,33301,0,0,33311,0,0,32350,8173,19,34452,8201,16,33288,0,0,132105,6337,67;
1701369469155;278765,44904,1,1562,246,83,33302,5137,193,34534,0,0,132037,0,0,33310,10376,1,33301,0,0,33311,0,0,32350,8176,19,34452,8203,16,33288,0,0,132105,6338,67;
1701369469247;278868,44904,1,1563,249,87,33302,5137,189,34534,0,0,132037,0,0,33310,10380,0,33301,0,0,33311,0,0,32350,8174,18,34452,8201,17,33288,0,0,132105,6336,66;
1701369469339;278961,44904,1,1563,249,87,33302,5137,192,34534,0,0,132037,0,0,33310,10378,0,33301,0,0,33311,0,0,32350,8174,19,34452,8203,17,33288,0,0,132105,6336,67;
1701369469455;279065,44904,1,1562,248,84,33302,5137,191,34534,0,0,132037,0,0,33310,10375,0,33301,0,0,33311,0,0,32350,8176,19,34452,8202,17,33288,0,0,132105,6337,67;
1701369469554;279166,44904,1,1563,249,87,33302,5137,193,34534,0,0,132037,0,0,33310,10377,0,33301,0,0,33311,0,0,32350,8174,20,34452,8203,17,33288,0,0,132105,6336,67;
1701369469652;279267,44904,1,1563,248,84,33302,5138,193,34534,0,0,132037,0,0,33310,10375,0,33301,0,0,33311,0,0,32350,8175,20,34452,8201,17,33288,0,0,132105,6338,68;
1701369469738;279362,44904,1,1561,249,85,33302,5137,192,34534,0,0,132037,0,0,33310,10379,0,33301,0,0,33311,0,0,32350,8176,19,34452,8200,17,33288,0,0,132105,6336,67;
1701369469851;279465,44904,1,1562,246,83,33302,5137,189,34534,0,0,132037,0,0,33310,10383,0,33301,0,0,33311,0,0,32350,8176,19,34452,8202,16,33288,0,0,132105,6338,67;
1701369469955;279568,44904,1,1564,250,87,33302,5137,189,34534,0,0,132037,0,0,33310,10378,0,33301,0,0,33311,0,0,32350,8173,19,34452,8200,17,33288,0,0,132105,6336,67;
1701369470047;279667,44904,1,1563,248,86,33302,5137,186,34534,0,0,132037,0,0,33310,10380,0,33301,0,0,33311,0,0,32350,8174,20,34452,8201,17,33288,0,0,132105,6337,67;
1701369470146;279762,44904,1,1562,249,86,33302,5137,185,34534,0,0,132037,0,0,33310,10383,0,33301,0,0,33311,0,0,32350,8175,20,34452,8200,17,33288,0,0,132105,6336,67;
1701369470255;279865,44904,1,1562,245,84,33302,5136,182,34534,0,0,132037,0,0,33310,10387,0,33301,0,0,33311,0,0,32350,8175,20,34452,8203,17,33288,0,0,132105,6338,67;
1701369470355;279966,44904,1,1563,248,86,33302,5137,183,34534,0,0,132037,0,0,33310,10384,0,33301,0,0,33311,0,0,32350,8174,20,34452,8203,16,33288,0,0,132105,6337,67;
1701369470453;280067,44904,1,1562,247,85,33302,5136,184,34534,0,0,132037,0,0,33310,10379,0,33301,0,0,33311,0,0,32350,8175,19,34452,8202,17,33288,0,0,132105,6337,67;
1701369470543;280162,44904,1,1563,248,88,33302,5136,183,34534,0,0,132037,0,0,33310,10382,0,33301,0,0,33311,0,0,32350,8173,19,34452,8202,17,33288,0,0,132105,6336,67;
1701369470652;280265,44904,1,1562,247,85,33302,5136,184,34534,0,0,132037,0,0,33310,10382,0,33301,0,0,33311,0,0,32350,8175,19,34452,8206,17,33288,0,0,132105,6337,68;
1701369470754;280365,44904,1,1561,245,84,33302,5136,183,34534,0,0,132037,0,0,33310,10387,0,33301,0,0,33311,0,0,32350,8176,19,34452,8203,17,33288,0,0,132105,6338,68;
1701369470854;280467,44904,1,1563,249,87,33302,5137,181,34534,0,0,132037,0,0,33310,10392,0,33301,0,0,33311,0,0,32350,8174,18,34452,8203,17,33288,0,0,132105,6336,67;
1701369470954;280568,44904,1,1564,248,88,33302,5136,182,34534,0,0,132037,0,0,33310,10393,0,33301,0,0,33311,0,0,32350,8172,19,34452,8202,17,33288,0,0,132105,6337,67;
1701369471053;280667,44904,1,1563,246,85,33302,5136,181,34534,0,0,132037,0,0,33310,10391,1,33301,0,0,33311,0,0,32350,8174,19,34452,8203,17,33288,0,0,132105,6338,68;
1701369471140;280763,44904,1,1564,246,86,33302,5136,180,34534,0,0,132037,0,0,33310,10383,0,33301,0,0,33311,0,0,32350,8173,18,34452,8202,17,33288,0,0,132105,6338,67;
1701369471254;280866,44904,1,1563,247,86,33302,5136,179,34534,0,0,132037,0,0,33310,10390,0,33301,0,0,33311,0,0,32350,8174,18,34452,8204,17,33288,0,0,132105,6337,67;
1701369471354;280966,44904,1,1563,248,86,33302,5137,179,34534,0,0,132037,0,0,33310,10390,0,33301,0,0,33311,0,0,32350,8174,20,34452,8202,16,33288,0,0,132105,6337,67;
1701369471445;281067,44904,1,1561,249,85,33302,5137,179,34534,0,0,132037,0,0,33310,0,0,33301,0,0,33311,0,0,32350,8176,20,34452,8200,16,33288,0,0,132105,6336,67;
1701369471544;281168,44904,1,1561,248,85,33302,5136,180,34534,0,0,132037,0,0,33310,0,0,33301,0,0,33311,0,0,32350,8176,20,34452,8202,17,33288,0,0,132105,6336,67;
1701369471639;281264,44904,1,1561,248,85,33302,5136,180,34534,0,0,132037,0,0,33310,10382,0,33301,0,0,33311,0,0,32350,8176,20,34452,8203,17,33288,0,0,132105,6336,68;
1701369471738;281365,44904,1,1561,246,84,33302,5136,178,34534,0,0,132037,0,0,33310,10390,0,33301,0,0,33311,0,0,32350,8176,19,34452,8206,16,33288,0,0,132105,6337,68;
1701369471947;281468,44904,1,1563,247,86,33302,5136,177,34534,0,0,132037,0,0,33310,10386,0,33301,0,0,33311,0,0,32350,8174,19,34452,8203,16,33288,0,0,132105,6337,67;
1701369472008;281562,44904,1,1562,248,86,33302,5136,180,34534,0,0,132037,0,0,33310,10380,0,33301,0,0,33311,0,0,32350,8175,19,34452,8202,16,33288,0,0,132105,6336,68;
1701369472046;281664,44904,1,1564,247,87,33302,5136,179,34534,0,0,132037,0,0,33310,0,0,33301,0,0,33311,0,0,32350,8173,19,34452,8201,16,33288,0,0,132105,6337,68;
1701369472149;281767,44904,1,1562,248,85,33302,5137,182,34534,0,0,132037,0,0,33310,10387,0,33301,0,0,33311,0,0,32350,8175,18,34452,8200,16,33288,0,0,132105,6337,68;
1701369472256;281867,44904,1,1565,248,88,33302,5136,182,34534,0,0,132037,0,0,33310,10383,0,33301,0,0,33311,0,0,32350,8171,19,34452,8201,17,33288,0,0,132105,6337,67;
1701369472338;281962,44904,1,1564,248,88,33302,5136,184,34534,0,0,132037,0,0,33310,10385,0,33301,0,0,33311,0,0,32350,8172,19,34452,8202,17,33288,0,0,132105,6337,68;
1701369472454;282066,44904,1,1562,248,85,33302,5137,186,34534,0,0,132037,0,0,33310,10384,0,33301,0,0,33311,0,0,32350,8175,19,34452,8204,17,33288,0,0,132105,6337,68;
1701369472554;282167,44904,1,1561,246,84,33302,5136,186,34534,0,0,132037,0,0,33310,10383,0,33301,0,0,33311,0,0,32350,8176,18,34452,8202,17,33288,0,0,132105,6337,68;
1701369472653;282267,44904,1,1562,247,84,33302,5137,187,34534,0,0,132037,0,0,33310,10386,0,33301,0,0,33311,0,0,32350,8175,18,34452,8206,17,33288,0,0,132105,6338,68;
1701369472738;282362,44904,1,1563,249,87,33302,5137,186,34534,0,0,132037,0,0,33310,10386,0,33301,0,0,33311,0,0,32350,8174,17,34452,8201,16,33288,0,0,132105,6336,68;
1701369472852;282465,44904,1,1562,248,84,33302,5137,182,34534,0,0,132037,0,0,33310,10390,0,33301,0,0,33311,0,0,32350,8176,16,34452,8203,16,33288,0,0,132105,6337,67;
1701369472945;282567,44904,1,1564,249,88,33302,5136,180,34534,0,0,132037,0,0,33310,10382,0,33301,0,0,33311,0,0,32350,8172,16,34452,8204,16,33288,0,0,132105,6336,67;
1701369473053;282666,44904,1,1561,249,85,33302,5137,183,34534,0,0,132037,0,0,33310,10376,0,33301,0,0,33311,0,0,32350,8176,17,34452,8202,16,33288,0,0,132105,6336,68;
1701369473154;282762,44904,1,1563,248,87,33302,5136,181,34534,0,0,132037,0,0,33310,10377,0,33301,0,0,33311,0,0,32350,8174,18,34452,8200,16,33288,0,0,132105,6336,68;
1701369473252;282867,44904,1,1562,247,84,33302,5137,181,34534,0,0,132037,0,0,33310,10388,0,33301,0,0,33311,0,0,32350,8175,18,34452,8203,16,33288,0,0,132105,6338,68;
1701369473351;282965,44904,1,1564,248,88,33302,5136,182,34534,0,0,132037,0,0,33310,10385,0,33301,0,0,33311,0,0,32350,8172,17,34452,8204,17,33288,0,0,132105,6337,68;
1701369473453;283067,44904,1,1562,247,84,33302,5137,181,34534,0,0,132037,0,0,33310,10381,0,33301,0,0,33311,0,0,32350,8175,16,34452,8204,16,33288,0,0,132105,6338,68;
1701369473540;283162,44904,1,1562,248,85,33302,5137,181,34534,0,0,132037,0,0,33310,10377,0,33301,0,0,33311,0,0,32350,8175,16,34452,8203,16,33288,0,0,132105,6337,68;
1701369473650;283264,44904,1,1562,248,85,33302,5137,180,34534,0,0,132037,0,0,33310,10377,0,33301,0,0,33311,0,0,32350,8175,16,34452,8204,16,33288,0,0,132105,6337,68;
1701369473749;283365,44904,1,1562,247,85,33302,5136,180,34534,0,0,132037,0,0,33310,10378,0,33301,0,0,33311,0,0,32350,8175,16,34452,8202,16,33288,0,0,132105,6337,68;
1701369473852;283466,44904,1,1562,247,85,33302,5136,178,34534,0,0,132037,0,0,33310,10382,0,33301,0,0,33311,0,0,32350,8175,17,34452,8202,16,33288,0,0,132105,6337,67;
1701369473952;283567,44904,1,1562,246,83,33302,5137,179,34534,0,0,132037,0,0,33310,10378,0,33301,0,0,33311,0,0,32350,8176,18,34452,8205,16,33288,0,0,132105,6338,67;
1701369474045;283667,44904,1,1564,248,87,33302,5137,181,34534,0,0,132037,0,0,33310,10377,0,33301,0,0,33311,0,0,32350,8173,18,34452,8204,16,33288,0,0,132105,6337,67;
1701369474143;283763,44904,1,1561,248,85,33302,5136,179,34534,0,0,132037,0,0,33310,10378,0,33301,0,0,33311,0,0,32350,8176,17,34452,8202,16,33288,0,0,132105,6336,66;
1701369474248;283865,44904,1,1561,246,84,33302,5136,184,34534,0,0,132037,0,0,33310,10375,1,33301,0,0,33311,0,0,32350,8176,18,34452,8206,16,33288,0,0,132105,6337,67;
1701369474353;283966,44904,1,1563,248,87,33302,5136,185,34534,0,0,132037,0,0,33310,10378,1,33301,0,0,33311,0,0,32350,8174,18,34452,8202,16,33288,0,0,132105,6336,67;
1701369474459;284066,44904,1,1562,247,84,33302,5137,187,34534,0,0,132037,0,0,33310,10377,0,33301,0,0,33311,0,0,32350,8175,18,34452,8202,16,33288,0,0,132105,6338,67;
1701369474539;284163,44904,1,1562,248,85,33302,5137,190,34534,0,0,132037,0,0,33310,10380,1,33301,0,0,33311,0,0,32350,8175,18,34452,8203,16,33288,0,0,132105,6337,68;
1701369474644;284264,44904,1,1562,247,84,33302,5137,191,34534,0,0,132037,0,0,33310,10375,1,33301,0,0,33311,0,0,32350,8175,17,34452,8204,16,33288,0,0,132105,6338,68;
1701369474750;284365,44904,1,1562,247,84,33302,5137,193,34534,0,0,132037,0,0,33310,10376,1,33301,0,0,33311,0,0,32350,8175,16,34452,8202,16,33288,0,0,132105,6338,68;
1701369474852;284466,44904,1,1562,247,84,33302,5137,194,34534,0,0,132037,0,0,33310,10371,1,33301,0,0,33311,0,0,32350,8175,16,34452,8201,17,33288,0,0,132105,6338,68;
1701369474935;284561,44904,1,1566,252,89,33302,5138,195,34534,0,0,132037,0,0,33310,10376,1,33301,0,0,33311,0,0,32350,8171,16,34452,8202,16,33288,0,0,132105,6336,67;
1701369475052;284665,44904,1,1562,248,85,33302,5137,194,34534,0,0,132037,0,0,33310,10374,1,33301,0,0,33311,0,0,32350,8175,16,34452,8204,16,33288,0,0,132105,6337,67;
1701369475155;284767,44904,1,1561,249,85,33302,5137,194,34534,0,0,132037,0,0,33310,10373,1,33301,0,0,33311,0,0,32350,8176,15,34452,8202,16,33288,0,0,132105,6336,67;
1701369475251;284866,44904,1,1564,248,87,33302,5137,193,34534,0,0,132037,0,0,33310,10374,1,33301,0,0,33311,0,0,32350,8173,15,34452,8201,17,33288,0,0,132105,6337,67;
1701369475334;284961,44904,1,1562,250,87,33302,5137,194,34534,0,0,132037,0,0,33310,10370,1,33301,0,0,33311,0,0,32350,8175,15,34452,8200,17,33288,0,0,132105,6335,67;
1701369475450;285065,44904,1,1561,249,85,33302,5137,192,34534,0,0,132037,0,0,33310,10374,1,33301,0,0,33311,0,0,32350,8176,16,34452,8203,17,33288,0,0,132105,6336,67;
1701369475694;285166,44904,1,1563,250,86,33302,5138,190,34534,0,0,132037,0,0,33310,0,0,33301,0,0,33311,0,0,32350,8175,17,34452,8202,17,33288,0,0,132105,6336,67;
1701369475725;285266,44904,1,1564,250,87,33302,5137,188,34534,0,0,132037,0,0,33310,10372,1,33301,0,0,33311,0,0,32350,8173,17,34452,8204,17,33288,0,0,132105,6336,67;
1701369475730;285361,44904,1,1565,250,86,33302,5138,186,34534,0,0,132037,0,0,33310,10371,1,33301,0,0,33311,0,0,32350,8173,18,34452,8202,17,33288,0,0,132105,6337,67;
1701369475852;285465,44904,1,1563,251,87,33302,5137,184,34534,0,0,132037,0,0,33310,10373,1,33301,0,0,33311,0,0,32350,8174,18,34452,8203,17,33288,0,0,132105,6335,67;
1701369475952;285566,44904,1,1563,248,86,33302,5137,182,34534,0,0,132037,0,0,33310,10374,1,33301,0,0,33311,0,0,32350,8174,17,34452,8201,17,33288,0,0,132105,6337,66;
1701369476050;285666,44904,1,1562,245,84,33302,5136,179,34534,0,0,132037,0,0,33310,10371,1,33301,0,0,33311,0,0,32350,8175,16,34452,8200,17,33288,0,0,132105,6338,66;
1701369476152;285766,44904,1,1562,249,86,33302,5137,181,34534,0,0,132037,0,0,33310,10374,1,33301,0,0,33311,0,0,32350,8175,17,34452,8203,17,33288,0,0,132105,6336,66;
1701369476258;285869,44904,1,1562,249,87,33302,5136,178,34534,0,0,132037,0,0,33310,0,0,33301,0,0,33311,0,0,32350,8175,17,34452,8202,17,33288,0,0,132105,6335,66;
1701369476337;285965,44904,1,1561,248,85,33302,5136,179,34534,0,0,132037,0,0,33310,10373,1,33301,0,0,33311,0,0,32350,8176,17,34452,8203,17,33288,0,0,132105,6336,66;
1701369476450;286064,44904,1,1564,251,86,33302,5138,182,34534,0,0,132037,0,0,33310,10368,1,33301,0,0,33311,0,0,32350,8174,18,34452,8204,17,33288,0,0,132105,6336,66;
1701369476538;286164,44904,1,1561,249,85,33302,5137,183,34534,0,0,132037,0,0,33310,10371,1,33301,0,0,33311,0,0,32350,8176,17,34452,8202,17,33288,0,0,132105,6336,66;
1701369476636;286263,44904,1,1559,247,82,33302,5137,184,34534,0,0,132037,0,0,33310,10369,1,33301,0,0,33311,0,0,32350,8179,18,34452,8204,17,33288,0,0,132105,6337,67;
1701369476814;286364,44904,1,1564,250,87,33302,5137,184,34534,0,0,132037,0,0,33310,10374,1,33301,0,0,33311,0,0,32350,8173,17,34452,8201,17,33288,0,0,132105,6336,66;
1701369476830;286461,44904,1,1561,249,85,33302,5137,183,34534,0,0,132037,0,0,33310,10369,0,33301,0,0,33311,0,0,32350,8176,18,34452,8202,17,33288,0,0,132105,6336,66;
1701369476948;286563,44904,1,1564,247,86,33302,5137,184,34534,0,0,132037,0,0,33310,10369,0,33301,0,0,33311,0,0,32350,8173,17,34452,8202,17,33288,0,0,132105,6338,66;
1701369477043;286663,44904,1,1564,251,86,33302,5138,183,34534,0,0,132037,0,0,33310,10373,1,33301,0,0,33311,0,0,32350,8174,17,34452,8202,17,33288,0,0,132105,6336,66;
1701369477147;286765,44904,1,1563,247,86,33302,5136,181,34534,0,0,132037,0,0,33310,10374,1,33301,0,0,33311,0,0,32350,8174,17,34452,8202,17,33288,0,0,132105,6337,66;
1701369477250;286867,44904,1,1563,247,86,33302,5136,180,34534,0,0,132037,0,0,33310,10371,1,33301,0,0,33311,0,0,32350,8174,17,34452,8202,16,33288,0,0,132105,6337,65;
1701369477336;286962,44904,1,1562,249,86,33302,5137,183,34534,0,0,132037,0,0,33310,10371,1,33301,0,0,33311,0,0,32350,8175,17,34452,8202,17,33288,0,0,132105,6336,67;
1701369477578;287165,44904,1,1563,249,87,33302,5137,182,34534,0,0,132037,0,0,33310,10373,1,33301,0,0,33311,0,0,32350,8174,18,34452,8200,16,33288,0,0,132105,6336,67;
1701369477651;287266,44904,1,1562,249,86,33302,5137,181,34534,0,0,132037,0,0,33310,10373,1,33301,0,0,33311,0,0,32350,8175,18,34452,8203,16,33288,0,0,132105,6336,67;
1701369477736;287361,44904,1,1563,248,86,33302,5137,180,34534,0,0,132037,0,0,33310,10368,1,33301,0,0,33311,0,0,32350,8174,18,34452,8201,16,33288,0,0,132105,6337,67;
1701369477834;287462,44904,1,1562,248,86,33302,5136,179,34534,0,0,132037,0,0,33310,10369,1,33301,0,0,33311,0,0,32350,8175,18,34452,8203,16,33288,0,0,132105,6336,67;
1701369477951;287566,44904,1,1562,252,87,33302,5137,180,34534,0,0,132037,0,0,33310,10375,1,33301,0,0,33311,0,0,32350,8175,18,34452,8206,16,33288,0,0,132105,6334,67;
1701369478052;287665,44904,1,1563,247,85,33302,5137,181,34534,0,0,132037,0,0,33310,10372,1,33301,0,0,33311,0,0,32350,8174,17,34452,8203,16,33288,0,0,132105,6338,67;
1701369478153;287765,44904,1,1563,248,86,33302,5137,182,34534,0,0,132037,0,0,33310,10371,1,33301,0,0,33311,0,0,32350,8174,17,34452,8204,16,33288,0,0,132105,6337,67;
1701369478236;287861,44904,1,1564,250,87,33302,5137,182,34534,0,0,132037,0,0,33310,10371,1,33301,0,0,33311,0,0,32350,8173,17,34452,8203,16,33288,0,0,132105,6336,67;
1701369478349;287965,44904,1,1563,249,87,33302,5137,184,34534,0,0,132037,0,0,33310,10371,1,33301,0,0,33311,0,0,32350,8174,18,34452,8202,17,33288,0,0,132105,6336,67;
1701369478633;288065,44904,1,1560,247,84,33302,5136,182,34534,0,0,132037,0,0,33310,10376,1,33301,0,0,33311,0,0,32350,8177,18,34452,8202,16,33288,0,0,132105,6336,67;
1701369478642;288167,44904,1,1564,250,87,33302,5137,184,34534,0,0,132037,0,0,33310,10373,1,33301,0,0,33311,0,0,32350,8173,18,34452,8201,16,33288,0,0,132105,6336,67;
1701369478675;288262,44904,1,1563,248,86,33302,5137,183,34534,0,0,132037,0,0,33310,0,0,33301,0,0,33311,0,0,32350,8174,18,34452,8202,16,33288,0,0,132105,6337,68;
1701369478743;288364,44904,1,1562,249,86,33302,5137,184,34534,0,0,132037,0,0,33310,10370,1,33301,0,0,33311,0,0,32350,8175,18,34452,8205,16,33288,0,0,132105,6336,68;
1701369478850;288465,44904,1,1562,248,84,33302,5137,181,34534,0,0,132037,0,0,33310,10373,1,33301,0,0,33311,0,0,32350,8176,17,34452,8204,16,33288,0,0,132105,6337,67;
1701369478949;288566,44904,1,1562,247,84,33302,5137,182,34534,0,0,132037,0,0,33310,10371,1,33301,0,0,33311,0,0,32350,8175,17,34452,8204,16,33288,0,0,132105,6338,67;
1701369479035;288661,44904,1,1562,248,85,33302,5137,183,34534,0,0,132037,0,0,33310,10370,1,33301,0,0,33311,0,0,32350,8175,18,34452,8202,16,33288,0,0,132105,6337,67;
1701369479143;288763,44904,1,1562,249,87,33302,5136,181,34534,0,0,132037,0,0,33310,10373,1,33301,0,0,33311,0,0,32350,8175,17,34452,8202,16,33288,0,0,132105,6335,66;
1701369479245;288865,44904,1,1560,247,83,33302,5137,181,34534,0,0,132037,0,0,33310,10371,1,33301,0,0,33311,0,0,32350,8178,17,34452,8202,16,33288,0,0,132105,6337,66;
1701369479350;288965,44904,1,1561,249,85,33302,5137,183,34534,0,0,132037,0,0,33310,10371,1,33301,0,0,33311,0,0,32350,8176,17,34452,8203,17,33288,0,0,132105,6336,67;
1701369479443;289065,44904,1,1563,248,88,33302,5136,184,34534,0,0,132037,0,0,33310,10370,1,33301,0,0,33311,0,0,32350,8173,18,34452,8201,17,33288,0,0,132105,6336,67;
1701369479551;289166,44904,1,1562,249,86,33302,5137,182,34534,0,0,132037,0,0,33310,10371,1,33301,0,0,33311,0,0,32350,8175,17,34452,8201,17,33288,0,0,132105,6336,67;
1701369479634;289262,44904,1,1563,248,86,33302,5137,182,34534,0,0,132037,0,0,33310,10375,1,33301,0,0,33311,0,0,32350,8174,16,34452,8203,16,33288,0,0,132105,6337,66;
1701369479749;289365,44904,1,1559,247,82,33302,5137,182,34534,0,0,132037,0,0,33310,10372,0,33301,0,0,33311,0,0,32350,8179,17,34452,8203,16,33288,0,0,132105,6337,67;
1701369479849;289465,44904,1,1561,248,84,33302,5137,183,34534,0,0,132037,0,0,33310,10373,0,33301,0,0,33311,0,0,32350,8177,17,34452,8200,16,33288,0,0,132105,6336,68;
1701369479946;289566,44904,1,1560,248,83,33302,5137,182,34534,0,0,132037,0,0,33310,10372,1,33301,0,0,33311,0,0,32350,8178,16,34452,8201,16,33288,0,0,132105,6336,67;
1701369480040;289662,44904,1,1563,248,86,33302,5137,182,34534,0,0,132037,0,0,33310,10378,1,33301,0,0,33311,0,0,32350,8174,16,34452,8202,15,33288,0,0,132105,6337,67;
1701369480142;289764,44904,1,1562,248,85,33302,5137,180,34534,0,0,132037,0,0,33310,10376,0,33301,0,0,33311,0,0,32350,8175,17,34452,8200,15,33288,0,0,132105,6337,67;
1701369480236;289865,44904,1,1565,251,87,33302,5138,183,34534,0,0,132037,0,0,33310,10374,1,33301,0,0,33311,0,0,32350,8173,17,34452,8203,16,33288,0,0,132105,6336,68;
1701369480349;289966,44904,1,1564,246,87,33302,5136,182,34534,0,0,132037,0,0,33310,10371,0,33301,0,0,33311,0,0,32350,8172,17,34452,8200,17,33288,0,0,132105,6338,68;
1701369480438;290063,44904,1,1563,249,87,33302,5137,181,34534,0,0,132037,0,0,33310,10381,1,33301,0,0,33311,0,0,32350,8174,16,34452,8202,16,33288,0,0,132105,6336,67;
1701369480548;290164,44904,1,1562,248,85,33302,5137,183,34534,0,0,132037,0,0,33310,10376,1,33301,0,0,33311,0,0,32350,8175,17,34452,8201,16,33288,0,0,132105,6337,68;
1701369480650;290266,44904,1,1562,249,86,33302,5137,184,34534,0,0,132037,0,0,33310,10374,1,33301,0,0,33311,0,0,32350,8175,18,34452,8201,16,33288,0,0,132105,6336,68;
1701369480752;290367,44904,1,1563,249,87,33302,5137,182,34534,0,0,132037,0,0,33310,10375,1,33301,0,0,33311,0,0,32350,8174,17,34452,8202,16,33288,0,0,132105,6336,68;
1701369480836;290461,44904,1,1564,248,87,33302,5137,184,34534,0,0,132037,0,0,33310,0,0,33301,0,0,33311,0,0,32350,8173,17,34452,8202,16,33288,0,0,132105,6337,69;
1701369480952;290564,44904,1,1563,248,86,33302,5137,180,34534,0,0,132037,0,0,33310,10376,1,33301,0,0,33311,0,0,32350,8174,17,34452,8200,16,33288,0,0,132105,6337,68;
1701369481049;290665,44904,1,1563,250,86,33302,5138,183,34534,0,0,132037,0,0,33310,10375,1,33301,0,0,33311,0,0,32350,8175,17,34452,8202,16,33288,0,0,132105,6336,69;
1701369481134;290765,44904,1,1561,248,84,33302,5137,183,34534,0,0,132037,0,0,33310,0,0,33301,0,0,33311,0,0,32350,8177,16,34452,8202,17,33288,0,0,132105,6336,69;
1701369481248;290867,44904,1,1564,251,86,33302,5138,184,34534,0,0,132037,0,0,33310,10372,1,33301,0,0,33311,0,0,32350,8174,17,34452,8201,17,33288,0,0,132105,6336,69;
1701369481348;290962,44904,1,1562,248,84,33302,5137,183,34534,0,0,132037,0,0,33310,0,0,33301,0,0,33311,0,0,32350,8176,17,34452,8203,17,33288,0,0,132105,6337,69;
1701369481449;291064,44904,1,1563,251,87,33302,5137,182,34534,0,0,132037,0,0,33310,0,0,33301,0,0,33311,0,0,32350,8174,17,34452,8203,16,33288,0,0,132105,6335,68;
1701369481536;291165,44904,1,1562,249,86,33302,5137,182,34534,0,0,132037,0,0,33310,10374,1,33301,0,0,33311,0,0,32350,8175,18,34452,8206,16,33288,0,0,132105,6336,68;
1701369481649;291266,44904,1,1563,249,85,33302,5138,183,34534,0,0,132037,0,0,33310,10370,1,33301,0,0,33311,0,0,32350,8175,18,34452,8200,17,33288,0,0,132105,6337,68;
1701369481735;291362,44904,1,1562,249,86,33302,5137,181,34534,0,0,132037,0,0,33310,0,0,33301,0,0,33311,0,0,32350,8175,18,34452,8201,17,33288,0,0,132105,6336,68;
1701369481840;291463,44904,1,1559,247,84,33302,5136,178,34534,0,0,132037,0,0,33310,10372,1,33301,0,0,33311,0,0,32350,8178,17,34452,8202,17,33288,0,0,132105,6336,67;
1701369481935;291564,44904,1,1562,248,84,33302,5137,176,34534,0,0,132037,0,0,33310,10368,0,33301,0,0,33311,0,0,32350,8176,17,34452,8203,16,33288,0,0,132105,6337,67;
1701369482051;291666,44904,1,1564,252,88,33302,5138,178,34534,0,0,132037,0,0,33310,10366,1,33301,0,0,33311,0,0,32350,8173,18,34452,8202,17,33288,0,0,132105,6335,67;
1701369482150;291765,44904,1,1562,249,86,33302,5137,177,34534,0,0,132037,0,0,33310,10371,1,33301,0,0,33311,0,0,32350,8175,18,34452,8200,17,33288,0,0,132105,6336,68;
1701369482234;291861,44904,1,1562,248,84,33302,5137,176,34534,0,0,132037,0,0,33310,10371,1,33301,0,0,33311,0,0,32350,8176,18,34452,8200,17,33288,0,0,132105,6337,67;
1701369482350;291965,44904,1,1563,248,88,33302,5136,176,34534,0,0,132037,0,0,33310,10370,1,33301,0,0,33311,0,0,32350,8173,18,34452,8201,17,33288,0,0,132105,6336,67;
1701369482437;292064,44904,1,1564,248,87,33302,5137,176,34534,0,0,132037,0,0,33310,10368,1,33301,0,0,33311,0,0,32350,8173,17,34452,8202,16,33288,0,0,132105,6337,67;
1701369482548;292165,44904,1,1562,249,86,33302,5137,177,34534,0,0,132037,0,0,33310,10367,1,33301,0,0,33311,0,0,32350,8175,17,34452,8202,16,33288,0,0,132105,6336,67;
1701369482648;292266,44904,1,1563,249,87,33302,5137,176,34534,0,0,132037,0,0,33310,10372,1,33301,0,0,33311,0,0,32350,8174,17,34452,8202,16,33288,0,0,132105,6336,67;
1701369482735;292361,44904,1,1564,248,87,33302,5137,177,34534,0,0,132037,0,0,33310,10374,1,33301,0,0,33311,0,0,32350,8173,17,34452,8201,16,33288,0,0,132105,6337,68;
1701369482847;292463,44904,1,1562,248,85,33302,5137,178,34534,0,0,132037,0,0,33310,10373,1,33301,0,0,33311,0,0,32350,8175,16,34452,8202,16,33288,0,0,132105,6337,68;
1701369482932;292565,44904,1,1562,247,84,33302,5137,178,34534,0,0,132037,0,0,33310,10373,1,33301,0,0,33311,0,0,32350,8175,16,34452,8202,16,33288,0,0,132105,6338,68;
1701369483049;292666,44904,1,1562,249,86,33302,5137,178,34534,0,0,132037,0,0,33310,10370,1,33301,0,0,33311,0,0,32350,8175,17,34452,8202,16,33288,0,0,132105,6336,68;
1701369483131;292761,44904,1,1562,249,86,33302,5137,179,34534,0,0,132037,0,0,33310,10369,1,33301,0,0,33311,0,0,32350,8175,16,34452,8202,16,33288,0,0,132105,6336,68;
1701369483248;292863,44904,1,1562,247,85,33302,5136,178,34534,0,0,132037,0,0,33310,10367,1,33301,0,0,33311,0,0,32350,8175,17,34452,8202,15,33288,0,0,132105,6337,68;
1701369483349;292966,44904,1,1563,248,87,33302,5136,179,34534,0,0,132037,0,0,33310,10364,1,33301,0,0,33311,0,0,32350,8174,17,34452,8200,16,33288,0,0,132105,6336,68;
1701369483450;293065,44904,1,1564,250,87,33302,5137,178,34534,0,0,132037,0,0,33310,10367,1,33301,0,0,33311,0,0,32350,8173,17,34452,8202,16,33288,0,0,132105,6336,68;
1701369483542;293161,44904,1,1562,248,86,33302,5136,176,34534,0,0,132037,0,0,33310,10371,1,33301,0,0,33311,0,0,32350,8175,17,34452,8201,17,33288,0,0,132105,6336,67;
1701369483648;293264,44904,1,1561,249,85,33302,5137,178,34534,0,0,132037,0,0,33310,10373,1,33301,0,0,33311,0,0,32350,8176,17,34452,8203,17,33288,0,0,132105,6336,68;
1701369483750;293365,44904,1,1563,248,86,33302,5137,178,34534,0,0,132037,0,0,33310,10371,1,33301,0,0,33311,0,0,32350,8174,18,34452,8202,16,33288,0,0,132105,6337,68;
1701369483851;293466,44904,1,1562,248,86,33302,5136,178,34534,0,0,132037,0,0,33310,10370,1,33301,0,0,33311,0,0,32350,8175,17,34452,8202,17,33288,0,0,132105,6336,68;
1701369483934;293561,44904,1,1563,247,85,33302,5137,179,34534,0,0,132037,0,0,33310,10371,1,33301,0,0,33311,0,0,32350,8174,16,34452,8202,17,33288,0,0,132105,6338,68;
1701369484048;293664,44904,1,1562,249,86,33302,5137,178,34534,0,0,132037,0,0,33310,10373,1,33301,0,0,33311,0,0,32350,8175,16,34452,8204,16,33288,0,0,132105,6336,68;
1701369484149;293765,44904,1,1566,249,88,33302,5137,178,34534,0,0,132037,0,0,33310,0,0,33301,0,0,33311,0,0,32350,8171,17,34452,8202,17,33288,0,0,132105,6337,68;
1701369484233;293866,44904,1,1562,249,86,33302,5137,180,34534,0,0,132037,0,0,33310,10373,1,33301,0,0,33311,0,0,32350,8175,18,34452,8200,16,33288,0,0,132105,6336,69;
1701369484347;293960,44904,1,1563,248,87,33302,5136,180,34534,0,0,132037,0,0,33310,10371,1,33301,0,0,33311,0,0,32350,8174,17,34452,8201,17,33288,0,0,132105,6336,69;
1701369484434;294061,44904,1,1563,248,88,33302,5136,180,34534,0,0,132037,0,0,33310,10369,0,33301,0,0,33311,0,0,32350,8173,17,34452,8201,17,33288,0,0,132105,6336,68;
1701369484546;294164,44904,1,1564,250,87,33302,5137,182,34534,0,0,132037,0,0,33310,10374,1,33301,0,0,33311,0,0,32350,8173,17,34452,8199,17,33288,0,0,132105,6336,68;
1701369484648;294265,44904,1,1563,247,85,33302,5137,181,34534,0,0,132037,0,0,33310,10374,1,33301,0,0,33311,0,0,32350,8174,16,34452,8203,17,33288,0,0,132105,6338,68;
1701369484750;294366,44904,1,1563,248,86,33302,5137,182,34534,0,0,132037,0,0,33310,10371,1,33301,0,0,33311,0,0,32350,8174,17,34452,8203,16,33288,0,0,132105,6337,69;
1701369484832;294461,44904,1,1564,246,86,33302,5136,180,34534,0,0,132037,0,0,33310,10373,1,33301,0,0,33311,0,0,32350,8173,17,34452,8200,16,33288,0,0,132105,6338,68;
1701369484946;294563,44904,1,1563,249,87,33302,5137,181,34534,0,0,132037,0,0,33310,10372,1,33301,0,0,33311,0,0,32350,8174,18,34452,8202,16,33288,0,0,132105,6336,68;
1701369485032;294664,44904,1,1564,250,87,33302,5137,181,34534,0,0,132037,0,0,33310,10375,1,33301,0,0,33311,0,0,32350,8173,18,34452,8201,16,33288,0,0,132105,6336,68;
1701369485147;294764,44904,1,1562,246,83,33302,5137,182,34534,0,0,132037,0,0,33310,10373,1,33301,0,0,33311,0,0,32350,8176,17,34452,8203,16,33288,0,0,132105,6338,68;
1701369485232;294865,44904,1,1566,250,89,33302,5137,183,34534,0,0,132037,0,0,33310,10368,1,33301,0,0,33311,0,0,32350,8171,17,34452,8201,17,33288,0,0,132105,6336,68;
1701369485347;294961,44904,1,1562,245,84,33302,5136,183,34534,0,0,132037,0,0,33310,10368,1,33301,0,0,33311,0,0,32350,8175,19,34452,8200,17,33288,0,0,132105,6338,68;
1701369485434;295063,44904,1,1562,249,86,33302,5137,181,34534,0,0,132037,0,0,33310,10377,1,33301,0,0,33311,0,0,32350,8175,20,34452,8203,17,33288,0,0,132105,6336,67;
1701369485530;295164,44904,1,1561,248,85,33302,5136,184,34534,0,0,132037,0,0,33310,10374,1,33301,0,0,33311,0,0,32350,8176,20,34452,8202,17,33288,0,0,132105,6336,68;
1701369485645;295265,44904,1,1561,248,84,33302,5137,184,34534,0,0,132037,0,0,33310,0,0,33301,0,0,33311,0,0,32350,8177,18,34452,8202,16,33288,0,0,132105,6336,68;
1701369485742;295361,44904,1,1562,245,84,33302,5136,182,34534,0,0,132037,0,0,33310,0,0,33301,0,0,33311,0,0,32350,8175,17,34452,8201,16,33288,0,0,132105,6338,68;
1701369485844;295463,44904,1,1562,248,84,33302,5137,181,34534,0,0,132037,0,0,33310,10372,1,33301,0,0,33311,0,0,32350,8176,17,34452,8202,16,33288,0,0,132105,6337,68;
1701369485946;295564,44904,1,1564,247,86,33302,5137,181,34534,0,0,132037,0,0,33310,10375,1,33301,0,0,33311,0,0,32350,8173,16,34452,8202,16,33288,0,0,132105,6338,68;
1701369486049;295664,44904,1,1563,247,86,33302,5136,182,34534,0,0,132037,0,0,33310,10372,1,33301,0,0,33311,0,0,32350,8174,17,34452,8201,16,33288,0,0,132105,6337,68;
1701369486132;295760,44904,1,1564,250,89,33302,5136,182,34534,0,0,132037,0,0,33310,10375,1,33301,0,0,33311,0,0,32350,8172,15,34452,8201,16,33288,0,0,132105,6335,68;
1701369486246;295864,44904,1,1562,249,86,33302,5137,181,34534,0,0,132037,0,0,33310,10378,1,33301,0,0,33311,0,0,32350,8175,15,34452,8202,16,33288,0,0,132105,6336,68;
1701369486347;295965,44904,1,1564,248,87,33302,5137,180,34534,0,0,132037,0,0,33310,10381,1,33301,0,0,33311,0,0,32350,8173,16,34452,8202,15,33288,0,0,132105,6337,68;
1701369486446;296065,44904,1,1561,248,85,33302,5136,179,34534,0,0,132037,0,0,33310,0,0,33301,0,0,33311,0,0,32350,8176,16,34452,8205,15,33288,0,0,132105,6336,67;
1701369486549;296165,44904,1,1562,248,85,33302,5137,181,34534,0,0,132037,0,0,33310,10375,0,33301,0,0,33311,0,0,32350,8175,16,34452,8200,16,33288,0,0,132105,6337,68;
1701369486648;296267,44904,1,1565,251,87,33302,5138,183,34534,0,0,132037,0,0,33310,10376,1,33301,0,0,33311,0,0,32350,8173,16,34452,8201,16,33288,0,0,132105,6336,68;
1701369486733;296362,44904,1,1563,249,87,33302,5137,183,34534,0,0,132037,0,0,33310,10375,1,33301,0,0,33311,0,0,32350,8174,17,34452,8201,17,33288,0,0,132105,6336,68;
1701369486845;296464,44904,1,1564,250,87,33302,5137,182,34534,0,0,132037,0,0,33310,10371,1,33301,0,0,33311,0,0,32350,8173,18,34452,8201,16,33288,0,0,132105,6336,67;
1701369486947;296565,44904,1,1563,249,85,33302,5138,183,34534,0,0,132037,0,0,33310,10372,1,33301,0,0,33311,0,0,32350,8175,18,34452,8203,16,33288,0,0,132105,6337,67;
1701369487049;296667,44904,1,1563,248,87,33302,5136,182,34534,0,0,132037,0,0,33310,10370,1,33301,0,0,33311,0,0,32350,8174,17,34452,8203,16,33288,0,0,132105,6336,67;
