921451600;6653499,44904,1,8406,19136,4,34532,0,0,34452,0,0,132037,7068,48,33311,11109,0,33310,11839,0,32408,9651,11,32350,0,0,33290,12419,1,33301,7275,20,132105,0,0;
1019456100;6653597,44904,1,8411,19139,10,34532,0,0,34452,0,0,132037,7067,48,33311,11091,0,33310,11844,0,32408,9654,11,32350,0,0,33290,12419,1,33301,7274,20,132105,0,0;
1123434400;6653701,44904,1,8409,19137,9,34532,0,0,34452,0,0,132037,7067,48,33311,11115,0,33310,0,0,32408,9652,11,32350,0,0,33290,12417,1,33301,7273,20,132105,0,0;
1216653300;6653794,44904,1,8414,19138,14,34532,0,0,34452,0,0,132037,7067,47,33311,11109,0,33310,11840,0,32408,9655,11,32350,0,0,33290,12417,1,33301,7272,21,132105,0,0;
1318565200;6653895,44904,1,8412,19136,14,34532,0,0,34452,0,0,132037,7067,47,33311,11100,0,33310,0,0,32408,9653,11,32350,0,0,33290,12416,1,33301,7270,21,132105,0,0;
1419392600;6653997,44904,1,8410,19138,9,34532,0,0,34452,0,0,132037,7067,47,33311,11094,0,33310,11841,0,32408,9653,12,32350,0,0,33290,12419,1,33301,7274,21,132105,0,0;
1519885400;6654098,44904,1,8413,19139,11,34532,0,0,34452,0,0,132037,7067,47,33311,11104,0,33310,11841,0,32408,9655,12,32350,0,0,33290,12418,1,33301,7274,21,132105,0,0;
1621126400;6654199,44904,1,8413,19139,14,34532,0,0,34452,0,0,132037,7066,47,33311,11156,0,33310,11838,0,32408,9654,12,32350,0,0,33290,12419,1,33301,7272,22,132105,0,0;
1716606700;6654294,44904,1,8411,19136,14,34532,0,0,34452,0,0,132037,7066,47,33311,11095,0,33310,11839,0,32408,9652,12,32350,0,0,33290,12418,1,33301,7270,22,132105,0,0;
1818368500;6654395,44904,1,8412,19138,11,34532,0,0,34452,0,0,132037,7067,48,33311,11125,0,33310,11828,0,32408,9654,12,32350,0,0,33290,12418,1,33301,7273,22,132105,0,0;
1920157500;6654497,44904,1,8414,19138,16,34532,0,0,34452,0,0,132037,7066,47,33311,11098,0,33310,0,0,32408,9654,12,32350,0,0,33290,12420,1,33301,7270,22,132105,0,0;
2019573900;6654598,44904,1,8411,19137,11,34532,0,0,34452,0,0,132037,7067,48,33311,11069,0,33310,11841,0,32408,9653,12,32350,0,0,33290,12417,1,33301,7272,22,132105,0,0;
2115387200;6654693,44904,1,8410,19139,12,34532,0,0,34452,0,0,132037,7065,48,33311,11072,0,33310,11839,0,32408,9652,13,32350,0,0,33290,12421,1,33301,7273,22,132105,0,0;
2218003600;6654796,44904,1,8415,19138,16,34532,0,0,34452,0,0,132037,7067,48,33311,11079,0,33310,11842,0,32408,9655,13,32350,0,0,33290,12416,1,33301,7270,23,132105,0,0;
2318333100;6654896,44904,1,8411,19137,13,34532,0,0,34452,0,0,132037,7067,48,33311,11056,0,33310,11842,0,32408,9653,13,32350,0,0,33290,12420,1,33301,7271,22,132105,0,0;
2420154800;6654998,44904,1,8412,19139,13,34532,0,0,34452,0,0,132037,7066,48,33311,11050,0,33310,11840,0,32408,9654,12,32350,0,0,33290,12418,1,33301,7273,23,132105,0,0;
2514865600;6655093,44904,1,8411,19136,11,34532,0,0,34452,0,0,132037,7068,48,33311,11091,0,33310,11831,0,32408,9653,12,32350,0,0,33290,12417,1,33301,7271,23,132105,0,0;
2618339100;6655196,44904,1,8405,19135,8,34532,0,0,34452,0,0,132037,7066,47,33311,11072,0,33310,11846,0,32408,9649,12,32350,0,0,33290,12419,1,33301,7272,22,132105,0,0;
2718672200;6655297,44904,1,8407,19136,10,34532,0,0,34452,0,0,132037,7066,48,33311,11063,0,33310,11843,0,32408,9650,12,32350,0,0,33290,12417,1,33301,7272,22,132105,0,0;
2820029800;6655397,44904,1,8411,19138,9,34532,0,0,34452,0,0,132037,7068,48,33311,11095,0,33310,11851,0,32408,9654,12,32350,0,0,33290,12418,1,33301,7274,22,132105,0,0;
2920090800;6655499,44904,1,8413,19139,12,34532,0,0,34452,0,0,132037,7067,48,33311,11055,0,33310,11850,0,32408,9655,12,32350,0,0,33290,12418,1,33301,7273,22,132105,0,0;
3016038500;6655594,44904,1,8411,19137,13,34532,0,0,34452,0,0,132037,7067,49,33311,11068,0,33310,11859,0,32408,9653,12,32350,0,0,33290,12416,1,33301,7271,22,132105,0,0;
3118258500;6655696,44904,1,8406,19136,8,34532,0,0,34452,0,0,132037,7066,48,33311,11023,0,33310,11851,0,32408,9650,12,32350,0,0,33290,12415,1,33301,7273,22,132105,0,0;
3218009500;6655796,44904,1,8409,19138,11,34532,0,0,34452,0,0,132037,7066,49,33311,11051,0,33310,11854,0,32408,9652,12,32350,0,0,33290,12416,1,33301,7273,22,132105,0,0;
3319510500;6655898,44904,1,8411,19138,13,34532,0,0,34452,0,0,132037,7066,48,33311,11038,0,33310,11868,0,32408,9653,12,32350,0,0,33290,12418,1,33301,7272,22,132105,0,0;
3415356900;6655994,44904,1,8415,19140,14,34532,0,0,34452,0,0,132037,7067,48,33311,11028,0,33310,11845,0,32408,9656,12,32350,0,0,33290,12417,1,33301,7273,22,132105,0,0;
3518196600;6656096,44904,1,8413,19137,14,34532,0,0,34452,0,0,132037,7067,48,33311,11037,0,33310,11844,0,32408,9654,12,32350,0,0,33290,12418,1,33301,7271,22,132105,0,0;
3618841600;6656197,44904,1,8572,19428,532,34532,0,0,34452,0,0,132037,0,0,33311,11040,0,33310,11851,0,32408,9654,12,32350,0,0,33290,12417,1,33301,7272,22,132105,0,0;
3720282200;6656298,44904,1,8411,19136,11,34532,0,0,34452,0,0,132037,7068,49,33311,11027,0,33310,11857,0,32408,9653,11,32350,0,0,33290,12416,1,33301,7271,23,132105,0,0;
3814514400;6656393,44904,1,8410,19138,9,34532,0,0,34452,0,0,132037,7067,49,33311,11048,0,33310,11862,0,32408,9653,11,32350,0,0,33290,12416,1,33301,7274,23,132105,0,0;
3918529100;6656497,44904,1,8415,19138,13,34532,0,0,34452,0,0,132037,7068,49,33311,11035,0,33310,0,0,32408,9656,11,32350,0,0,33290,12419,1,33301,7272,23,132105,0,0;
4018995900;6656597,44904,1,8410,19138,10,34532,0,0,34452,0,0,132037,7067,48,33311,11049,0,33310,11870,0,32408,9653,11,32350,0,0,33290,12417,1,33301,7273,23,132105,0,0;
4119966600;6656698,44904,1,8410,19138,9,34532,0,0,34452,0,0,132037,7067,48,33311,11030,0,33310,11869,0,32408,9653,11,32350,0,0,33290,12416,1,33301,7274,23,132105,0,0;
4221238300;6656799,44904,1,8414,19140,14,34532,0,0,34452,0,0,132037,7066,48,33311,11044,0,33310,11871,0,32408,9655,11,32350,0,0,33290,12417,1,33301,7273,23,132105,0,0;
4315881900;6656894,44904,1,8409,19136,12,34532,0,0,34452,0,0,132037,7066,48,33311,11084,0,33310,0,0,32408,9651,11,32350,0,0,33290,12415,1,33301,7271,23,132105,0,0;
4418190100;6656996,44904,1,8410,19137,12,34532,0,0,34452,0,0,132037,7066,48,33311,11044,0,33310,0,0,32408,9652,11,32350,0,0,33290,12415,1,33301,7272,23,132105,0,0;
4519484000;6657098,44904,1,8417,19139,17,34532,0,0,34452,0,0,132037,7067,48,33311,11037,0,33310,0,0,32408,9657,11,32350,0,0,33290,12415,1,33301,7271,23,132105,0,0;
4619476600;6657198,44904,1,8414,19138,14,34532,0,0,34452,0,0,132037,7067,48,33311,11034,0,33310,0,0,32408,9655,11,32350,0,0,33290,12416,1,33301,7272,23,132105,0,0;
4715371300;6657294,44904,1,8407,19135,7,34532,0,0,34452,0,0,132037,7068,48,33311,11020,0,33310,0,0,32408,9651,11,32350,0,0,33290,12417,1,33301,7272,22,132105,0,0;
4817301300;6657396,44904,1,8409,19138,11,34532,0,0,34452,0,0,132037,7066,48,33311,11035,0,33310,0,0,32408,9652,11,32350,0,0,33290,12418,1,33301,7273,21,132105,0,0;
4918189900;6657497,44904,1,8410,19136,11,34532,0,0,34452,0,0,132037,7067,48,33311,11050,0,33310,0,0,32408,9652,11,32350,0,0,33290,12416,1,33301,7271,20,132105,0,0;
5018023100;6657596,44904,1,8410,19137,12,34532,0,0,34452,0,0,132037,7066,49,33311,11032,0,33310,0,0,32408,9652,11,32350,0,0,33290,12416,1,33301,7272,20,132105,0,0;
5114115900;6657693,44904,1,8410,19136,11,34532,0,0,34452,0,0,132037,7067,49,33311,11048,0,33310,0,0,32408,9652,11,32350,0,0,33290,12417,1,33301,7271,20,132105,0,0;
5220579200;6657799,44904,1,8409,19136,10,34532,0,0,34452,0,0,132037,7067,49,33311,11035,0,33310,0,0,32408,9652,11,32350,0,0,33290,12419,1,33301,7272,20,132105,0,0;
5317502800;6657896,44904,1,8410,19137,13,34532,0,0,34452,0,0,132037,7066,49,33311,11048,0,33310,0,0,32408,9652,11,32350,0,0,33290,12417,1,33301,7271,20,132105,0,0;
5419036900;6657997,44904,1,8408,19136,9,34532,0,0,34452,0,0,132037,7067,49,33311,11037,0,33310,0,0,32408,9651,11,32350,0,0,33290,12414,1,33301,7272,20,132105,0,0;
5514803600;6658093,44904,1,8408,19137,11,34532,0,0,34452,0,0,132037,7066,49,33311,11040,0,33310,0,0,32408,9651,11,32350,0,0,33290,12416,1,33301,7272,20,132105,0,0;
5617581000;6658196,44904,1,8410,19136,11,34532,0,0,34452,0,0,132037,7067,48,33311,11050,0,33310,0,0,32408,9652,11,32350,0,0,33290,0,0,33301,7271,20,132105,0,0;
5718338300;6658297,44904,1,8410,19137,9,34532,0,0,34452,0,0,132037,7068,49,33311,11051,0,33310,0,0,32408,9653,11,32350,0,0,33290,12416,1,33301,7273,21,132105,0,0;
5821940800;6658400,44904,1,8408,19137,11,34532,0,0,34452,0,0,132037,7066,49,33311,11041,0,33310,0,0,32408,9651,11,32350,0,0,33290,12417,1,33301,7272,20,132105,0,0;
5915912100;6658494,44904,1,8412,19140,10,34532,0,0,34452,0,0,132037,7067,49,33311,11038,0,33310,0,0,32408,9655,11,32350,0,0,33290,12416,1,33301,7275,20,132105,0,0;
6017664600;6658596,44904,1,8409,19136,10,34532,0,0,34452,0,0,132037,7067,49,33311,11039,0,33310,0,0,32408,9652,11,32350,0,0,33290,12418,1,33301,7272,20,132105,0,0;
6118513400;6658697,44904,1,8411,19137,11,34532,0,0,34452,0,0,132037,7067,48,33311,11030,0,33310,0,0,32408,9653,11,32350,0,0,33290,12416,1,33301,7272,20,132105,0,0;
6217857700;6658796,44904,1,8409,19136,10,34532,0,0,34452,0,0,132037,7067,49,33311,11024,0,33310,0,0,32408,9652,11,32350,0,0,33290,12417,1,33301,7272,20,132105,0,0;
6317921500;6658897,44904,1,8406,19135,7,34532,0,0,34452,0,0,132037,7067,48,33311,11025,0,33310,0,0,32408,9650,11,32350,0,0,33290,12418,1,33301,7273,20,132105,0,0;
6419425700;6658998,44904,1,8409,19138,11,34532,0,0,34452,0,0,132037,7066,48,33311,11015,0,33310,0,0,32408,9652,11,32350,0,0,33290,12419,1,33301,7273,20,132105,0,0;
6514466700;6659093,44904,1,8413,19139,14,34532,0,0,34452,0,0,132037,7066,48,33311,11026,0,33310,0,0,32408,9654,11,32350,0,0,33290,12418,1,33301,7272,20,132105,0,0;
6617735800;6659196,44904,1,8408,19135,12,34532,0,0,34452,0,0,132037,7066,48,33311,11015,0,33310,0,0,32408,9650,10,32350,0,0,33290,12418,1,33301,7270,21,132105,0,0;
6717604500;6659296,44904,1,8409,19137,9,34532,0,0,34452,0,0,132037,7067,49,33311,11010,0,33310,0,0,32408,9652,10,32350,0,0,33290,12419,1,33301,7273,20,132105,0,0;
6819782400;6659397,44904,1,8409,19139,7,34532,0,0,34452,0,0,132037,7067,49,33311,11010,0,33310,0,0,32408,9653,10,32350,0,0,33290,12421,1,33301,7276,21,132105,0,0;
6919377600;6659498,44904,1,8410,19139,11,34532,0,0,34452,0,0,132037,7066,49,33311,11011,0,33310,0,0,32408,9653,11,32350,0,0,33290,12419,1,33301,7274,21,132105,0,0;
7014966800;6659594,44904,1,8406,19136,4,34532,0,0,34452,0,0,132037,7068,49,33311,11011,0,33310,0,0,32408,9651,11,32350,0,0,33290,12418,1,33301,7275,21,132105,0,0;
7117426600;6659696,44904,1,8409,19135,9,34532,0,0,34452,0,0,132037,7068,49,33311,11018,0,33310,0,0,32408,9652,11,32350,0,0,33290,12420,1,33301,7272,21,132105,0,0;
7217861800;6659797,44904,1,8411,19137,13,34532,0,0,34452,0,0,132037,7067,50,33311,11006,0,33310,0,0,32408,9653,11,32350,0,0,33290,12418,1,33301,7271,21,132105,0,0;
7318286700;6659897,44904,1,8409,19136,10,34532,0,0,34452,0,0,132037,7067,49,33311,11010,0,33310,0,0,32408,9652,11,32350,0,0,33290,12419,1,33301,7272,20,132105,0,0;
7414346900;6659993,44904,1,8415,19138,16,34532,0,0,34452,0,0,132037,7067,49,33311,11015,0,33310,0,0,32408,9655,12,32350,0,0,33290,12419,1,33301,7270,21,132105,0,0;
7517429200;6660096,44904,1,8410,19139,9,34532,0,0,34452,0,0,132037,7066,49,33311,11016,0,33310,0,0,32408,9653,12,32350,0,0,33290,0,0,33301,7275,22,132105,0,0;
7617359900;6660197,44904,1,8409,19136,10,34532,0,0,34452,0,0,132037,7067,49,33311,11022,0,33310,0,0,32408,9652,11,32350,0,0,33290,12418,1,33301,7272,22,132105,0,0;
7718658400;6660298,44904,1,8412,19139,13,34532,0,0,34452,0,0,132037,7066,49,33311,11013,0,33310,0,0,32408,9654,11,32350,0,0,33290,12418,1,33301,7273,22,132105,0,0;
7818826800;6660398,44904,1,8410,19138,9,34532,0,0,34452,0,0,132037,7067,49,33311,11016,0,33310,0,0,32408,9653,11,32350,0,0,33290,12417,1,33301,7274,21,132105,0,0;
7915143000;6660494,44904,1,8550,19206,120,34532,0,0,34452,0,0,132037,7067,49,33311,11023,0,33310,0,0,32408,0,0,32350,0,0,33290,12419,1,33301,7275,21,132105,0,0;
8015769600;6660595,44904,1,8410,19137,12,34532,0,0,34452,0,0,132037,7066,49,33311,11020,0,33310,11852,0,32408,9652,11,32350,0,0,33290,12416,1,33301,7272,21,132105,0,0;
8117636600;6660696,44904,1,8410,19137,13,34532,0,0,34452,0,0,132037,7066,49,33311,11035,0,33310,11868,0,32408,9652,11,32350,0,0,33290,12417,1,33301,7271,21,132105,0,0;
8217351600;6660796,44904,1,8411,19139,10,34532,0,0,34452,0,0,132037,7067,49,33311,11050,0,33310,11890,0,32408,9654,11,32350,0,0,33290,12420,1,33301,7274,20,132105,0,0;
8314892000;6660893,44904,1,8412,19138,11,34532,0,0,34452,0,0,132037,7067,49,33311,11028,0,33310,0,0,32408,9654,11,32350,0,0,33290,12417,1,33301,7273,21,132105,0,0;
8417183900;6660996,44904,1,8408,19139,8,34532,0,0,34452,0,0,132037,7066,49,33311,11049,0,33310,11842,0,32408,9652,11,32350,0,0,33290,12418,1,33301,7275,21,132105,0,0;
8517222000;6661097,44904,1,8411,19138,13,34532,0,0,34452,0,0,132037,7066,49,33311,11033,0,33310,11864,0,32408,9653,11,32350,0,0,33290,12416,1,33301,7272,21,132105,0,0;
8620203300;6661199,44904,1,8409,19138,9,34532,0,0,34452,0,0,132037,7066,49,33311,11040,0,33310,11863,0,32408,9652,12,32350,0,0,33290,12418,1,33301,7274,22,132105,0,0;
8713678000;6661293,44904,1,8412,19138,11,34532,0,0,34452,0,0,132037,7067,50,33311,11022,0,33310,11847,0,32408,9654,12,32350,0,0,33290,12416,1,33301,7273,22,132105,0,0;
8816770800;6661396,44904,1,8406,19135,7,34532,0,0,34452,0,0,132037,7067,49,33311,11029,0,33310,11856,0,32408,9650,12,32350,0,0,33290,12419,1,33301,7273,21,132105,0,0;
8917080000;6661496,44904,1,8414,19138,15,34532,0,0,34452,0,0,132037,7067,50,33311,11049,0,33310,11859,0,32408,9655,12,32350,0,0,33290,12417,1,33301,7271,22,132105,0,0;
9019024900;6661598,44904,1,8410,19139,11,34532,0,0,34452,0,0,132037,7066,50,33311,11055,0,33310,11846,0,32408,9653,12,32350,0,0,33290,12416,1,33301,7274,21,132105,0,0;
9119012600;6661698,44904,1,8408,19137,8,34532,0,0,34452,0,0,132037,7067,49,33311,11053,0,33310,11851,0,32408,9652,12,32350,0,0,33290,12416,1,33301,7274,21,132105,0,0;
9219764000;6661799,44904,1,8415,19141,15,34532,0,0,34452,0,0,132037,7066,49,33311,11038,0,33310,11839,0,32408,9656,12,32350,0,0,33290,12417,1,33301,7273,21,132105,0,0;
9315463300;6661894,44904,1,8413,19139,14,34532,0,0,34452,0,0,132037,7066,49,33311,11094,0,33310,11845,0,32408,9654,12,32350,0,0,33290,12418,1,33301,7272,21,132105,0,0;
9417306000;6661997,44904,1,8415,19141,12,34532,0,0,34452,0,0,132037,7067,48,33311,11058,0,33310,11836,0,32408,9657,12,32350,0,0,33290,12420,1,33301,7275,21,132105,0,0;
9518543500;6662097,44904,1,8408,19136,9,34532,0,0,34452,0,0,132037,7067,49,33311,11025,0,33310,11833,0,32408,9651,12,32350,0,0,33290,12418,1,33301,7272,21,132105,0,0;
9615244500;6662193,44904,1,8413,19138,12,34532,0,0,34452,0,0,132037,7068,49,33311,11043,0,33310,11826,0,32408,9655,11,32350,0,0,33290,12416,1,33301,7272,21,132105,0,0;
9716800300;6662296,44904,1,8409,19138,9,34532,0,0,34452,0,0,132037,7066,49,33311,11024,0,33310,11831,0,32408,9652,11,32350,0,0,33290,12416,1,33301,7274,21,132105,0,0;
9816643500;6662396,44904,1,8404,19135,6,34532,0,0,34452,0,0,132037,7067,49,33311,11040,0,33310,11821,0,32408,9649,12,32350,0,0,33290,12417,1,33301,7273,21,132105,0,0;
9917348000;6662496,44904,1,8411,19137,11,34532,0,0,34452,0,0,132037,7067,49,33311,11047,0,33310,11825,0,32408,9653,12,32350,0,0,33290,12418,1,33301,7272,21,132105,0,0;
10018637600;6662598,44904,1,8412,19138,12,34532,0,0,34452,0,0,132037,7067,49,33311,11054,0,33310,11832,0,32408,9654,12,32350,0,0,33290,12417,1,33301,7272,21,132105,0,0;
10113951400;6662693,44904,1,8409,19138,8,34532,0,0,34452,0,0,132037,7067,49,33311,11047,0,33310,11838,0,32408,9653,12,32350,0,0,33290,12416,1,33301,7275,21,132105,0,0;
10216142300;6662795,44904,1,8415,19139,16,34532,0,0,34452,0,0,132037,7066,49,33311,11044,0,33310,11841,0,32408,9655,12,32350,0,0,33290,12416,1,33301,7271,21,132105,0,0;
10317452000;6662897,44904,1,8410,19138,10,34532,0,0,34452,0,0,132037,7067,49,33311,11109,0,33310,11844,0,32408,9653,12,32350,0,0,33290,12417,1,33301,7273,22,132105,0,0;
10417769500;6662997,44904,1,8406,19135,7,34532,0,0,34452,0,0,132037,7067,49,33311,11068,0,33310,11842,0,32408,9650,11,32350,0,0,33290,12417,1,33301,7273,22,132105,0,0;
10518951000;6663098,44904,1,8409,19138,9,34532,0,0,34452,0,0,132037,7066,49,33311,11065,0,33310,11840,0,32408,9652,11,32350,0,0,33290,12417,1,33301,7274,22,132105,0,0;
10620061500;6663199,44904,1,8414,19138,15,34532,0,0,34452,0,0,132037,7067,49,33311,11149,0,33310,11839,0,32408,9655,11,32350,0,0,33290,12416,1,33301,7271,22,132105,0,0;
10714288200;6663294,44904,1,8412,19136,12,34532,0,0,34452,0,0,132037,7068,50,33311,11080,0,33310,11858,0,32408,9654,11,32350,0,0,33290,12416,1,33301,7271,22,132105,0,0;
10816003500;6663395,44904,1,8410,19138,10,34532,0,0,34452,0,0,132037,7067,49,33311,11153,0,33310,11859,0,32408,9653,11,32350,0,0,33290,12418,1,33301,7273,22,132105,0,0;
10917810000;6663497,44904,1,8408,19136,9,34532,0,0,34452,0,0,132037,7067,49,33311,11106,0,33310,11874,0,32408,9651,11,32350,0,0,33290,12416,1,33301,7272,21,132105,0,0;
11018991300;6663598,44904,1,8411,19139,12,34532,0,0,34452,0,0,132037,7066,49,33311,11101,0,33310,11880,0,32408,9653,11,32350,0,0,33290,12416,1,33301,7273,21,132105,0,0;
11113870800;6663693,44904,1,8414,19139,15,34532,0,0,34452,0,0,132037,7066,49,33311,11079,0,33310,11905,0,32408,9655,11,32350,0,0,33290,12417,1,33301,7272,20,132105,0,0;
11216583000;6663795,44904,1,8410,19137,12,34532,0,0,34452,0,0,132037,7066,49,33311,11125,0,33310,11962,0,32408,9652,11,32350,0,0,33290,12415,1,33301,7272,21,132105,0,0;
11316733300;6663896,44904,1,8412,19138,12,34532,0,0,34452,0,0,132037,7067,49,33311,11091,0,33310,11960,0,32408,9654,11,32350,0,0,33290,12418,1,33301,7272,20,132105,0,0;
11418799000;6663998,44904,1,8417,19141,16,34532,0,0,34452,0,0,132037,7066,48,33311,11093,0,33310,11912,0,32408,9657,11,32350,0,0,33290,12418,1,33301,7273,20,132105,0,0;
11512660300;6664092,44904,1,8416,19140,18,34532,0,0,34452,0,0,132037,7066,48,33311,11048,0,33310,11931,0,32408,9656,12,32350,0,0,33290,12418,1,33301,7271,20,132105,0,0;
11616143300;6664195,44904,1,8411,19139,10,34532,0,0,34452,0,0,132037,7067,48,33311,11050,0,33310,12074,0,32408,9654,12,32350,0,0,33290,12417,1,33301,7274,20,132105,0,0;
11716594600;6664296,44904,1,8409,19136,10,34532,0,0,34452,0,0,132037,7067,49,33311,11071,0,33310,11928,0,32408,9652,12,32350,0,0,33290,12416,1,33301,7272,21,132105,0,0;
11817856300;6664397,44904,1,8410,19138,9,34532,0,0,34452,0,0,132037,7067,48,33311,11072,0,33310,11947,0,32408,9653,12,32350,0,0,33290,12417,1,33301,7274,20,132105,0,0;
11913472900;6664493,44904,1,8409,19138,11,34532,0,0,34452,0,0,132037,7066,49,33311,11084,0,33310,11913,0,32408,9652,12,32350,0,0,33290,12415,1,33301,7273,21,132105,0,0;
12016991700;6664596,44904,1,8412,19138,11,34532,0,0,34452,0,0,132037,7067,49,33311,11068,0,33310,11925,0,32408,9654,12,32350,0,0,33290,12418,1,33301,7273,21,132105,0,0;
12117047900;6664696,44904,1,8411,19137,11,34532,0,0,34452,0,0,132037,7067,49,33311,11080,0,33310,0,0,32408,9653,12,32350,0,0,33290,12416,1,33301,7272,21,132105,0,0;
12217622400;6664797,44904,1,8409,19136,10,34532,0,0,34452,0,0,132037,7067,49,33311,11086,0,33310,11923,0,32408,9652,12,32350,0,0,33290,12415,1,33301,7272,22,132105,0,0;
12313382000;6664893,44904,1,8415,19141,14,34532,0,0,34452,0,0,132037,7066,48,33311,11092,0,33310,11945,0,32408,9656,11,32350,0,0,33290,12419,1,33301,7274,21,132105,0,0;
12415801800;6664995,44904,1,8410,19139,11,34532,0,0,34452,0,0,132037,7066,49,33311,11068,0,33310,12159,0,32408,9653,11,32350,0,0,33290,12417,1,33301,7274,22,132105,0,0;
12515012300;6665095,44904,1,8412,19139,13,34532,0,0,34452,0,0,132037,7066,49,33311,11057,0,33310,12187,0,32408,9654,12,32350,0,0,33290,0,0,33301,7273,21,132105,0,0;
12617108900;6665197,44904,1,8409,19136,10,34532,0,0,34452,0,0,132037,7067,49,33311,11055,0,33310,11963,0,32408,9652,12,32350,0,0,33290,12416,1,33301,7272,21,132105,0,0;
12718951500;6665298,44904,1,8414,19140,14,34532,0,0,34452,0,0,132037,7066,49,33311,11072,0,33310,11938,0,32408,9655,12,32350,0,0,33290,12419,1,33301,7273,22,132105,0,0;
12813336600;6665393,44904,1,8414,19138,14,34532,0,0,34452,0,0,132037,7067,49,33311,11097,0,33310,11995,0,32408,9655,11,32350,0,0,33290,0,0,33301,7272,22,132105,0,0;
12914842700;6665495,44904,1,8417,19139,17,34532,0,0,34452,0,0,132037,7067,49,33311,11079,0,33310,12036,0,32408,9657,11,32350,0,0,33290,12418,1,33301,7271,22,132105,0,0;
13016315300;6665596,44904,1,8409,19137,9,34532,0,0,34452,0,0,132037,7067,49,33311,11103,0,33310,12213,0,32408,9652,12,32350,0,0,33290,12417,1,33301,7273,22,132105,0,0;
13117078000;6665697,44904,1,8409,19136,13,34532,0,0,34452,0,0,132037,7066,49,33311,11058,0,33310,12465,0,32408,9651,12,32350,0,0,33290,12417,1,33301,7270,22,132105,0,0;
13212901500;6665792,44904,1,8407,19138,7,34532,0,0,34452,0,0,132037,7066,49,33311,11095,0,33310,12586,0,32408,9651,12,32350,0,0,33290,12417,1,33301,7275,22,132105,0,0;
13315045100;6665895,44904,1,8414,19140,14,34532,0,0,34452,0,0,132037,7066,49,33311,11086,0,33310,12526,0,32408,9655,12,32350,0,0,33290,12417,1,33301,7273,22,132105,0,0;
13415780600;6665995,44904,1,8412,19138,11,34532,0,0,34452,0,0,132037,7067,49,33311,11260,0,33310,12586,0,32408,9654,12,32350,0,0,33290,12415,1,33301,7273,22,132105,0,0;
13516780700;6666097,44904,1,8410,19137,12,34532,0,0,34452,0,0,132037,7066,49,33311,11153,0,33310,12507,0,32408,9652,12,32350,0,0,33290,12417,1,33301,7272,22,132105,0,0;
13612854400;6666192,44904,1,8412,19138,11,34532,0,0,34452,0,0,132037,7067,49,33311,11193,0,33310,12539,0,32408,9654,12,32350,0,0,33290,12417,1,33301,7273,21,132105,0,0;
13716006400;6666296,44904,1,8413,19139,12,34532,0,0,34452,0,0,132037,7067,48,33311,11125,0,33310,12468,0,32408,9655,12,32350,0,0,33290,12418,1,33301,7273,21,132105,0,0;
13816204500;6666396,44904,1,8409,19137,9,34532,0,0,34452,0,0,132037,7067,48,33311,11068,0,33310,12293,0,32408,9652,12,32350,0,0,33290,12419,1,33301,7273,21,132105,0,0;
13915764100;6666496,44904,1,8412,19138,12,34532,0,0,34452,0,0,132037,7067,48,33311,11113,0,33310,12228,0,32408,9654,12,32350,0,0,33290,12418,1,33301,7272,21,132105,0,0;
14012859000;6666592,44904,1,8415,19141,14,34532,0,0,34452,0,0,132037,7066,49,33311,11091,0,33310,12367,0,32408,9656,12,32350,0,0,33290,12416,1,33301,7274,21,132105,0,0;
14116942200;6666697,44904,1,8409,19135,11,34532,0,0,34452,0,0,132037,7067,49,33311,11062,0,33310,12099,0,32408,9651,12,32350,0,0,33290,12418,1,33301,7270,21,132105,0,0;
14216899300;6666796,44904,1,8412,19138,12,34532,0,0,34452,0,0,132037,7067,48,33311,11087,0,33310,12272,0,32408,9654,13,32350,0,0,33290,12418,1,33301,7272,21,132105,0,0;
14316900300;6666897,44904,1,8411,19138,13,34532,0,0,34452,0,0,132037,7066,48,33311,11064,0,33310,11986,0,32408,9653,13,32350,0,0,33290,12419,1,33301,7272,21,132105,0,0;
14412998300;6666993,44904,1,8410,19137,12,34532,0,0,34452,0,0,132037,7066,49,33311,11057,0,33310,11899,0,32408,9652,13,32350,0,0,33290,12417,1,33301,7272,21,132105,0,0;
14518787600;6667098,44904,1,8410,19137,9,34532,0,0,34452,0,0,132037,7068,48,33311,11115,0,33310,11975,0,32408,9653,12,32350,0,0,33290,12416,1,33301,7273,20,132105,0,0;
14617416500;6667197,44904,1,8410,19137,9,34532,0,0,34452,0,0,132037,7068,49,33311,11127,0,33310,11923,0,32408,9653,12,32350,0,0,33290,12418,1,33301,7273,21,132105,0,0;
14716900900;6667297,44904,1,8411,19137,11,34532,0,0,34452,0,0,132037,7067,49,33311,11056,0,33310,12083,0,32408,9653,12,32350,0,0,33290,12416,1,33301,7272,21,132105,0,0;
14812762500;6667393,44904,1,8413,19139,14,34532,0,0,34452,0,0,132037,7066,49,33311,11040,0,33310,11891,0,32408,9654,12,32350,0,0,33290,12418,1,33301,7272,22,132105,0,0;
14915576800;6667495,44904,1,8408,19136,9,34532,0,0,34452,0,0,132037,7067,49,33311,11071,0,33310,11935,0,32408,9651,12,32350,0,0,33290,12418,1,33301,7272,22,132105,0,0;
15014807400;6667595,44904,1,8406,19135,8,34532,0,0,34452,0,0,132037,7067,49,33311,11052,0,33310,11884,0,32408,9650,12,32350,0,0,33290,12417,1,33301,7272,21,132105,0,0;
15116301100;6667696,44904,1,8410,19138,10,34532,0,0,34452,0,0,132037,7067,49,33311,11081,0,33310,11894,0,32408,9653,12,32350,0,0,33290,12417,1,33301,7273,21,132105,0,0;
15217806100;6667797,44904,1,8412,19138,12,34532,0,0,34452,0,0,132037,7067,49,33311,11058,0,33310,11882,0,32408,9654,12,32350,0,0,33290,12419,1,33301,7272,21,132105,0,0;
15318454600;6667898,44904,1,8411,19137,10,34532,0,0,34452,0,0,132037,7068,49,33311,11105,0,33310,11879,0,32408,9654,12,32350,0,0,33290,12419,1,33301,7273,21,132105,0,0;
15412918100;6667993,44904,1,8411,19139,10,34532,0,0,34452,0,0,132037,7067,49,33311,11051,0,33310,11884,0,32408,9654,11,32350,0,0,33290,12418,1,33301,7274,22,132105,0,0;
15515691300;6668096,44904,1,8410,19135,8,34532,0,0,34452,0,0,132037,7069,49,33311,11074,0,33310,11892,0,32408,9653,11,32350,0,0,33290,12419,1,33301,7272,22,132105,0,0;
15616618500;6668196,44904,1,8413,19139,14,34532,0,0,34452,0,0,132037,7066,49,33311,11095,0,33310,11899,0,32408,9654,11,32350,0,0,33290,12420,1,33301,7272,22,132105,0,0;
15716517300;6668296,44904,1,8406,19137,7,34532,0,0,34452,0,0,132037,7066,49,33311,11067,0,33310,11900,0,32408,9650,11,32350,0,0,33290,12418,1,33301,7274,21,132105,0,0;
15813600800;6668393,44904,1,8404,19136,2,34532,0,0,34452,0,0,132037,7068,49,33311,11057,0,33310,11889,0,32408,9650,10,32350,0,0,33290,12417,1,33301,7276,21,132105,0,0;
15914668700;6668495,44904,1,8408,19137,8,34532,0,0,34452,0,0,132037,7067,49,33311,11064,0,33310,11878,0,32408,9652,11,32350,0,0,33290,12420,1,33301,7274,20,132105,0,0;
16016467200;6668596,44904,1,8411,19139,12,34532,0,0,34452,0,0,132037,7066,49,33311,11047,0,33310,11873,0,32408,9653,11,32350,0,0,33290,12418,1,33301,7273,20,132105,0,0;
16116169900;6668696,44904,1,8408,19134,9,34532,0,0,34452,0,0,132037,7068,50,33311,11050,0,33310,11853,0,32408,9651,11,32350,0,0,33290,12419,1,33301,7271,20,132105,0,0;
16211529300;6668792,44904,1,8409,19137,6,34532,0,0,34452,0,0,132037,7068,50,33311,11058,0,33310,11864,0,32408,9653,11,32350,0,0,33290,12417,1,33301,7275,19,132105,0,0;
16315507800;6668896,44904,1,8411,19137,10,34532,0,0,34452,0,0,132037,7068,50,33311,11059,0,33310,11864,0,32408,9654,12,32350,0,0,33290,12417,1,33301,7273,19,132105,0,0;
16415686000;6668995,44904,1,8408,19139,8,34532,0,0,34452,0,0,132037,7066,49,33311,11077,0,33310,11863,0,32408,9652,12,32350,0,0,33290,12417,1,33301,7275,19,132105,0,0;
16516682300;6669097,44904,1,8406,19136,4,34532,0,0,34452,0,0,132037,7068,49,33311,11100,0,33310,11867,0,32408,9651,12,32350,0,0,33290,12420,1,33301,7275,19,132105,0,0;
16611408000;6669192,44904,1,8409,19138,11,34532,0,0,34452,0,0,132037,7066,49,33311,11063,0,33310,11853,0,32408,9652,11,32350,0,0,33290,12420,1,33301,7273,20,132105,0,0;
16714831600;6669295,44904,1,8409,19137,9,34532,0,0,34452,0,0,132037,7067,49,33311,11065,0,33310,11854,0,32408,9652,11,32350,0,0,33290,12420,1,33301,7273,21,132105,0,0;
16816083500;6669396,44904,1,8405,19136,4,34532,0,0,34452,0,0,132037,7067,49,33311,11048,0,33310,11845,0,32408,9650,12,32350,0,0,33290,12418,1,33301,7275,21,132105,0,0;
16916482000;6669497,44904,1,8412,19139,13,34532,0,0,34452,0,0,132037,7066,49,33311,11057,0,33310,11858,0,32408,9654,12,32350,0,0,33290,12419,1,33301,7273,21,132105,0,0;
17011503300;6669592,44904,1,8413,19137,14,34532,0,0,34452,0,0,132037,7067,49,33311,11050,0,33310,11859,0,32408,9654,12,32350,0,0,33290,12417,1,33301,7271,22,132105,0,0;
17115736600;6669696,44904,1,8412,19139,13,34532,0,0,34452,0,0,132037,7066,48,33311,11040,0,33310,11869,0,32408,9654,12,32350,0,0,33290,12419,1,33301,7273,22,132105,0,0;
17215365500;6669796,44904,1,8413,19139,12,34532,0,0,34452,0,0,132037,7067,48,33311,11047,0,33310,11870,0,32408,9655,11,32350,0,0,33290,12421,1,33301,7273,23,132105,0,0;
17316067500;6669896,44904,1,8412,19138,11,34532,0,0,34452,0,0,132037,7067,48,33311,11060,0,33310,11926,0,32408,9654,11,32350,0,0,33290,12419,1,33301,7273,23,132105,0,0;
17411661400;6669992,44904,1,8409,19136,10,34532,0,0,34452,0,0,132037,7067,49,33311,11063,0,33310,11890,0,32408,9652,11,32350,0,0,33290,12421,1,33301,7272,23,132105,0,0;
17514983600;6670095,44904,1,8407,19136,8,34532,0,0,34452,0,0,132037,7067,49,33311,11037,0,33310,11944,0,32408,9651,11,32350,0,0,33290,12420,1,33301,7273,22,132105,0,0;
17616127500;6670196,44904,1,8409,19138,8,34532,0,0,34452,0,0,132037,7067,48,33311,11036,0,33310,0,0,32408,9653,11,32350,0,0,33290,12419,1,33301,7275,22,132105,0,0;
17717434700;6670297,44904,1,8409,19136,10,34532,0,0,34452,0,0,132037,7067,48,33311,11041,0,33310,11885,0,32408,9652,11,32350,0,0,33290,12416,1,33301,7272,22,132105,0,0;
17811899200;6670392,44904,1,8405,19136,4,34532,0,0,34452,0,0,132037,7067,48,33311,11049,0,33310,11889,0,32408,9650,11,32350,0,0,33290,12419,1,33301,7275,22,132105,0,0;
17914300500;6670494,44904,1,8412,19138,11,34532,0,0,34452,0,0,132037,7067,48,33311,11057,0,33310,11874,0,32408,9654,11,32350,0,0,33290,12421,1,33301,7273,21,132105,0,0;
18015704900;6670596,44904,1,8409,19138,11,34532,0,0,34452,0,0,132037,7066,48,33311,11028,0,33310,11870,0,32408,9652,11,32350,0,0,33290,12420,1,33301,7273,21,132105,0,0;
18116349400;6670697,44904,1,8409,19136,10,34532,0,0,34452,0,0,132037,7067,48,33311,11053,0,33310,11860,0,32408,9652,11,32350,0,0,33290,12419,1,33301,7272,21,132105,0,0;
18217241500;6670797,44904,1,8412,19140,12,34532,0,0,34452,0,0,132037,7066,48,33311,11026,0,33310,11864,0,32408,9654,11,32350,0,0,33290,0,0,33301,7274,21,132105,0,0;
18311485300;6670892,44904,1,8414,19142,13,34532,0,0,34452,0,0,132037,7066,48,33311,11049,0,33310,11852,0,32408,9656,11,32350,0,0,33290,12418,1,33301,7275,22,132105,0,0;
18414200200;6670994,44904,1,8406,19137,7,34532,0,0,34452,0,0,132037,7066,48,33311,11054,0,33310,11864,0,32408,9650,11,32350,0,0,33290,0,0,33301,7274,22,132105,0,0;
18513766100;6671094,44904,1,8410,19135,13,34532,0,0,34452,0,0,132037,7067,49,33311,11050,0,33310,11867,0,32408,9652,11,32350,0,0,33290,12418,1,33301,7270,21,132105,0,0;
18615776600;6671196,44904,1,8409,19137,7,34532,0,0,34452,0,0,132037,7068,49,33311,11037,0,33310,11873,0,32408,9653,11,32350,0,0,33290,12418,1,33301,7274,22,132105,0,0;
18711953400;6671292,44904,1,8414,19140,14,34532,0,0,34452,0,0,132037,7066,49,33311,11039,0,33310,11875,0,32408,9655,11,32350,0,0,33290,12419,1,33301,7273,22,132105,0,0;
18814231600;6671395,44904,1,8408,19137,8,34532,0,0,34452,0,0,132037,7067,49,33311,11032,0,33310,0,0,32408,9652,11,32350,0,0,33290,12417,1,33301,7274,22,132105,0,0;
18915257100;6671495,44904,1,8411,19137,11,34532,0,0,34452,0,0,132037,7067,49,33311,11033,0,33310,11894,0,32408,9653,11,32350,0,0,33290,12419,1,33301,7272,22,132105,0,0;
19015611500;6671596,44904,1,8405,19136,6,34532,0,0,34452,0,0,132037,7067,49,33311,11035,0,33310,11887,0,32408,9650,11,32350,0,0,33290,12417,1,33301,7274,22,132105,0,0;
19110162100;6671691,44904,1,8413,19139,11,34532,0,0,34452,0,0,132037,7067,49,33311,11046,0,33310,0,0,32408,9655,10,32350,0,0,33290,12417,1,33301,7274,22,132105,0,0;
19214740600;6671795,44904,1,8411,19139,9,34532,0,0,34452,0,0,132037,7067,49,33311,11064,0,33310,11894,0,32408,9654,10,32350,0,0,33290,12417,1,33301,7275,22,132105,0,0;
19316014800;6671896,44904,1,8409,19138,8,34532,0,0,34452,0,0,132037,7067,49,33311,11093,0,33310,11859,0,32408,9653,11,32350,0,0,33290,12419,1,33301,7275,23,132105,0,0;
19416042000;6671996,44904,1,8410,19137,12,34532,0,0,34452,0,0,132037,7066,49,33311,11077,0,33310,11871,0,32408,9652,10,32350,0,0,33290,12417,1,33301,7272,22,132105,0,0;
19512003900;6672092,44904,1,8406,19137,7,34532,0,0,34452,0,0,132037,7066,49,33311,11051,0,33310,11858,0,32408,9650,10,32350,0,0,33290,12419,1,33301,7274,22,132105,0,0;
19613724000;6672194,44904,1,8407,19137,5,34532,0,0,34452,0,0,132037,7068,49,33311,11042,0,33310,0,0,32408,9652,11,32350,0,0,33290,12418,1,33301,7275,22,132105,0,0;
19714715500;6672295,44904,1,8415,19139,15,34532,0,0,34452,0,0,132037,7067,49,33311,11065,0,33310,11841,0,32408,9656,11,32350,0,0,33290,12419,1,33301,7272,21,132105,0,0;
19815917900;6672396,44904,1,8411,19139,9,34532,0,0,34452,0,0,132037,7067,49,33311,11081,0,33310,11842,0,32408,9654,11,32350,0,0,33290,12417,1,33301,7275,21,132105,0,0;
19911621500;6672492,44904,1,8409,19137,9,34532,0,0,34452,0,0,132037,7067,49,33311,11072,0,33310,11837,0,32408,9652,11,32350,0,0,33290,12419,1,33301,7273,21,132105,0,0;
20013766500;6672594,44904,1,8409,19138,9,34532,0,0,34452,0,0,132037,7066,50,33311,11061,0,33310,11836,0,32408,9652,11,32350,0,0,33290,12418,1,33301,7274,21,132105,0,0;
20114335500;6672695,44904,1,8410,19138,9,34532,0,0,34452,0,0,132037,7067,50,33311,11056,0,33310,11845,0,32408,9653,11,32350,0,0,33290,12421,1,33301,7274,21,132105,0,0;
20217562700;6672798,44904,1,8409,19139,7,34532,0,0,34452,0,0,132037,7067,50,33311,11093,0,33310,11844,0,32408,9653,11,32350,0,0,33290,12418,1,33301,7276,21,132105,0,0;
20317076400;6672897,44904,1,8405,19138,3,34532,0,0,34452,0,0,132037,7067,50,33311,11134,0,33310,11845,0,32408,9651,11,32350,0,0,33290,12419,1,33301,7277,21,132105,0,0;
20411347800;6672992,44904,1,8412,19139,13,34532,0,0,34452,0,0,132037,7066,50,33311,11074,0,33310,11851,0,32408,9654,11,32350,0,0,33290,12421,1,33301,7273,21,132105,0,0;
20514647500;6673095,44904,1,8411,19141,9,34532,0,0,34452,0,0,132037,7066,49,33311,11074,0,33310,11882,0,32408,9654,11,32350,0,0,33290,12417,1,33301,7276,21,132105,0,0;
20615317700;6673196,44904,1,8408,19137,10,34532,0,0,34452,0,0,132037,7066,49,33311,11067,0,33310,11914,0,32408,9651,10,32350,0,0,33290,12418,1,33301,7273,21,132105,0,0;
20715710300;6673296,44904,1,8405,19136,6,34532,0,0,34452,0,0,132037,7067,49,33311,11063,0,33310,11910,0,32408,9650,11,32350,0,0,33290,12417,1,33301,7274,21,132105,0,0;
20817704100;6673397,44904,1,8408,19136,6,34532,0,0,34452,0,0,132037,7068,49,33311,11101,0,33310,11957,0,32408,9652,11,32350,0,0,33290,12418,1,33301,7274,21,132105,0,0;
20917703800;6673498,44904,1,8403,19135,6,34532,0,0,34452,0,0,132037,7066,48,33311,11089,0,33310,11969,0,32408,9648,11,32350,0,0,33290,12416,1,33301,7273,21,132105,0,0;
21013294200;6673594,44904,1,8414,19140,14,34532,0,0,34452,0,0,132037,7066,48,33311,11104,0,33310,12119,0,32408,9655,11,32350,0,0,33290,12418,1,33301,7273,21,132105,0,0;
21117413200;6673698,44904,1,8410,19138,9,34532,0,0,34452,0,0,132037,7067,49,33311,11062,0,33310,12177,0,32408,9653,11,32350,0,0,33290,12418,1,33301,7274,21,132105,0,0;
21215880800;6673796,44904,1,8406,19134,6,34532,0,0,34452,0,0,132037,7068,49,33311,11040,0,33310,12226,0,32408,9650,11,32350,0,0,33290,12417,1,33301,7272,21,132105,0,0;
21316169900;6673897,44904,1,8408,19138,7,34532,0,0,34452,0,0,132037,7067,49,33311,11034,0,33310,12395,0,32408,9652,11,32350,0,0,33290,12415,1,33301,7275,22,132105,0,0;
21411164100;6673992,44904,1,8406,19137,6,34532,0,0,34452,0,0,132037,7067,49,33311,11038,0,33310,12143,0,32408,9651,11,32350,0,0,33290,12416,1,33301,7275,22,132105,0,0;
21513474300;6674094,44904,1,8405,19136,4,34532,0,0,34452,0,0,132037,7067,48,33311,11046,0,33310,12186,0,32408,9650,10,32350,0,0,33290,12418,1,33301,7275,21,132105,0,0;
21614989000;6674195,44904,1,8411,19137,11,34532,0,0,34452,0,0,132037,7067,49,33311,11028,0,33310,0,0,32408,9653,10,32350,0,0,33290,12420,1,33301,7272,22,132105,0,0;
21715773000;6674296,44904,1,8412,19138,12,34532,0,0,34452,0,0,132037,7067,49,33311,11025,0,33310,12181,0,32408,9654,10,32350,0,0,33290,12418,1,33301,7272,22,132105,0,0;
21810928200;6674392,44904,1,8407,19137,5,34532,0,0,34452,0,0,132037,7068,49,33311,11021,0,33310,11924,0,32408,9652,10,32350,0,0,33290,12417,1,33301,7275,22,132105,0,0;
21913169800;6674494,44904,1,8405,19136,6,34532,0,0,34452,0,0,132037,7067,48,33311,11025,0,33310,11876,0,32408,9650,10,32350,0,0,33290,12418,1,33301,7274,21,132105,0,0;
22014324000;6674595,44904,1,8408,19136,7,34532,0,0,34452,0,0,132037,7068,49,33311,10999,0,33310,11854,0,32408,9652,10,32350,0,0,33290,12416,1,33301,7273,21,132105,0,0;
22115463200;6674696,44904,1,8404,19137,3,34532,0,0,34452,0,0,132037,7067,49,33311,11020,0,33310,11846,0,32408,9650,10,32350,0,0,33290,12418,1,33301,7276,21,132105,0,0;
22210862200;6674791,44904,1,8415,19140,14,34532,0,0,34452,0,0,132037,7067,49,33311,11009,0,33310,11843,0,32408,9656,10,32350,0,0,33290,12420,1,33301,7273,21,132105,0,0;
22313256100;6674894,44904,1,8403,19136,2,34532,0,0,34452,0,0,132037,7067,49,33311,11010,0,33310,0,0,32408,9649,10,32350,0,0,33290,12420,1,33301,7276,20,132105,0,0;
22414922200;6674995,44904,1,8407,19136,8,34532,0,0,34452,0,0,132037,7067,49,33311,11009,0,33310,11865,0,32408,9651,10,32350,0,0,33290,12419,1,33301,7273,20,132105,0,0;
22516772500;6675097,44904,1,8408,19138,7,34532,0,0,34452,0,0,132037,7067,48,33311,11003,0,33310,11847,0,32408,9652,10,32350,0,0,33290,12420,1,33301,7275,20,132105,0,0;
22616840500;6675196,44904,1,8411,19140,9,34532,0,0,34452,0,0,132037,7067,48,33311,11003,0,33310,0,0,32408,9655,10,32350,0,0,33290,12419,1,33301,7276,20,132105,0,0;
22711672600;6675292,44904,1,8413,19137,14,34532,0,0,34452,0,0,132037,7067,48,33311,10998,0,33310,11882,0,32408,9654,9,32350,0,0,33290,12419,1,33301,7271,20,132105,0,0;
22816238300;6675397,44904,1,8412,19138,11,34532,0,0,34452,0,0,132037,7067,48,33311,11012,0,33310,11867,0,32408,9654,9,32350,0,0,33290,12419,1,33301,7273,20,132105,0,0;
22913640700;6675494,44904,1,8409,19137,7,34532,0,0,34452,0,0,132037,7068,47,33311,11020,0,33310,11889,0,32408,9653,9,32350,0,0,33290,12418,1,33301,7274,20,132105,0,0;
23015203700;6675596,44904,1,8412,19137,11,34532,0,0,34452,0,0,132037,7068,47,33311,11015,0,33310,11855,0,32408,9654,10,32350,0,0,33290,12415,1,33301,7272,20,132105,0,0;
23110981200;6675691,44904,1,8409,19138,9,34532,0,0,34452,0,0,132037,7066,47,33311,11011,0,33310,11876,0,32408,9652,10,32350,0,0,33290,12418,1,33301,7274,20,132105,0,0;
23213799600;6675795,44904,1,8414,19141,11,34532,0,0,34452,0,0,132037,7067,48,33311,11009,0,33310,0,0,32408,9656,10,32350,0,0,33290,12417,1,33301,7275,21,132105,0,0;
23313395400;6675894,44904,1,8412,19140,10,34532,0,0,34452,0,0,132037,7067,47,33311,11000,0,33310,11857,0,32408,9655,10,32350,0,0,33290,12416,1,33301,7275,21,132105,0,0;
23413376900;6675994,44904,1,8408,19135,10,34532,0,0,34452,0,0,132037,7067,48,33311,11016,0,33310,11858,0,32408,9651,10,32350,0,0,33290,12418,1,33301,7271,22,132105,0,0;
23514414900;6676095,44904,1,8417,19142,15,34532,0,0,34452,0,0,132037,7067,48,33311,11017,0,33310,11876,0,32408,9658,9,32350,0,0,33290,12418,1,33301,7274,21,132105,0,0;
23615597000;6676196,44904,1,8413,19138,12,34532,0,0,34452,0,0,132037,7068,49,33311,11018,0,33310,11860,0,32408,9655,9,32350,0,0,33290,12416,1,33301,7272,21,132105,0,0;
23709786400;6676291,44904,1,8409,19137,7,34532,0,0,34452,0,0,132037,7068,49,33311,11029,0,33310,11877,0,32408,9653,10,32350,0,0,33290,12417,1,33301,7274,21,132105,0,0;
23813836100;6676395,44904,1,8413,19138,12,34532,0,0,34452,0,0,132037,7068,48,33311,11026,0,33310,11889,0,32408,9655,9,32350,0,0,33290,12417,1,33301,7272,21,132105,0,0;
23913792300;6676495,44904,1,8412,19140,10,34532,0,0,34452,0,0,132037,7067,49,33311,11023,0,33310,11916,0,32408,9655,10,32350,0,0,33290,12418,1,33301,7275,21,132105,0,0;
24014005600;6676595,44904,1,8408,19138,5,34532,0,0,34452,0,0,132037,7068,49,33311,11027,0,33310,11867,0,32408,9653,10,32350,0,0,33290,12415,1,33301,7276,21,132105,0,0;
24110579700;6676691,44904,1,8409,19138,8,34532,0,0,34452,0,0,132037,7067,49,33311,11018,0,33310,0,0,32408,9653,10,32350,0,0,33290,12415,1,33301,7275,21,132105,0,0;
24212771300;6676793,44904,1,8411,19139,9,34532,0,0,34452,0,0,132037,7067,48,33311,11028,0,33310,0,0,32408,9654,10,32350,0,0,33290,12417,1,33301,7275,21,132105,0,0;
24313442000;6676894,44904,1,8409,19137,7,34532,0,0,34452,0,0,132037,7068,47,33311,11027,0,33310,11888,0,32408,9653,10,32350,0,0,33290,12416,1,33301,7274,20,132105,0,0;
24413930300;6676995,44904,1,8411,19137,10,34532,0,0,34452,0,0,132037,7068,47,33311,11033,0,33310,11867,0,32408,9654,10,32350,0,0,33290,12419,1,33301,7273,20,132105,0,0;
24511104800;6677092,44904,1,8412,19140,10,34532,0,0,34452,0,0,132037,7067,47,33311,11046,0,33310,11872,0,32408,9655,10,32350,0,0,33290,12418,1,33301,7275,21,132105,0,0;
24612751000;6677194,44904,1,8409,19138,5,34532,0,0,34452,0,0,132037,7069,48,33311,11048,0,33310,11872,0,32408,9654,10,32350,0,0,33290,0,0,33301,7276,21,132105,0,0;
24713606300;6677295,44904,1,8409,19135,10,34532,0,0,34452,0,0,132037,7068,48,33311,11078,0,33310,11875,0,32408,9652,10,32350,0,0,33290,12418,1,33301,7271,20,132105,0,0;
24814249300;6677395,44904,1,8414,19138,15,34532,0,0,34452,0,0,132037,7067,48,33311,11099,0,33310,11866,0,32408,9655,11,32350,0,0,33290,12417,1,33301,7271,21,132105,0,0;
24910028500;6677491,44904,1,8408,19136,7,34532,0,0,34452,0,0,132037,7068,48,33311,11126,0,33310,11862,0,32408,9652,11,32350,0,0,33290,12418,1,33301,7273,20,132105,0,0;
25012791800;6677593,44904,1,8410,19138,9,34532,0,0,34452,0,0,132037,7067,48,33311,11092,0,33310,0,0,32408,9653,11,32350,0,0,33290,12418,1,33301,7274,20,132105,0,0;
25113597600;6677695,44904,1,8410,19138,9,34532,0,0,34452,0,0,132037,7067,48,33311,11068,0,33310,11845,0,32408,9653,11,32350,0,0,33290,12416,1,33301,7274,21,132105,0,0;
25214924500;6677796,44904,1,8412,19140,10,34532,0,0,34452,0,0,132037,7067,48,33311,11050,0,33310,11923,0,32408,9655,11,32350,0,0,33290,12417,1,33301,7275,20,132105,0,0;
25311036600;6677892,44904,1,8411,19139,12,34532,0,0,34452,0,0,132037,7066,47,33311,11025,0,33310,12033,0,32408,9653,11,32350,0,0,33290,12417,1,33301,7273,22,132105,0,0;
25413120500;6677994,44904,1,8410,19138,10,34532,0,0,34452,0,0,132037,7067,47,33311,11034,0,33310,11862,0,32408,9653,11,32350,0,0,33290,12415,1,33301,7273,22,132105,0,0;
25513592500;6678095,44904,1,8413,19138,12,34532,0,0,34452,0,0,132037,7068,47,33311,11050,0,33310,11854,0,32408,9655,10,32350,0,0,33290,12416,1,33301,7272,20,132105,0,0;
25614479600;6678196,44904,1,8417,19141,16,34532,0,0,34452,0,0,132037,7066,47,33311,11024,0,33310,0,0,32408,9657,11,32350,0,0,33290,12417,1,33301,7273,21,132105,0,0;
25715435500;6678296,44904,1,8413,19140,10,34532,0,0,34452,0,0,132037,7068,48,33311,11024,0,33310,0,0,32408,9656,11,32350,0,0,33290,12417,1,33301,7275,23,132105,0,0;
25810805900;6678392,44904,1,8410,19136,10,34532,0,0,34452,0,0,132037,7068,48,33311,11028,0,33310,11915,0,32408,9653,12,32350,0,0,33290,12415,1,33301,7272,21,132105,0,0;
25914646200;6678496,44904,1,8411,19138,9,34532,0,0,34452,0,0,132037,7068,49,33311,11027,0,33310,0,0,32408,9654,11,32350,0,0,33290,12416,1,33301,7274,20,132105,0,0;
26014152400;6678595,44904,1,8409,19138,8,34532,0,0,34452,0,0,132037,7067,49,33311,11052,0,33310,11888,0,32408,9653,11,32350,0,0,33290,12416,1,33301,7275,20,132105,0,0;
26114410100;6678696,44904,1,8416,19139,14,34532,0,0,34452,0,0,132037,7068,49,33311,11063,0,33310,0,0,32408,9657,10,32350,0,0,33290,12417,1,33301,7272,20,132105,0,0;
26215868800;6678797,44904,1,8414,19141,11,34532,0,0,34452,0,0,132037,7067,49,33311,11043,0,33310,0,0,32408,9656,11,32350,0,0,33290,12421,1,33301,7275,21,132105,0,0;
26311051900;6678892,44904,1,8408,19136,6,34532,0,0,34452,0,0,132037,7068,49,33311,11048,0,33310,12681,0,32408,9652,10,32350,0,0,33290,12417,1,33301,7274,22,132105,0,0;
26412451500;6678994,44904,1,8416,19142,15,34532,0,0,34452,0,0,132037,7066,49,33311,11062,0,33310,11854,0,32408,9657,10,32350,0,0,33290,12416,1,33301,7274,21,132105,0,0;
26514120700;6679095,44904,1,8417,19140,14,34532,0,0,34452,0,0,132037,7068,48,33311,11057,0,33310,11875,0,32408,9658,10,32350,0,0,33290,12419,1,33301,7273,20,132105,0,0;
26613853200;6679195,44904,1,8414,19139,15,34532,0,0,34452,0,0,132037,7066,49,33311,11035,0,33310,11860,0,32408,9655,10,32350,0,0,33290,12418,1,33301,7272,20,132105,0,0;
26709603000;6679291,44904,1,8412,19138,11,34532,0,0,34452,0,0,132037,7067,48,33311,11030,0,33310,11871,0,32408,9654,10,32350,0,0,33290,12420,1,33301,7273,20,132105,0,0;
26812207800;6679393,44904,1,8414,19140,12,34532,0,0,34452,0,0,132037,7067,48,33311,11026,0,33310,11868,0,32408,9656,11,32350,0,0,33290,12417,1,33301,7274,21,132105,0,0;
26913115600;6679494,44904,1,8415,19138,16,34532,0,0,34452,0,0,132037,7067,48,33311,11020,0,33310,11857,0,32408,9655,11,32350,0,0,33290,12420,1,33301,7270,21,132105,0,0;
27013741700;6679595,44904,1,8409,19139,6,34532,0,0,34452,0,0,132037,7068,49,33311,11027,0,33310,0,0,32408,9654,11,32350,0,0,33290,12421,1,33301,7276,21,132105,0,0;
27109090600;6679690,44904,1,8413,19138,12,34532,0,0,34452,0,0,132037,7068,49,33311,11018,0,33310,11854,0,32408,9655,10,32350,0,0,33290,12420,1,33301,7272,21,132105,0,0;
27214476900;6679795,44904,1,8411,19139,9,34532,0,0,34452,0,0,132037,7067,49,33311,11012,0,33310,0,0,32408,9654,11,32350,0,0,33290,0,0,33301,7275,22,132105,0,0;
27312969800;6679894,44904,1,8409,19137,7,34532,0,0,34452,0,0,132037,7068,49,33311,11023,0,33310,0,0,32408,9653,10,32350,0,0,33290,12418,1,33301,7274,22,132105,0,0;
27413799300;6679995,44904,1,8412,19138,12,34532,0,0,34452,0,0,132037,7067,49,33311,11011,0,33310,0,0,32408,9654,10,32350,0,0,33290,12420,1,33301,7272,21,132105,0,0;
27508732000;6680091,44904,1,8413,19139,12,34532,0,0,34452,0,0,132037,7067,49,33311,11024,0,33310,11877,0,32408,9655,10,32350,0,0,33290,12420,1,33301,7273,21,132105,0,0;
27612712200;6680194,44904,1,8412,19136,14,34532,0,0,34452,0,0,132037,7067,49,33311,11019,0,33310,11870,0,32408,9653,10,32350,0,0,33290,12418,1,33301,7270,21,132105,0,0;
27713309800;6680295,44904,1,8412,19138,14,34532,0,0,34452,0,0,132037,7066,49,33311,11010,0,33310,0,0,32408,9653,11,32350,0,0,33290,12418,1,33301,7271,21,132105,0,0;
27816637400;6680397,44904,1,8411,19136,11,34532,0,0,34452,0,0,132037,7068,49,33311,11019,0,33310,11852,0,32408,9653,11,32350,0,0,33290,12419,1,33301,7271,21,132105,0,0;
27908909400;6680491,44904,1,8411,19139,10,34532,0,0,34452,0,0,132037,7067,49,33311,11016,0,33310,0,0,32408,9654,11,32350,0,0,33290,12419,1,33301,7274,22,132105,0,0;
28012107000;6680593,44904,1,8413,19139,14,34532,0,0,34452,0,0,132037,7066,48,33311,11016,0,33310,11851,0,32408,9654,10,32350,0,0,33290,12418,1,33301,7272,22,132105,0,0;
28112820300;6680694,44904,1,8410,19138,9,34532,0,0,34452,0,0,132037,7067,48,33311,11025,0,33310,0,0,32408,9653,11,32350,0,0,33290,12420,1,33301,7274,22,132105,0,0;
28214734300;6680796,44904,1,8411,19137,11,34532,0,0,34452,0,0,132037,7067,49,33311,11035,0,33310,11852,0,32408,9653,11,32350,0,0,33290,12421,1,33301,7272,22,132105,0,0;
28308814700;6680890,44904,1,8411,19138,9,34532,0,0,34452,0,0,132037,7068,49,33311,11033,0,33310,11859,0,32408,9654,10,32350,0,0,33290,12418,1,33301,7274,22,132105,0,0;
28411200700;6680993,44904,1,8410,19138,9,34532,0,0,34452,0,0,132037,7067,50,33311,11026,0,33310,11868,0,32408,9653,10,32350,0,0,33290,12417,1,33301,7274,22,132105,0,0;
28512495400;6681094,44904,1,8412,19138,12,34532,0,0,34452,0,0,132037,7067,50,33311,11019,0,33310,11862,0,32408,9654,11,32350,0,0,33290,12417,1,33301,7272,22,132105,0,0;
28613680000;6681195,44904,1,8412,19138,12,34532,0,0,34452,0,0,132037,7067,50,33311,11025,0,33310,0,0,32408,9654,10,32350,0,0,33290,12416,1,33301,7272,21,132105,0,0;
28714015100;6681295,44904,1,8409,19137,9,34532,0,0,34452,0,0,132037,7067,49,33311,11025,0,33310,11841,0,32408,9652,11,32350,0,0,33290,12419,1,33301,7273,21,132105,0,0;
28910922000;6681493,44904,1,8412,19138,12,34532,0,0,34452,0,0,132037,7067,49,33311,11027,0,33310,0,0,32408,9654,11,32350,0,0,33290,12417,1,33301,7272,20,132105,0,0;
29012958600;6681595,44904,1,8413,19139,11,34532,0,0,34452,0,0,132037,7067,48,33311,11020,0,33310,11849,0,32408,9655,10,32350,0,0,33290,12416,1,33301,7274,22,132105,0,0;
29112724400;6681694,44904,1,8416,19137,17,34532,0,0,34452,0,0,132037,7068,48,33311,11024,0,33310,0,0,32408,9656,11,32350,0,0,33290,12420,1,33301,7269,21,132105,0,0;
29214339100;6681796,44904,1,8413,19140,13,34532,0,0,34452,0,0,132037,7066,48,33311,11044,0,33310,12316,0,32408,9655,10,32350,0,0,33290,12417,1,33301,7274,23,132105,0,0;
29309435500;6681891,44904,1,8409,19134,8,34532,0,0,34452,0,0,132037,7069,48,33311,11040,0,33310,11832,1,32408,9652,10,32350,0,0,33290,12417,1,33301,7271,20,132105,0,0;
29411428000;6681993,44904,1,8414,19138,14,34532,0,0,34452,0,0,132037,7067,48,33311,11051,0,33310,12898,0,32408,9655,10,32350,0,0,33290,12413,1,33301,7272,20,132105,0,0;
29512577500;6682094,44904,1,8410,19136,10,34532,0,0,34452,0,0,132037,7068,48,33311,11037,0,33310,11890,0,32408,9653,10,32350,0,0,33290,12416,1,33301,7272,21,132105,0,0;
29613376800;6682195,44904,1,8406,19136,5,34532,0,0,34452,0,0,132037,7068,48,33311,11032,0,33310,11855,0,32408,9651,11,32350,0,0,33290,12415,1,33301,7274,22,132105,0,0;
29712838500;6682295,44904,1,8414,19138,14,34532,0,0,34452,0,0,132037,7067,48,33311,11026,0,33310,11837,1,32408,9655,11,32350,0,0,33290,12415,1,33301,7272,21,132105,0,0;
29809899700;6682391,44904,1,8410,19137,9,34532,0,0,34452,0,0,132037,7068,48,33311,11024,0,33310,12213,0,32408,9653,11,32350,0,0,33290,12415,1,33301,7273,22,132105,0,0;
29911572600;6682493,44904,1,8407,19137,7,34532,0,0,34452,0,0,132037,7067,48,33311,11031,0,33310,12862,0,32408,9651,11,32350,0,0,33290,12416,1,33301,7274,22,132105,0,0;
30012575300;6682594,44904,1,8414,19137,13,34532,0,0,34452,0,0,132037,7068,48,33311,11068,0,33310,11839,0,32408,9655,11,32350,0,0,33290,12415,1,33301,7271,20,132105,0,0;
30112545300;6682694,44904,1,8413,19138,11,34532,0,0,34452,0,0,132037,7068,48,33311,11041,0,33310,0,0,32408,9655,10,32350,0,0,33290,12415,1,33301,7273,22,132105,0,0;
30207938200;6682790,44904,1,8415,19138,13,34532,0,0,34452,0,0,132037,7068,49,33311,11053,0,33310,11827,0,32408,9656,10,32350,0,0,33290,12415,1,33301,7272,21,132105,0,0;
30311401800;6682893,44904,1,8408,19137,8,34532,0,0,34452,0,0,132037,7067,48,33311,11034,0,33310,11827,1,32408,9652,10,32350,0,0,33290,12416,1,33301,7274,21,132105,0,0;
30411606600;6682993,44904,1,8407,19137,5,34532,0,0,34452,0,0,132037,7068,49,33311,11037,0,33310,11823,0,32408,9652,10,32350,0,0,33290,12415,1,33301,7275,21,132105,0,0;
30512688400;6683094,44904,1,8406,19136,4,34532,0,0,34452,0,0,132037,7068,48,33311,11035,0,33310,11919,0,32408,9651,10,32350,0,0,33290,12415,1,33301,7275,21,132105,0,0;
30607833100;6683190,44904,1,8411,19137,10,34532,0,0,34452,0,0,132037,7068,49,33311,11038,0,33310,12906,0,32408,9654,10,32350,0,0,33290,12415,1,33301,7273,20,132105,0,0;
30712516900;6683294,44904,1,8412,19140,10,34532,0,0,34452,0,0,132037,7067,48,33311,11033,0,33310,11834,1,32408,9655,10,32350,0,0,33290,12416,1,33301,7275,22,132105,0,0;
30811728600;6683394,44904,1,8409,19136,10,34532,0,0,34452,0,0,132037,7067,49,33311,11043,0,33310,12067,0,32408,9652,10,32350,0,0,33290,12416,1,33301,7272,21,132105,0,0;
30914071600;6683496,44904,1,8413,19139,12,34532,0,0,34452,0,0,132037,7067,49,33311,11030,0,33310,11867,0,32408,9655,10,32350,0,0,33290,12416,1,33301,7273,22,132105,0,0;
