912636000;7255238,44904,1,8240,17354,66,34532,0,0,34452,0,0,132037,8055,37,33311,9837,2,33310,0,0,32408,9447,13,32350,0,0,33290,10785,6,33301,5797,63,132105,0,0;
1007459200;7255332,44904,1,8241,17355,67,34532,0,0,34452,0,0,132037,8055,37,33311,9837,2,33310,0,0,32408,9448,13,32350,0,0,33290,10787,6,33301,5797,63,132105,0,0;
1109173700;7255434,44904,1,8241,17355,65,34532,0,0,34452,0,0,132037,8055,37,33311,9839,2,33310,0,0,32408,9448,13,32350,0,0,33290,10787,6,33301,5798,63,132105,0,0;
1210381400;7255535,44904,1,8245,17358,68,34532,0,0,34452,0,0,132037,8054,36,33311,9838,1,33310,0,0,32408,9450,13,32350,0,0,33290,10785,6,33301,5798,62,132105,0,0;
1311997900;7255636,44904,1,8243,17355,67,34532,0,0,34452,0,0,132037,8055,37,33311,9837,2,33310,0,0,32408,9449,14,32350,0,0,33290,10785,6,33301,5797,64,132105,0,0;
1407094000;7255732,44904,1,8240,17354,66,34532,0,0,34452,0,0,132037,8055,37,33311,9839,2,33310,0,0,32408,9447,13,32350,0,0,33290,10785,7,33301,5797,63,132105,0,0;
1509739200;7255835,44904,1,8245,17357,68,34532,0,0,34452,0,0,132037,8055,37,33311,9836,2,33310,0,0,32408,9451,13,32350,0,0,33290,10785,7,33301,5798,61,132105,0,0;
1610941000;7255936,44904,1,8241,17353,66,34532,0,0,34452,0,0,132037,8056,38,33311,9838,2,33310,0,0,32408,9448,13,32350,0,0,33290,10784,7,33301,5796,60,132105,0,0;
1710400400;7256035,44904,1,8242,17356,68,34532,0,0,34452,0,0,132037,8054,38,33311,9838,2,33310,0,0,32408,9448,13,32350,0,0,33290,10787,7,33301,5797,59,132105,0,0;
1806000400;7256131,44904,1,8245,17357,69,34532,6284,0,34452,0,0,132037,8054,38,33311,9839,2,33310,0,0,32408,9450,13,32350,0,0,33290,10789,7,33301,5797,59,132105,0,0;
1908794100;7256234,44904,1,8242,17354,68,34532,0,0,34452,0,0,132037,8055,38,33311,9837,2,33310,0,0,32408,9448,13,32350,0,0,33290,10788,7,33301,5796,59,132105,0,0;
2010403700;7256335,44904,1,8239,17353,66,34532,0,0,34452,0,0,132037,8055,38,33311,9837,2,33310,0,0,32408,9446,13,32350,0,0,33290,10785,7,33301,5796,60,132105,0,0;
2110921800;7256436,44904,1,8238,17354,64,34532,0,0,34452,0,0,132037,8055,38,33311,9838,2,33310,0,0,32408,9446,13,32350,0,0,33290,10786,7,33301,5798,61,132105,0,0;
2206694400;7256532,44904,1,8238,17354,66,34532,0,0,34452,0,0,132037,8054,38,33311,9837,1,33310,0,0,32408,9445,13,32350,0,0,33290,10786,7,33301,5797,63,132105,0,0;
2310308100;7256635,44904,1,8240,17354,67,34532,0,0,34452,0,0,132037,8055,38,33311,9839,2,33310,0,0,32408,9447,13,32350,0,0,33290,10784,7,33301,5796,63,132105,0,0;
2409662400;7256734,44904,1,8211,17342,54,34532,0,0,34452,0,0,132037,8053,37,33311,9838,2,33310,0,2,32408,0,0,32350,0,0,33290,10785,7,33301,5797,63,132105,0,0;
2511495500;7256836,44904,1,8241,17353,66,34532,6263,0,34452,0,0,132037,8056,38,33311,9837,2,33310,10066,2,32408,9448,13,32350,0,0,33290,10791,7,33301,5796,64,132105,0,0;
2612425800;7256937,44904,1,8244,17358,70,34532,0,0,34452,0,0,132037,8053,37,33311,9839,2,33310,10064,2,32408,9449,13,32350,0,0,33290,10784,7,33301,5797,64,132105,0,0;
2708441900;7257032,44904,1,8240,17354,67,34532,0,0,34452,0,0,132037,8054,37,33311,9838,1,33310,10063,2,32408,9446,13,32350,0,0,33290,10786,7,33301,5796,64,132105,0,0;
2809632400;7257134,44904,1,8243,17355,67,34532,0,0,34452,0,0,132037,8055,37,33311,9839,1,33310,0,0,32408,9449,12,32350,0,0,33290,10786,6,33301,5797,63,132105,0,0;
2909841400;7257236,44904,1,8241,17355,67,34532,0,0,34452,0,0,132037,8055,37,33311,9837,2,33310,10063,2,32408,9448,12,32350,0,0,33290,10786,6,33301,5797,63,132105,0,0;
3012682500;7257338,44904,1,8236,17352,63,34532,0,0,34452,0,0,132037,8056,36,33311,9838,2,33310,10064,2,32408,9445,12,32350,0,0,33290,10785,7,33301,5797,62,132105,0,0;
3106170200;7257431,44904,1,8241,17353,66,34532,0,0,34452,0,0,132037,8056,36,33311,9838,1,33310,0,0,32408,9448,13,32350,0,0,33290,10785,7,33301,5796,63,132105,0,0;
3208345100;7257533,44904,1,8242,17354,68,34532,0,0,34452,0,0,132037,8055,36,33311,9837,1,33310,0,0,32408,9448,13,32350,0,0,33290,10786,6,33301,5796,63,132105,0,0;
3308648700;7257634,44904,1,8297,17308,207,34532,0,0,34452,0,0,132037,8057,36,33311,9837,2,33310,0,0,32408,9450,13,32350,0,0,33290,10785,6,33301,0,0,132105,0,0;
3410742100;7257736,44904,1,8240,17354,66,34532,0,0,34452,0,0,132037,8055,36,33311,9837,1,33310,0,0,32408,9447,13,32350,0,0,33290,10787,6,33301,5797,61,132105,0,0;
3511199100;7257837,44904,1,8243,17357,69,34532,0,0,34452,0,0,132037,8053,35,33311,9836,2,33310,0,0,32408,9448,13,32350,0,0,33290,10783,6,33301,5797,60,132105,0,0;
3605548300;7257931,44904,1,8239,17353,65,34532,0,0,34452,0,0,132037,8055,35,33311,9838,2,33310,0,0,32408,9446,13,32350,0,0,33290,10786,6,33301,5797,61,132105,0,0;
3709758700;7258035,44904,1,8240,17353,66,34532,0,0,34452,0,0,132037,8056,35,33311,9838,2,33310,0,0,32408,9447,13,32350,0,0,33290,10786,6,33301,5796,59,132105,0,0;
3810409900;7258136,44904,1,8240,17353,64,34532,0,0,34452,0,0,132037,8057,35,33311,9837,2,33310,0,0,32408,9448,13,32350,0,0,33290,10788,7,33301,5797,59,132105,0,0;
3910528600;7258236,44904,1,8240,17354,67,34532,0,0,34452,0,0,132037,8055,34,33311,9835,2,33310,0,0,32408,9447,13,32350,0,0,33290,10787,7,33301,5796,60,132105,0,0;
4010460000;7258336,44904,1,8243,17357,66,34532,0,0,34452,0,0,132037,8055,34,33311,9837,2,33310,0,0,32408,9450,13,32350,0,0,33290,10788,7,33301,5799,61,132105,0,0;
4107335800;7258433,44904,1,8237,17353,64,34532,0,0,34452,0,0,132037,8055,35,33311,9838,2,33310,0,0,32408,9445,13,32350,0,0,33290,10784,7,33301,5797,61,132105,0,0;
4209513000;7258534,44904,1,8240,17354,67,34532,0,0,34452,0,0,132037,8055,35,33311,9837,2,33310,0,0,32408,9447,13,32350,0,0,33290,10786,7,33301,5796,61,132105,0,0;
4308847600;7258635,44904,1,8239,17354,66,34532,0,0,34452,0,0,132037,8054,35,33311,9838,2,33310,0,0,32408,9446,12,32350,0,0,33290,10785,6,33301,5797,62,132105,0,0;
4411439800;7258737,44904,1,8296,17311,207,34532,0,0,34452,0,0,132037,8054,35,33311,9838,2,33310,0,0,32408,9449,12,32350,0,0,33290,10787,6,33301,0,0,132105,0,0;
4518414000;7258844,44904,1,8241,17353,68,34532,0,0,34452,0,0,132037,8055,36,33311,9837,2,33310,0,0,32408,9447,13,32350,0,0,33290,10788,6,33301,5795,62,132105,0,0;
4607318400;7258933,44904,1,8240,17354,67,34532,0,0,34452,0,0,132037,8055,36,33311,9836,2,33310,0,0,32408,9447,13,32350,0,0,33290,10785,6,33301,5796,63,132105,0,0;
4709659000;7259035,44904,1,8241,17354,65,34532,0,0,34452,0,0,132037,8056,37,33311,9835,2,33310,0,0,32408,9448,13,32350,0,0,33290,10786,6,33301,5797,63,132105,0,0;
4810247800;7259135,44904,1,8241,17354,65,34532,0,0,34452,0,0,132037,8056,37,33311,9836,2,33310,0,0,32408,9448,13,32350,0,0,33290,10789,7,33301,5797,64,132105,0,0;
4906212400;7259231,44904,1,8238,17352,64,34532,0,0,34452,0,0,132037,8056,37,33311,9836,2,33310,0,0,32408,9446,13,32350,0,0,33290,10787,6,33301,5797,63,132105,0,0;
5007771500;7259334,44904,1,8242,17356,67,34532,0,0,34452,0,0,132037,8054,37,33311,9836,2,33310,0,0,32408,9448,13,32350,0,0,33290,10785,6,33301,5798,63,132105,0,0;
5110124800;7259436,44904,1,8241,17355,67,34532,0,0,34452,0,0,132037,8054,37,33311,9835,2,33310,0,0,32408,9447,13,32350,0,0,33290,10784,6,33301,5797,63,132105,0,0;
5210081700;7259536,44904,1,8241,17355,65,34532,0,0,34452,0,0,132037,8055,37,33311,9836,2,33310,0,0,32408,9448,13,32350,0,0,33290,10784,7,33301,5798,63,132105,0,0;
5305281600;7259631,44904,1,8286,17314,190,34532,0,0,34452,0,0,132037,8054,37,33311,9837,2,33310,0,0,32408,9446,13,32350,0,0,33290,10786,6,33301,0,0,132105,0,0;
5409678200;7259735,44904,1,8243,17355,68,34532,0,0,34452,0,0,132037,8055,37,33311,9834,2,33310,0,0,32408,9449,13,32350,0,0,33290,10785,6,33301,5796,61,132105,0,0;
5508778100;7259834,44904,1,8244,17358,69,34532,0,0,34452,0,0,132037,8053,37,33311,9838,2,33310,0,0,32408,9449,13,32350,0,0,33290,10785,6,33301,5798,61,132105,0,0;
5609859800;7259936,44904,1,8242,17356,66,34532,0,0,34452,0,0,132037,8055,37,33311,9836,2,33310,0,0,32408,9449,13,32350,0,0,33290,10786,6,33301,5798,62,132105,0,0;
5710642700;7260037,44904,1,8248,17357,69,34532,0,0,34452,0,0,132037,8056,37,33311,9836,2,33310,0,0,32408,9453,13,32350,0,0,33290,10785,6,33301,5797,62,132105,0,0;
5807524300;7260133,44904,1,8244,17357,69,34532,0,0,34452,0,0,132037,8054,37,33311,9838,2,33310,0,0,32408,9449,13,32350,0,0,33290,10786,6,33301,5797,61,132105,0,0;
5907525400;7260234,44904,1,8240,17355,69,34532,0,0,34452,0,0,132037,8053,37,33311,9837,2,33310,0,0,32408,9446,13,32350,0,0,33290,10785,7,33301,5796,61,132105,0,0;
6008506800;7260335,44904,1,8245,17358,68,34532,0,0,34452,0,0,132037,8054,38,33311,9838,2,33310,0,0,32408,9450,13,32350,0,0,33290,10789,7,33301,5798,62,132105,0,0;
6110211100;7260436,44904,1,8243,17355,67,34532,0,0,34452,0,0,132037,8055,38,33311,9838,2,33310,0,0,32408,9449,13,32350,0,0,33290,10788,7,33301,5797,62,132105,0,0;
6205945200;7260532,44904,1,8239,17353,66,34532,0,0,34452,0,0,132037,8055,38,33311,9839,2,33310,0,0,32408,9446,13,32350,0,0,33290,10786,7,33301,5796,61,132105,0,0;
6307666800;7260633,44904,1,8243,17355,67,34532,0,0,34452,0,0,132037,8055,38,33311,9838,2,33310,0,0,32408,9449,13,32350,0,0,33290,10786,7,33301,5797,62,132105,0,0;
6410392800;7260736,44904,1,8241,17356,68,34532,0,0,34452,0,0,132037,8053,38,33311,9838,2,33310,0,0,32408,9447,14,32350,0,0,33290,10785,7,33301,5797,62,132105,0,0;
6508582800;7260834,44904,1,8242,17356,68,34532,0,0,34452,0,0,132037,8054,38,33311,9839,2,33310,0,0,32408,9448,14,32350,0,0,33290,10784,7,33301,5797,62,132105,0,0;
6609987500;7260936,44904,1,8290,17312,198,34532,0,0,34452,0,0,132037,8054,38,33311,9837,2,33310,0,0,32408,9447,14,32350,0,0,33290,10784,7,33301,0,0,132105,0,0;
6705988200;7261032,44904,1,8244,17356,68,34532,0,0,34452,0,0,132037,8055,38,33311,9836,2,33310,0,0,32408,9450,13,32350,0,0,33290,10783,7,33301,5797,62,132105,0,0;
6807354800;7261133,44904,1,8239,17353,65,34532,0,0,34452,0,0,132037,8055,37,33311,9839,2,33310,0,0,32408,9446,14,32350,0,0,33290,10786,7,33301,5797,62,132105,0,0;
6908710700;7261234,44904,1,8241,17356,68,34532,0,0,34452,0,0,132037,8053,37,33311,9839,2,33310,0,0,32408,9447,14,32350,0,0,33290,10784,7,33301,5797,61,132105,0,0;
7009576900;7261335,44904,1,8240,17354,67,34532,0,0,34452,0,0,132037,8055,37,33311,9838,2,33310,0,0,32408,9447,14,32350,0,0,33290,10786,7,33301,5796,61,132105,0,0;
7105686400;7261432,44904,1,8210,17340,51,34532,0,0,34452,0,0,132037,8055,36,33311,9837,2,33310,0,2,32408,0,0,32350,0,0,33290,10786,7,33301,5797,60,132105,0,0;
7206827900;7261533,44904,1,8245,17356,69,34532,0,0,34452,0,0,132037,8055,36,33311,9837,2,33310,10066,2,32408,9450,14,32350,0,0,33290,10785,7,33301,5796,60,132105,0,0;
7308320600;7261634,44904,1,8240,17354,67,34532,0,0,34452,0,0,132037,8054,35,33311,9839,2,33310,0,0,32408,9446,14,32350,0,0,33290,10786,6,33301,5796,60,132105,0,0;
7409443300;7261735,44904,1,8242,17354,69,34532,0,0,34452,0,0,132037,8055,36,33311,9838,2,33310,10063,2,32408,9448,13,32350,0,0,33290,10785,6,33301,5795,61,132105,0,0;
7504782600;7261831,44904,1,8245,17357,69,34532,0,0,34452,0,0,132037,8054,35,33311,9836,2,33310,10064,2,32408,9450,13,32350,0,0,33290,10786,6,33301,5797,62,132105,0,0;
7607188600;7261933,44904,1,8241,17355,68,34532,0,0,34452,0,0,132037,8054,35,33311,9837,2,33310,10062,2,32408,9447,13,32350,0,0,33290,10785,6,33301,5796,62,132105,0,0;
7708905900;7262035,44904,1,8243,17355,68,34532,0,0,34452,0,0,132037,8055,35,33311,9837,2,33310,10062,2,32408,9449,14,32350,0,0,33290,10785,6,33301,5796,62,132105,0,0;
7810235300;7262136,44904,1,8246,17357,69,34532,0,0,34452,0,0,132037,8055,36,33311,9839,2,33310,10064,2,32408,9451,13,32350,0,0,33290,10788,6,33301,5797,62,132105,0,0;
7904641900;7262231,44904,1,8244,17356,70,34532,0,0,34452,0,0,132037,8054,35,33311,9837,2,33310,10065,2,32408,9449,13,32350,0,0,33290,10785,6,33301,5796,61,132105,0,0;
8007578800;7262334,44904,1,8242,17354,68,34532,0,0,34452,0,0,132037,8055,36,33311,9837,2,33310,10062,2,32408,9448,14,32350,0,0,33290,10789,6,33301,5796,61,132105,0,0;
8108927000;7262435,44904,1,8240,17354,67,34532,0,0,34452,0,0,132037,8055,36,33311,9837,2,33310,10063,2,32408,9447,13,32350,0,0,33290,10788,6,33301,5796,62,132105,0,0;
8209244000;7262535,44904,1,8241,17353,66,34532,0,0,34452,0,0,132037,8056,36,33311,9838,2,33310,10061,2,32408,9448,14,32350,0,0,33290,10787,6,33301,5796,62,132105,0,0;
8310104000;7262636,44904,1,8245,17357,69,34532,0,0,34452,0,0,132037,8054,36,33311,9838,2,33310,10058,2,32408,9450,14,32350,0,0,33290,10786,6,33301,5797,62,132105,0,0;
8405651700;7262731,44904,1,8242,17354,68,34532,0,0,34452,0,0,132037,8055,35,33311,9836,2,33310,10062,3,32408,9448,13,32350,0,0,33290,10786,6,33301,5796,61,132105,0,0;
8507845000;7262833,44904,1,8242,17356,68,34532,0,0,34452,0,0,132037,8054,36,33311,9838,2,33310,10061,3,32408,9448,13,32350,0,0,33290,10787,6,33301,5797,61,132105,0,0;
8607872500;7262934,44904,1,8294,17311,205,34532,0,0,34452,0,0,132037,8054,35,33311,9837,2,33310,10059,3,32408,9448,13,32350,0,0,33290,10788,6,33301,0,0,132105,0,0;
8709006300;7263035,44904,1,8240,17354,67,34532,0,0,34452,0,0,132037,8054,35,33311,9837,2,33310,10062,3,32408,9446,13,32350,0,0,33290,10785,6,33301,5796,62,132105,0,0;
8806183000;7263132,44904,1,8243,17355,68,34532,0,0,34452,0,0,132037,8055,36,33311,9835,2,33310,10062,3,32408,9449,14,32350,0,0,33290,10785,6,33301,5796,63,132105,0,0;
8905577100;7263232,44904,1,8245,17357,69,34532,0,0,34452,0,0,132037,8054,36,33311,9837,2,33310,10062,3,32408,9450,14,32350,0,0,33290,10785,6,33301,5797,64,132105,0,0;
9008207200;7263334,44904,1,8238,17353,67,34532,0,0,34452,0,0,132037,8054,36,33311,9836,2,33310,10061,3,32408,9445,14,32350,0,0,33290,10785,6,33301,5796,63,132105,0,0;
9110063300;7263436,44904,1,8240,17354,67,34532,0,0,34452,0,0,132037,8055,36,33311,9837,2,33310,10062,2,32408,9447,13,32350,0,0,33290,10787,6,33301,5796,62,132105,0,0;
9209074400;7263535,44904,1,8240,17354,66,34532,0,0,34452,0,0,132037,8055,35,33311,9839,2,33310,10061,3,32408,9447,13,32350,0,0,33290,10784,6,33301,5797,62,132105,0,0;
9304179900;7263631,44904,1,8239,17355,65,34532,0,0,34452,0,0,132037,8054,36,33311,9837,2,33310,10062,3,32408,9446,14,32350,0,0,33290,10784,6,33301,5798,62,132105,0,0;
9409508400;7263736,44904,1,8242,17356,68,34532,0,0,34452,0,0,132037,8054,36,33311,9836,2,33310,10062,3,32408,9448,13,32350,0,0,33290,10787,6,33301,5797,61,132105,0,0;
9507679600;7263834,44904,1,8243,17355,67,34532,0,0,34452,0,0,132037,8055,36,33311,9838,2,33310,10062,3,32408,9449,13,32350,0,0,33290,10786,6,33301,5797,60,132105,0,0;
9608340000;7263934,44904,1,8242,17355,65,34532,0,0,34452,0,0,132037,8056,36,33311,9837,2,33310,10060,3,32408,9449,13,32350,0,0,33290,10786,6,33301,5798,61,132105,0,0;
9709193800;7264035,44904,1,8243,17357,69,34532,0,0,34452,0,0,132037,8053,36,33311,9836,2,33310,0,0,32408,9448,13,32350,0,0,33290,10786,6,33301,5797,61,132105,0,0;
9804165000;7264131,44904,1,8241,17355,67,34532,0,0,34452,0,0,132037,8054,37,33311,9837,2,33310,10060,3,32408,9447,13,32350,0,0,33290,10785,6,33301,5797,62,132105,0,0;
9906815000;7264233,44904,1,8241,17355,67,34532,0,0,34452,0,0,132037,8054,36,33311,9837,2,33310,10059,3,32408,9447,13,32350,0,0,33290,10786,6,33301,5797,62,132105,0,0;
10007499100;7264334,44904,1,8239,17353,65,34532,0,0,34452,0,0,132037,8055,37,33311,9836,2,33310,10061,3,32408,9446,13,32350,0,0,33290,10785,6,33301,5797,64,132105,0,0;
10109947200;7264436,44904,1,8242,17356,68,34532,0,0,34452,0,0,132037,8054,36,33311,9838,2,33310,10060,3,32408,9448,13,32350,0,0,33290,10785,6,33301,5797,64,132105,0,0;
10209489400;7264536,44904,1,8243,17355,67,34532,0,0,34452,0,0,132037,8055,37,33311,9838,2,33310,10062,3,32408,9449,13,32350,0,0,33290,10785,6,33301,5797,64,132105,0,0;
10304947000;7264631,44904,1,8244,17356,68,34532,0,0,34452,0,0,132037,8055,37,33311,9836,2,33310,0,0,32408,9450,13,32350,0,0,33290,10788,6,33301,5797,63,132105,0,0;
10407660900;7264734,44904,1,8238,17352,64,34532,0,0,34452,0,0,132037,8056,37,33311,9837,2,33310,0,0,32408,9446,13,32350,0,0,33290,10783,6,33301,5797,63,132105,0,0;
10508189000;7264834,44904,1,8244,17357,67,34532,0,0,34452,0,0,132037,8055,37,33311,9838,2,33310,0,0,32408,9450,13,32350,0,0,33290,10785,6,33301,5798,63,132105,0,0;
10609690400;7264935,44904,1,8242,17356,67,34532,0,0,34452,0,0,132037,8054,37,33311,9836,2,33310,0,0,32408,9448,13,32350,0,0,33290,10784,6,33301,5798,63,132105,0,0;
10703572200;7265031,44904,1,8236,17352,64,34532,0,0,34452,0,0,132037,8055,37,33311,9841,2,33310,0,0,32408,9444,13,32350,0,0,33290,10787,6,33301,5797,62,132105,0,0;
10809448900;7265135,44904,1,8240,17354,66,34532,0,0,34452,0,0,132037,8055,37,33311,9838,2,33310,0,0,32408,9447,13,32350,0,0,33290,10785,6,33301,5797,62,132105,0,0;
10907409400;7265233,44904,1,8237,17354,66,34532,0,0,34452,0,0,132037,8053,36,33311,9838,2,33310,0,0,32408,9444,13,32350,0,0,33290,10788,6,33301,5797,62,132105,0,0;
11008949200;7265335,44904,1,8241,17355,65,34532,0,0,34452,0,0,132037,8055,36,33311,9841,2,33310,0,0,32408,9448,13,32350,0,0,33290,10786,6,33301,5798,62,132105,0,0;
11103470100;7265431,44904,1,8240,17354,65,34532,0,0,34452,0,0,132037,8055,36,33311,9838,2,33310,0,0,32408,9447,13,32350,0,0,33290,10787,6,33301,5798,62,132105,0,0;
11207416700;7265534,44904,1,8244,17356,70,34532,0,0,34452,0,0,132037,8054,36,33311,9838,2,33310,0,0,32408,9449,13,32350,0,0,33290,10787,6,33301,5796,62,132105,0,0;
11307663900;7265634,44904,1,8242,17356,67,34532,0,0,34452,0,0,132037,8054,36,33311,9839,2,33310,0,0,32408,9448,14,32350,0,0,33290,10786,6,33301,5798,62,132105,0,0;
11407887100;7265735,44904,1,8241,17355,67,34532,0,0,34452,0,0,132037,8054,36,33311,9839,2,33310,0,0,32408,9447,13,32350,0,0,33290,10786,6,33301,5797,62,132105,0,0;
11504115200;7265831,44904,1,8239,17353,66,34532,0,0,34452,0,0,132037,8055,36,33311,9838,2,33310,0,0,32408,9446,13,32350,0,0,33290,10786,6,33301,5796,63,132105,0,0;
11604956200;7265932,44904,1,8241,17355,67,34532,0,0,34452,0,0,132037,8054,36,33311,9839,2,33310,0,0,32408,9447,13,32350,0,0,33290,10785,6,33301,5797,62,132105,0,0;
11706802000;7266033,44904,1,8241,17355,68,34532,0,0,34452,0,0,132037,8054,36,33311,9839,2,33310,0,0,32408,9447,13,32350,0,0,33290,10785,6,33301,5796,62,132105,0,0;
11807996700;7266134,44904,1,8239,17353,65,34532,0,0,34452,0,0,132037,8055,35,33311,9838,2,33310,0,0,32408,9446,13,32350,0,0,33290,10787,6,33301,5797,62,132105,0,0;
11908534300;7266235,44904,1,8241,17355,67,34532,0,0,34452,0,0,132037,8055,35,33311,9839,2,33310,0,0,32408,9448,13,32350,0,0,33290,10784,6,33301,5797,62,132105,0,0;
12004261900;7266331,44904,1,8244,17356,68,34532,0,0,34452,0,0,132037,8055,36,33311,9837,2,33310,0,0,32408,9450,13,32350,0,0,33290,10787,6,33301,5797,62,132105,0,0;
12106362300;7266433,44904,1,8240,17354,66,34532,0,0,34452,0,0,132037,8055,35,33311,9839,2,33310,0,0,32408,9447,13,32350,0,0,33290,10787,6,33301,5797,62,132105,0,0;
12208749100;7266535,44904,1,8243,17357,69,34532,0,0,34452,0,0,132037,8053,35,33311,9836,2,33310,0,0,32408,9448,13,32350,0,0,33290,10785,6,33301,5797,62,132105,0,0;
12307518600;7266634,44904,1,8235,17351,62,34532,0,0,34452,0,0,132037,8056,35,33311,9841,2,33310,0,0,32408,9444,13,32350,0,0,33290,10787,6,33301,5797,61,132105,0,0;
12408389200;7266735,44904,1,8241,17355,67,34532,0,0,34452,0,0,132037,8055,35,33311,9837,2,33310,0,0,32408,9448,13,32350,0,0,33290,10785,7,33301,5797,61,132105,0,0;
12504598800;7266831,44904,1,8245,17357,69,34532,0,0,34452,0,0,132037,8054,35,33311,9838,2,33310,0,0,32408,9450,13,32350,0,0,33290,10785,6,33301,5797,62,132105,0,0;
12606470800;7266933,44904,1,8241,17355,68,34532,0,0,34452,0,0,132037,8054,35,33311,9837,2,33310,0,0,32408,9447,13,32350,0,0,33290,10785,6,33301,5796,61,132105,0,0;
12706748700;7267033,44904,1,8244,17357,69,34532,0,0,34452,0,0,132037,8054,35,33311,9841,2,33310,0,0,32408,9449,13,32350,0,0,33290,10785,6,33301,5797,62,132105,0,0;
12808052200;7267135,44904,1,8243,17357,67,34532,0,0,34452,0,0,132037,8054,35,33311,9839,2,33310,0,0,32408,9449,13,32350,0,0,33290,10784,6,33301,5798,62,132105,0,0;
12909301000;7267236,44904,1,8246,17358,69,34532,0,0,34452,0,0,132037,8054,35,33311,9839,2,33310,0,0,32408,9451,13,32350,0,0,33290,10785,6,33301,5798,63,132105,0,0;
13004752500;7267331,44904,1,8246,17357,69,34532,0,0,34452,0,0,132037,8055,35,33311,9837,2,33310,0,0,32408,9451,13,32350,0,0,33290,10785,6,33301,5797,63,132105,0,0;
13106557500;7267433,44904,1,8239,17355,65,34532,0,0,34452,0,0,132037,8054,35,33311,9836,2,33310,0,0,32408,9446,13,32350,0,0,33290,10789,6,33301,5798,63,132105,0,0;
13208633500;7267535,44904,1,8243,17357,69,34532,0,0,34452,0,0,132037,8053,34,33311,9838,2,33310,0,0,32408,9448,13,32350,0,0,33290,10785,6,33301,5797,62,132105,0,0;
13308167600;7267635,44904,1,8241,17355,67,34532,0,0,34452,0,0,132037,8055,34,33311,9838,1,33310,0,0,32408,9448,13,32350,0,0,33290,10788,6,33301,5797,62,132105,0,0;
13403541700;7267730,44904,1,8243,17357,67,34532,0,0,34452,0,0,132037,8054,34,33311,9841,2,33310,0,0,32408,9449,13,32350,0,0,33290,10785,6,33301,5798,63,132105,0,0;
13507583900;7267834,44904,1,8241,17355,67,34532,0,0,34452,0,0,132037,8055,35,33311,9839,2,33310,0,0,32408,9448,13,32350,0,0,33290,10787,6,33301,5797,63,132105,0,0;
13607012800;7267934,44904,1,8241,17355,67,34532,0,0,34452,0,0,132037,8054,34,33311,9838,1,33310,0,0,32408,9447,13,32350,0,0,33290,10784,6,33301,5797,63,132105,0,0;
13707652800;7268034,44904,1,8240,17354,65,34532,0,0,34452,0,0,132037,8055,34,33311,9839,2,33310,0,0,32408,9447,12,32350,0,0,33290,10785,6,33301,5798,62,132105,0,0;
13808997600;7268136,44904,1,8243,17355,67,34532,0,0,34452,0,0,132037,8055,34,33311,9837,2,33310,0,0,32408,9449,12,32350,0,0,33290,10784,6,33301,5797,62,132105,0,0;
13908574700;7268236,44904,1,8241,17355,67,34532,0,0,34452,0,0,132037,8055,34,33311,9836,2,33310,0,0,32408,9448,12,32350,0,0,33290,10787,6,33301,5797,62,132105,0,0;
14004581400;7268331,44904,1,8241,17356,68,34532,0,0,34452,0,0,132037,8053,34,33311,9838,1,33310,0,0,32408,9447,12,32350,0,0,33290,10784,6,33301,5797,63,132105,0,0;
14106936200;7268434,44904,1,8211,17341,53,34532,0,0,34452,0,0,132037,8054,34,33311,9838,2,33310,0,0,32408,0,0,32350,0,0,33290,10787,6,33301,5797,62,132105,0,0;
14208798200;7268536,44904,1,8238,17354,64,34532,0,0,34452,0,0,132037,8055,34,33311,9839,1,33310,10065,2,32408,9446,12,32350,0,0,33290,10784,6,33301,5798,64,132105,0,0;
14302768900;7268630,44904,1,8246,17358,71,34532,0,0,34452,0,0,132037,8053,34,33311,9839,1,33310,10066,2,32408,9450,12,32350,0,0,33290,10787,6,33301,5797,62,132105,0,0;
14404792300;7268732,44904,1,8240,17354,66,34532,0,0,34452,0,0,132037,8055,35,33311,9839,1,33310,10064,2,32408,9447,13,32350,0,0,33290,10784,6,33301,5797,63,132105,0,0;
14505906900;7268833,44904,1,8241,17355,65,34532,0,0,34452,0,0,132037,8055,34,33311,9836,2,33310,10062,2,32408,9448,13,32350,0,0,33290,10785,6,33301,5798,63,132105,0,0;
14606312800;7268933,44904,1,8242,17356,68,34532,0,0,34452,0,0,132037,8054,35,33311,9841,2,33310,10063,2,32408,9448,13,32350,0,0,33290,10785,6,33301,5797,63,132105,0,0;
14708083300;7269035,44904,1,8236,17352,64,34532,0,0,34452,0,0,132037,8055,35,33311,9838,2,33310,10062,2,32408,9444,13,32350,0,0,33290,10785,6,33301,5797,63,132105,0,0;
14803395900;7269130,44904,1,8240,17354,65,34532,0,0,34452,0,0,132037,8055,35,33311,9841,1,33310,10062,2,32408,9447,13,32350,0,0,33290,10784,7,33301,5798,64,132105,0,0;
14906588300;7269233,44904,1,8238,17353,67,34532,0,0,34452,0,0,132037,8054,34,33311,9839,1,33310,10061,2,32408,9445,12,32350,0,0,33290,10786,7,33301,5796,63,132105,0,0;
15006036200;7269333,44904,1,8244,17357,67,34532,0,0,34452,0,0,132037,8055,35,33311,9841,1,33310,10064,2,32408,9450,13,32350,0,0,33290,10787,7,33301,5798,64,132105,0,0;
15107911400;7269435,44904,1,8240,17354,66,34532,0,0,34452,0,0,132037,8055,35,33311,9838,1,33310,10063,2,32408,9447,13,32350,0,0,33290,10786,7,33301,5797,64,132105,0,0;
15207771600;7269534,44904,1,8240,17353,64,34532,0,0,34452,0,0,132037,8057,35,33311,9839,1,33310,10062,2,32408,9448,13,32350,0,0,33290,10785,6,33301,5797,64,132105,0,0;
15302855800;7269630,44904,1,8241,17355,67,34532,0,0,34452,0,0,132037,8054,35,33311,9838,2,33310,10063,3,32408,9447,13,32350,0,0,33290,10786,6,33301,5797,64,132105,0,0;
15405835400;7269732,44904,1,8240,17354,66,34532,0,0,34452,0,0,132037,8055,35,33311,9838,1,33310,10062,3,32408,9447,12,32350,0,0,33290,10787,7,33301,5797,64,132105,0,0;
15506024300;7269833,44904,1,8241,17355,67,34532,0,0,34452,0,0,132037,8054,35,33311,9837,2,33310,10062,2,32408,9447,12,32350,0,0,33290,10784,7,33301,5797,63,132105,0,0;
15606973600;7269934,44904,1,8241,17355,67,34532,0,0,34452,0,0,132037,8055,35,33311,9837,2,33310,10063,2,32408,9448,12,32350,0,0,33290,10789,7,33301,5797,63,132105,0,0;
15702860000;7270030,44904,1,8242,17356,67,34532,0,0,34452,0,0,132037,8054,35,33311,9839,2,33310,10063,2,32408,9448,12,32350,0,0,33290,10785,7,33301,5798,63,132105,0,0;
15807389000;7270135,44904,1,8242,17356,68,34532,0,0,34452,0,0,132037,8054,35,33311,9837,2,33310,10062,2,32408,9448,12,32350,0,0,33290,10783,7,33301,5797,62,132105,0,0;
15905545400;7270233,44904,1,8241,17355,67,34532,0,0,34452,0,0,132037,8054,35,33311,9836,2,33310,10062,3,32408,9447,12,32350,0,0,33290,10786,7,33301,5797,63,132105,0,0;
16006739900;7270334,44904,1,8242,17356,66,34532,0,0,34452,0,0,132037,8055,35,33311,9839,2,33310,10062,3,32408,9449,12,32350,0,0,33290,10783,6,33301,5798,63,132105,0,0;
16102882100;7270430,44904,1,8240,17356,68,34532,0,0,34452,0,0,132037,8053,35,33311,9835,2,33310,10063,3,32408,9446,12,32350,0,0,33290,10782,7,33301,5797,62,132105,0,0;
16205201800;7270532,44904,1,8245,17357,69,34532,0,0,34452,0,0,132037,8054,35,33311,9839,2,33310,10060,2,32408,9450,12,32350,0,0,33290,10788,6,33301,5797,62,132105,0,0;
16306868000;7270634,44904,1,8242,17356,68,34532,0,0,34452,0,0,132037,8054,35,33311,9835,2,33310,10062,3,32408,9448,13,32350,0,0,33290,10787,7,33301,5797,62,132105,0,0;
16407379800;7270734,44904,1,8242,17354,68,34532,0,0,34452,0,0,132037,8055,36,33311,9837,2,33310,0,0,32408,9448,13,32350,0,0,33290,10783,7,33301,5796,61,132105,0,0;
16503585300;7270831,44904,1,8241,17355,65,34532,0,0,34452,0,0,132037,8055,35,33311,9837,2,33310,10062,2,32408,9448,13,32350,0,0,33290,10784,7,33301,5798,61,132105,0,0;
16606110700;7270933,44904,1,8243,17357,69,34532,0,0,34452,0,0,132037,8053,35,33311,9836,2,33310,10061,3,32408,9448,13,32350,0,0,33290,10784,7,33301,5797,61,132105,0,0;
16706650300;7271033,44904,1,8240,17354,67,34532,0,0,34452,0,0,132037,8054,35,33311,9839,2,33310,10062,2,32408,9446,13,32350,0,0,33290,10784,7,33301,5796,60,132105,0,0;
16806793400;7271134,44904,1,8241,17355,67,34532,0,0,34452,0,0,132037,8055,35,33311,9837,2,33310,0,0,32408,9448,13,32350,0,0,33290,10787,7,33301,5797,61,132105,0,0;
16902776300;7271230,44904,1,8246,17358,70,34532,0,0,34452,0,0,132037,8054,35,33311,9841,2,33310,10063,2,32408,9451,13,32350,0,0,33290,10789,7,33301,5797,63,132105,0,0;
17005118100;7271332,44904,1,8244,17355,67,34532,0,0,34452,0,0,132037,8056,35,33311,9839,2,33310,10063,2,32408,9450,13,32350,0,0,33290,10787,7,33301,5797,63,132105,0,0;
17106079400;7271433,44904,1,8242,17354,68,34532,0,0,34452,0,0,132037,8055,35,33311,9837,2,33310,10064,2,32408,9448,12,32350,0,0,33290,10784,7,33301,5796,62,132105,0,0;
17207039600;7271534,44904,1,8239,17353,65,34532,0,0,34452,0,0,132037,8055,35,33311,9838,2,33310,10063,2,32408,9446,13,32350,0,0,33290,10785,7,33301,5797,63,132105,0,0;
17303686600;7271630,44904,1,8245,17356,69,34532,0,0,34452,0,0,132037,8055,35,33311,9839,2,33310,10063,2,32408,9450,13,32350,0,0,33290,10786,6,33301,5796,63,132105,0,0;
17404585500;7271732,44904,1,8241,17354,65,34532,0,0,34452,0,0,132037,8056,35,33311,9835,2,33310,10062,2,32408,9448,13,32350,0,0,33290,10788,6,33301,5797,64,132105,0,0;
17505446400;7271833,44904,1,8238,17354,64,34532,0,0,34452,0,0,132037,8055,35,33311,9837,2,33310,10062,2,32408,9446,12,32350,0,0,33290,10784,6,33301,5798,63,132105,0,0;
17607840100;7271935,44904,1,8244,17357,67,34532,0,0,34452,0,0,132037,8055,36,33311,9835,2,33310,10063,2,32408,9450,13,32350,0,0,33290,10783,6,33301,5798,64,132105,0,0;
17706161900;7272033,44904,1,8243,17355,67,34532,0,0,34452,0,0,132037,8055,35,33311,9835,2,33310,0,0,32408,9449,12,32350,0,0,33290,10785,6,33301,5797,63,132105,0,0;
17803367900;7272130,44904,1,8240,17354,66,34532,0,0,34452,0,0,132037,8055,35,33311,9834,2,33310,10063,2,32408,9447,12,32350,0,0,33290,10785,6,33301,5797,63,132105,0,0;
17904767100;7272232,44904,1,8304,17305,226,34532,0,0,34452,0,0,132037,8055,36,33311,9835,2,33310,10061,2,32408,9450,13,32350,0,0,33290,10786,6,33301,0,0,132105,0,0;
18005545800;7272333,44904,1,8239,17353,65,34532,0,0,34452,0,0,132037,8055,36,33311,9837,2,33310,10063,2,32408,9446,13,32350,0,0,33290,10788,6,33301,5797,65,132105,0,0;
18105772100;7272433,44904,1,8241,17355,67,34532,0,0,34452,0,0,132037,8055,36,33311,9835,2,33310,10064,2,32408,9448,13,32350,0,0,33290,10787,6,33301,5797,65,132105,0,0;
18206584000;7272535,44904,1,8239,17355,65,34532,0,0,34452,0,0,132037,8054,36,33311,9836,2,33310,10063,2,32408,9446,13,32350,0,0,33290,10784,6,33301,5798,66,132105,0,0;
18308963000;7272636,44904,1,8242,17356,68,34532,0,0,34452,0,0,132037,8054,35,33311,9838,2,33310,10065,2,32408,9448,13,32350,0,0,33290,10783,6,33301,5797,65,132105,0,0;
18403729900;7272731,44904,1,8240,17354,66,34532,0,0,34452,0,0,132037,8055,36,33311,9835,2,33310,10064,2,32408,9447,13,32350,0,0,33290,10787,6,33301,5797,65,132105,0,0;
18505997300;7272833,44904,1,8245,17358,68,34532,0,0,34452,0,0,132037,8054,36,33311,9838,2,33310,10062,2,32408,9450,13,32350,0,0,33290,10785,6,33301,5798,65,132105,0,0;
18606030200;7272934,44904,1,8237,17351,63,34532,0,0,34452,0,0,132037,8057,36,33311,9836,2,33310,10065,2,32408,9446,13,32350,0,0,33290,10786,6,33301,5797,65,132105,0,0;
18708705200;7273036,44904,1,8239,17353,65,34532,0,0,34452,0,0,132037,8055,36,33311,9836,2,33310,10063,2,32408,9446,13,32350,0,0,33290,10784,6,33301,5797,65,132105,0,0;
18802598700;7273130,44904,1,8241,17355,67,34532,0,0,34452,0,0,132037,8055,35,33311,9838,1,33310,10066,2,32408,9448,13,32350,0,0,33290,10785,6,33301,5797,64,132105,0,0;
18905956600;7273232,44904,1,8241,17355,67,34532,0,0,34452,0,0,132037,8055,36,33311,9836,1,33310,10065,2,32408,9448,13,32350,0,0,33290,10786,6,33301,5797,64,132105,0,0;
19006263500;7273334,44904,1,8238,17352,64,34532,0,0,34452,0,0,132037,8056,36,33311,9836,2,33310,10065,2,32408,9446,13,32350,0,0,33290,10785,6,33301,5797,65,132105,0,0;
19106778000;7273433,44904,1,8245,17356,69,34532,0,0,34452,0,0,132037,8055,36,33311,9835,2,33310,10062,2,32408,9450,13,32350,0,0,33290,10785,6,33301,5796,64,132105,0,0;
19206373300;7273534,44904,1,8247,17359,70,34532,0,0,34452,0,0,132037,8053,35,33311,9837,2,33310,10064,2,32408,9451,13,32350,0,0,33290,10785,6,33301,5798,64,132105,0,0;
19306181500;7273634,44904,1,8240,17354,65,34532,0,0,34452,0,0,132037,8055,36,33311,9836,2,33310,10063,2,32408,9447,13,32350,0,0,33290,10789,6,33301,5798,64,132105,0,0;
19403207500;7273731,44904,1,8241,17355,67,34532,0,0,34452,0,0,132037,8055,36,33311,9837,2,33310,10062,2,32408,9448,13,32350,0,0,33290,10787,6,33301,5797,65,132105,0,0;
19505482900;7273833,44904,1,8240,17354,66,34532,0,0,34452,0,0,132037,8055,35,33311,9837,2,33310,10064,2,32408,9447,13,32350,0,0,33290,10786,6,33301,5797,66,132105,0,0;
19605610700;7273933,44904,1,8241,17355,67,34532,0,0,34452,0,0,132037,8054,35,33311,9838,2,33310,10063,2,32408,9447,13,32350,0,0,33290,10789,6,33301,5797,66,132105,0,0;
19705380500;7274033,44904,1,8241,17357,67,34532,0,0,34452,0,0,132037,8053,35,33311,9837,1,33310,10063,2,32408,9447,13,32350,0,0,33290,10784,6,33301,5798,66,132105,0,0;
19802828500;7274130,44904,1,8244,17356,71,34532,0,0,34452,0,0,132037,8053,35,33311,9838,2,33310,10064,2,32408,9448,13,32350,0,0,33290,10787,6,33301,5795,65,132105,0,0;
19905163100;7274233,44904,1,8240,17356,68,34532,0,0,34452,0,0,132037,8053,35,33311,9837,2,33310,10065,2,32408,9446,13,32350,0,0,33290,10784,6,33301,5797,64,132105,0,0;
20005374000;7274332,44904,1,8245,17358,68,34532,0,0,34452,0,0,132037,8054,35,33311,9837,2,33310,10063,2,32408,9450,13,32350,0,0,33290,10785,6,33301,5798,64,132105,0,0;
20107398300;7274435,44904,1,8245,17356,69,34532,0,0,34452,0,0,132037,8055,35,33311,9834,2,33310,10062,2,32408,9450,13,32350,0,0,33290,10785,6,33301,5796,63,132105,0,0;
20203662700;7274531,44904,1,8244,17358,70,34532,0,0,34452,0,0,132037,8053,35,33311,9835,2,33310,10063,2,32408,9449,13,32350,0,0,33290,10785,6,33301,5797,64,132105,0,0;
20305384300;7274633,44904,1,8242,17356,69,34532,0,0,34452,0,0,132037,8054,35,33311,9837,2,33310,10064,2,32408,9448,13,32350,0,0,33290,10787,6,33301,5796,62,132105,0,0;
20406299900;7274734,44904,1,8240,17354,64,34532,0,0,34452,0,0,132037,8056,36,33311,9839,2,33310,10062,2,32408,9448,13,32350,0,0,33290,10786,6,33301,5798,62,132105,0,0;
20505353200;7274833,44904,1,8245,17357,70,34532,0,0,34452,0,0,132037,8054,35,33311,9841,2,33310,10063,2,32408,9450,13,32350,0,0,33290,10785,6,33301,5796,64,132105,0,0;
20607257600;7274935,44904,1,8240,17354,66,34532,0,0,34452,0,0,132037,8055,36,33311,9838,2,33310,10063,2,32408,9447,13,32350,0,0,33290,10785,6,33301,5797,64,132105,0,0;
20702069200;7275030,44904,1,8241,17355,67,34532,0,0,34452,0,0,132037,8054,35,33311,9841,1,33310,10064,2,32408,9447,13,32350,0,0,33290,10786,6,33301,5797,62,132105,0,0;
20803437000;7275131,44904,1,8242,17355,65,34532,0,0,34452,0,0,132037,8056,36,33311,9837,2,33310,10063,3,32408,9449,14,32350,0,0,33290,10789,6,33301,5798,64,132105,0,0;
20905177300;7275233,44904,1,8240,17354,65,34532,0,0,34452,0,0,132037,8055,35,33311,9837,2,33310,10060,3,32408,9447,14,32350,0,0,33290,10785,6,33301,5798,63,132105,0,0;
21005423800;7275334,44904,1,8243,17355,67,34532,0,0,34452,0,0,132037,8055,35,33311,9838,2,33310,10061,3,32408,9449,14,32350,0,0,33290,10787,6,33301,5797,64,132105,0,0;
21106430800;7275434,44904,1,8294,17307,207,34532,0,0,34452,0,0,132037,8056,36,33311,9835,2,33310,10063,3,32408,9448,14,32350,0,0,33290,10786,6,33301,0,0,132105,0,0;
21207346900;7275535,44904,1,8242,17356,69,34532,0,0,34452,0,0,132037,8054,36,33311,9838,2,33310,10059,2,32408,9448,14,32350,0,0,33290,10786,6,33301,5796,63,132105,0,0;
21302657100;7275630,44904,1,8239,17353,66,34532,0,0,34452,0,0,132037,8055,35,33311,9837,2,33310,10060,2,32408,9446,14,32350,0,0,33290,10787,6,33301,5796,62,132105,0,0;
21405648500;7275734,44904,1,8241,17355,67,34532,0,0,34452,0,0,132037,8054,35,33311,9838,2,33310,10061,3,32408,9447,14,32350,0,0,33290,10783,6,33301,5797,62,132105,0,0;
21504871900;7275833,44904,1,8240,17354,65,34532,0,0,34452,0,0,132037,8055,35,33311,9837,1,33310,10062,2,32408,9447,14,32350,0,0,33290,10787,6,33301,5798,62,132105,0,0;
21606035600;7275934,44904,1,8242,17354,66,34532,0,0,34452,0,0,132037,8056,36,33311,9836,1,33310,10063,2,32408,9449,14,32350,0,0,33290,10783,6,33301,5797,62,132105,0,0;
21705128900;7276033,44904,1,8235,17351,61,34532,0,0,34452,0,0,132037,8056,35,33311,9838,2,33310,10063,2,32408,9444,14,32350,0,0,33290,10784,6,33301,5798,61,132105,0,0;
21804754500;7276133,44904,1,8239,17353,63,34532,0,0,34452,0,0,132037,8056,35,33311,9838,1,33310,10063,2,32408,9447,14,32350,0,0,33290,10789,6,33301,5798,61,132105,0,0;
21905801100;7276234,44904,1,8240,17354,67,34532,0,0,34452,0,0,132037,8055,35,33311,9839,1,33310,10062,2,32408,9447,13,32350,0,0,33290,10790,6,33301,5796,60,132105,0,0;
22001038900;7276329,44904,1,8239,17353,65,34532,0,0,34452,0,0,132037,8056,35,33311,9834,1,33310,10062,2,32408,9447,13,32350,0,0,33290,10787,6,33301,5797,61,132105,0,0;
22104995500;7276433,44904,1,8243,17357,70,34532,0,0,34452,0,0,132037,8053,35,33311,9838,1,33310,10064,2,32408,9448,13,32350,0,0,33290,10787,6,33301,5796,61,132105,0,0;
22204531900;7276533,44904,1,8239,17353,65,34532,0,0,34452,0,0,132037,8055,35,33311,9838,1,33310,10063,2,32408,9446,14,32350,0,0,33290,10784,6,33301,5797,62,132105,0,0;
22305981600;7276634,44904,1,8247,17358,71,34532,0,0,34452,0,0,132037,8054,35,33311,9837,1,33310,10062,2,32408,9451,13,32350,0,0,33290,10786,6,33301,5796,62,132105,0,0;
22401405600;7276729,44904,1,8244,17356,68,34532,0,0,34452,0,0,132037,8055,35,33311,9841,1,33310,10063,2,32408,9450,13,32350,0,0,33290,10785,6,33301,5797,64,132105,0,0;
22505241500;7276833,44904,1,8238,17354,66,34532,0,0,34452,0,0,132037,8054,35,33311,9841,1,33310,10063,2,32408,9445,13,32350,0,0,33290,10785,6,33301,5797,64,132105,0,0;
22605185100;7276933,44904,1,8290,17314,194,34532,0,0,34452,0,0,132037,8054,35,33311,9839,1,33310,10063,2,32408,9448,13,32350,0,0,33290,10784,6,33301,0,0,132105,0,0;
22707124300;7277035,44904,1,8242,17356,68,34532,0,0,34452,0,0,132037,8054,35,33311,9838,1,33310,10062,2,32408,9448,13,32350,0,0,33290,10786,6,33301,5797,63,132105,0,0;
22804357300;7277133,44904,1,8242,17356,69,34532,0,0,34452,0,0,132037,8054,35,33311,9838,1,33310,10063,2,32408,9448,13,32350,0,0,33290,10785,6,33301,5796,63,132105,0,0;
22904331600;7277233,44904,1,8239,17354,66,34532,0,0,34452,0,0,132037,8054,35,33311,9839,1,33310,10061,2,32408,9446,13,32350,0,0,33290,10788,6,33301,5797,63,132105,0,0;
23006926800;7277334,44904,1,8242,17356,68,34532,0,0,34452,0,0,132037,8054,35,33311,9841,1,33310,10062,2,32408,9448,13,32350,0,0,33290,10785,6,33301,5797,63,132105,0,0;
23101967000;7277429,44904,1,8241,17355,67,34532,0,0,34452,0,0,132037,8054,35,33311,9841,1,33310,10062,2,32408,9447,13,32350,0,0,33290,10784,7,33301,5797,64,132105,0,0;
23203194000;7277531,44904,1,8242,17356,70,34532,0,0,34452,0,0,132037,8053,35,33311,9838,1,33310,10062,2,32408,9447,13,32350,0,0,33290,10786,7,33301,5796,64,132105,0,0;
23304149300;7277633,44904,1,8240,17354,66,34532,0,0,34452,0,0,132037,8055,36,33311,9841,1,33310,10063,3,32408,9447,13,32350,0,0,33290,10786,7,33301,5797,65,132105,0,0;
23404954600;7277733,44904,1,8241,17356,68,34532,0,0,34452,0,0,132037,8053,36,33311,9839,1,33310,0,0,32408,9447,13,32350,0,0,33290,10785,7,33301,5797,65,132105,0,0;
23506148000;7277834,44904,1,8242,17356,68,34532,0,0,34452,0,0,132037,8054,36,33311,9838,1,33310,0,0,32408,9448,13,32350,0,0,33290,10786,7,33301,5797,65,132105,0,0;
23601490800;7277930,44904,1,8243,17355,67,34532,0,0,34452,0,0,132037,8055,35,33311,9841,1,33310,10063,2,32408,9449,13,32350,0,0,33290,10786,7,33301,5797,63,132105,0,0;
23703270800;7278031,44904,1,8238,17354,64,34532,0,0,34452,0,0,132037,8055,36,33311,9841,1,33310,10062,2,32408,9446,13,32350,0,0,33290,10787,7,33301,5798,63,132105,0,0;
23804058600;7278133,44904,1,8244,17356,68,34532,0,0,34452,0,0,132037,8055,35,33311,9841,1,33310,10063,2,32408,9450,13,32350,0,0,33290,10788,7,33301,5797,63,132105,0,0;
23905226800;7278233,44904,1,8244,17356,70,34532,0,0,34452,0,0,132037,8054,35,33311,9839,1,33310,10064,2,32408,9449,13,32350,0,0,33290,10787,7,33301,5796,63,132105,0,0;
24006125700;7278334,44904,1,8241,17354,65,34532,0,0,34452,0,0,132037,8056,35,33311,9841,1,33310,10062,2,32408,9448,13,32350,0,0,33290,10785,7,33301,5797,63,132105,0,0;
24101109100;7278429,44904,1,8244,17357,69,34532,0,0,34452,0,0,132037,8054,36,33311,9836,1,33310,10063,2,32408,9449,13,32350,0,0,33290,10784,7,33301,5797,64,132105,0,0;
24203509300;7278531,44904,1,8243,17357,66,34532,0,0,34452,0,0,132037,8054,35,33311,9839,1,33310,10063,2,32408,9449,12,32350,0,0,33290,10787,7,33301,5799,64,132105,0,0;
24303381100;7278632,44904,1,8243,17357,70,34532,0,0,34452,0,0,132037,8053,35,33311,9841,1,33310,10063,2,32408,9448,12,32350,0,0,33290,10787,7,33301,5796,63,132105,0,0;
24405185900;7278734,44904,1,8244,17356,70,34532,0,0,34452,0,0,132037,8054,35,33311,9839,2,33310,10064,2,32408,9449,12,32350,0,0,33290,10788,7,33301,5796,62,132105,0,0;
24506748600;7278835,44904,1,8242,17356,68,34532,0,0,34452,0,0,132037,8054,35,33311,9838,1,33310,10064,2,32408,9448,12,32350,0,0,33290,10785,7,33301,5797,63,132105,0,0;
24601105900;7278929,44904,1,8241,17357,67,34532,0,0,34452,0,0,132037,8053,35,33311,9836,1,33310,10065,2,32408,9447,12,32350,0,0,33290,10787,7,33301,5798,63,132105,0,0;
24703325800;7279032,44904,1,8241,17354,65,34532,0,0,34452,0,0,132037,8056,36,33311,9841,1,33310,10066,2,32408,9448,12,32350,0,0,33290,10785,7,33301,5797,63,132105,0,0;
24804123900;7279133,44904,1,8241,17355,67,34532,0,0,34452,0,0,132037,8055,36,33311,9838,1,33310,10065,2,32408,9448,12,32350,0,0,33290,10785,7,33301,5797,63,132105,0,0;
24904020500;7279233,44904,1,8237,17352,61,34532,0,0,34452,0,0,132037,8057,35,33311,9838,1,33310,10066,2,32408,9446,12,32350,0,0,33290,10785,7,33301,5798,62,132105,0,0;
25000990400;7279329,44904,1,8242,17356,68,34532,0,0,34452,0,0,132037,8054,35,33311,9841,2,33310,10066,2,32408,9448,12,32350,0,0,33290,10784,7,33301,5797,63,132105,0,0;
25103396000;7279432,44904,1,8243,17357,69,34532,0,0,34452,0,0,132037,8053,35,33311,9841,1,33310,10065,2,32408,9448,12,32350,0,0,33290,10787,7,33301,5797,63,132105,0,0;
25205325200;7279534,44904,1,8240,17356,66,34532,0,0,34452,0,0,132037,8054,35,33311,9841,1,33310,10064,2,32408,9447,12,32350,0,0,33290,10788,7,33301,5798,63,132105,0,0;
25305430200;7279633,44904,1,8243,17355,68,34532,0,0,34452,0,0,132037,8055,34,33311,9839,1,33310,10067,2,32408,9449,12,32350,0,0,33290,10787,7,33301,5796,62,132105,0,0;
25401080500;7279729,44904,1,8240,17354,66,34532,0,0,34452,0,0,132037,8055,34,33311,9841,1,33310,10066,2,32408,9447,12,32350,0,0,33290,10785,7,33301,5797,62,132105,0,0;
25503060400;7279831,44904,1,8243,17355,67,34532,0,0,34452,0,0,132037,8055,34,33311,9842,1,33310,10065,2,32408,9449,12,32350,0,0,33290,10785,7,33301,5797,62,132105,0,0;
25602728900;7279931,44904,1,8242,17354,68,34532,0,0,34452,0,0,132037,8055,34,33311,9841,1,33310,10064,2,32408,9448,12,32350,0,0,33290,10782,7,33301,5796,62,132105,0,0;
25704752500;7280033,44904,1,8249,17358,71,34532,0,0,34452,0,0,132037,8055,34,33311,9839,1,33310,10065,2,32408,9453,12,32350,0,0,33290,10784,7,33301,5796,62,132105,0,0;
25807468500;7280135,44904,1,8240,17354,66,34532,0,0,34452,0,0,132037,8055,34,33311,9839,1,33310,10064,2,32408,9447,13,32350,0,0,33290,10788,7,33301,5797,62,132105,0,0;
25900484100;7280229,44904,1,8240,17356,68,34532,0,0,34452,0,0,132037,8053,35,33311,9838,1,33310,0,0,32408,9446,13,32350,0,0,33290,10782,7,33301,5797,61,132105,0,0;
26002580600;7280331,44904,1,8243,17355,68,34532,0,0,34452,0,0,132037,8055,35,33311,9841,1,33310,0,0,32408,9449,13,32350,0,0,33290,10788,7,33301,5796,62,132105,0,0;
26103325300;7280432,44904,1,8244,17356,68,34532,0,0,34452,0,0,132037,8055,35,33311,9841,1,33310,0,0,32408,9450,13,32350,0,0,33290,10789,7,33301,5797,62,132105,0,0;
26204138000;7280533,44904,1,8242,17356,68,34532,0,0,34452,0,0,132037,8054,35,33311,9844,1,33310,0,0,32408,9448,13,32350,0,0,33290,10788,7,33301,5797,62,132105,0,0;
26304484600;7280633,44904,1,8239,17354,66,34532,0,0,34452,0,0,132037,8054,35,33311,9841,1,33310,0,0,32408,9446,13,32350,0,0,33290,10787,7,33301,5797,62,132105,0,0;
26405920100;7280735,44904,1,8245,17359,69,34532,0,0,34452,0,0,132037,8053,35,33311,9841,1,33310,0,0,32408,9450,13,32350,0,0,33290,10787,7,33301,5798,63,132105,0,0;
26501543100;7280830,44904,1,8236,17352,65,34532,0,0,34452,0,0,132037,8055,35,33311,9839,1,33310,0,0,32408,9444,13,32350,0,0,33290,0,0,33301,5796,62,132105,0,0;
26604851100;7280933,44904,1,8241,17355,67,34532,0,0,34452,0,0,132037,8055,35,33311,9841,1,33310,0,0,32408,9448,13,32350,0,0,33290,10785,7,33301,5797,62,132105,0,0;
26704449700;7281033,44904,1,8242,17356,70,34532,0,0,34452,0,0,132037,8053,35,33311,9843,1,33310,0,0,32408,9447,13,32350,0,0,33290,10787,7,33301,5796,62,132105,0,0;
26799342600;7281128,44904,1,8239,17355,65,34532,0,0,34452,0,0,132037,8054,35,33311,9843,1,33310,0,0,32408,9446,13,32350,0,0,33290,10786,7,33301,5798,62,132105,0,0;
26902970900;7281231,44904,1,8278,17321,170,34532,0,0,34452,0,0,132037,8054,35,33311,9842,1,33310,0,0,32408,9446,13,32350,0,0,33290,10791,7,33301,0,0,132105,0,0;
27002520400;7281332,44904,1,8240,17354,67,34532,0,0,34452,0,0,132037,8055,35,33311,9841,1,33310,0,0,32408,9447,13,32350,0,0,33290,10783,7,33301,5796,61,132105,0,0;
27103712000;7281433,44904,1,8241,17355,67,34532,0,0,34452,0,0,132037,8055,35,33311,9839,1,33310,0,0,32408,9448,13,32350,0,0,33290,10787,7,33301,5797,62,132105,0,0;
27200868300;7281529,44904,1,8245,17357,69,34532,0,0,34452,0,0,132037,8054,36,33311,9841,1,33310,0,0,32408,9450,13,32350,0,0,33290,10786,7,33301,5797,64,132105,0,0;
27302474500;7281632,44904,1,8241,17355,67,34532,0,0,34452,0,0,132037,8055,35,33311,9841,1,33310,0,0,32408,9448,13,32350,0,0,33290,10786,7,33301,5797,64,132105,0,0;
27403919700;7281733,44904,1,8243,17355,67,34532,0,0,34452,0,0,132037,8055,36,33311,9839,1,33310,0,0,32408,9449,13,32350,0,0,33290,10787,7,33301,5797,64,132105,0,0;
27503882900;7281833,44904,1,8237,17352,65,34532,0,0,34452,0,0,132037,8055,36,33311,9839,1,33310,0,0,32408,9445,13,32350,0,0,33290,10790,7,33301,5796,63,132105,0,0;
27599339800;7281928,44904,1,8242,17356,68,34532,0,0,34452,0,0,132037,8054,36,33311,9841,1,33310,0,0,32408,9448,13,32350,0,0,33290,10785,7,33301,5797,63,132105,0,0;
27702956400;7282032,44904,1,8244,17356,68,34532,0,0,34452,0,0,132037,8055,36,33311,9841,1,33310,0,0,32408,9450,13,32350,0,0,33290,10785,7,33301,5797,62,132105,0,0;
27803014700;7282132,44904,1,8240,17354,66,34532,0,0,34452,0,0,132037,8055,36,33311,9841,1,33310,0,0,32408,9447,13,32350,0,0,33290,10787,7,33301,5797,63,132105,0,0;
27904527400;7282233,44904,1,8239,17353,65,34532,0,0,34452,0,0,132037,8055,36,33311,9839,1,33310,0,0,32408,9446,13,32350,0,0,33290,10783,7,33301,5797,63,132105,0,0;
28001213300;7282329,44904,1,8241,17355,67,34532,0,0,34452,0,0,132037,8054,36,33311,9838,1,33310,0,0,32408,9447,13,32350,0,0,33290,10787,7,33301,5797,63,132105,0,0;
28103068000;7282432,44904,1,8244,17356,70,34532,0,0,34452,0,0,132037,8054,36,33311,9838,1,33310,0,0,32408,9449,13,32350,0,0,33290,10788,7,33301,5796,63,132105,0,0;
28203493000;7282532,44904,1,8240,17354,66,34532,0,0,34452,0,0,132037,8055,36,33311,9839,1,33310,0,0,32408,9447,13,32350,0,0,33290,10785,7,33301,5797,63,132105,0,0;
28305217000;7282634,44904,1,8242,17356,68,34532,0,0,34452,0,0,132037,8054,35,33311,9841,1,33310,0,0,32408,9448,13,32350,0,0,33290,10787,7,33301,5797,62,132105,0,0;
28400703100;7282729,44904,1,8240,17354,67,34532,0,0,34452,0,0,132037,8055,35,33311,9841,1,33310,0,0,32408,9447,13,32350,0,0,33290,10783,7,33301,5796,62,132105,0,0;
28502142000;7282831,44904,1,8244,17358,70,34532,0,0,34452,0,0,132037,8053,35,33311,9842,1,33310,0,0,32408,9449,13,32350,0,0,33290,10787,7,33301,5797,62,132105,0,0;
28601747800;7282931,44904,1,8242,17356,68,34532,0,0,34452,0,0,132037,8054,36,33311,9838,1,33310,0,0,32408,9448,13,32350,0,0,33290,10787,7,33301,5797,62,132105,0,0;
28703601900;7283033,44904,1,8243,17355,68,34532,0,0,34452,0,0,132037,8055,36,33311,9839,1,33310,0,0,32408,9449,13,32350,0,0,33290,10786,7,33301,5796,62,132105,0,0;
28804563100;7283133,44904,1,8294,17311,205,34532,0,0,34452,0,0,132037,8054,35,33311,9837,1,33310,0,0,32408,9448,13,32350,0,0,33290,10787,7,33301,0,0,132105,0,0;
28900080800;7283229,44904,1,8241,17355,67,34532,0,0,34452,0,0,132037,8055,36,33311,9837,1,33310,0,0,32408,9448,13,32350,0,0,33290,10784,7,33301,5797,62,132105,0,0;
29001856200;7283331,44904,1,8240,17354,67,34532,0,0,34452,0,0,132037,8054,35,33311,9838,1,33310,0,0,32408,9446,13,32350,0,0,33290,10787,7,33301,5796,62,132105,0,0;
29104831400;7283434,44904,1,8241,17355,67,34532,0,0,34452,0,0,132037,8055,35,33311,9838,1,33310,0,0,32408,9448,13,32350,0,0,33290,10785,7,33301,5797,62,132105,0,0;
29203315600;7283532,44904,1,8246,17358,71,34532,0,0,34452,0,0,132037,8053,35,33311,9841,1,33310,0,0,32408,9450,13,32350,0,0,33290,10788,7,33301,5797,62,132105,0,0;
29299256800;7283628,44904,1,8244,17358,69,34532,0,0,34452,0,0,132037,8053,35,33311,9838,1,33310,0,0,32408,9449,13,32350,0,0,33290,10784,7,33301,5798,61,132105,0,0;
29402368800;7283732,44904,1,8244,17356,70,34532,0,0,34452,0,0,132037,8054,34,33311,9838,1,33310,0,0,32408,9449,13,32350,0,0,33290,10785,7,33301,5796,60,132105,0,0;
29502692500;7283832,44904,1,8242,17357,68,34532,0,0,34452,0,0,132037,8053,34,33311,9838,1,33310,0,0,32408,9448,13,32350,0,0,33290,10785,7,33301,5798,60,132105,0,0;
29604284600;7283933,44904,1,8240,17354,66,34532,0,0,34452,0,0,132037,8055,34,33311,9838,1,33310,0,0,32408,9447,13,32350,0,0,33290,10787,7,33301,5797,59,132105,0,0;
29704690500;7284033,44904,1,8211,17340,52,34532,0,0,34452,0,0,132037,8055,34,33311,9838,1,33310,0,2,32408,0,0,32350,0,0,33290,10786,7,33301,5797,59,132105,0,0;
29806880900;7284135,44904,1,8242,17354,68,34532,0,0,34452,0,0,132037,8055,34,33311,9836,1,33310,10063,2,32408,9448,14,32350,0,0,33290,10787,7,33301,5796,60,132105,0,0;
29900930800;7284230,44904,1,8240,17354,66,34532,0,0,34452,0,0,132037,8055,35,33311,9837,1,33310,10063,3,32408,9447,14,32350,0,0,33290,10785,7,33301,5797,60,132105,0,0;
30002539600;7284332,44904,1,8242,17356,68,34532,0,0,34452,0,0,132037,8054,34,33311,9839,1,33310,10064,2,32408,9448,14,32350,0,0,33290,10785,7,33301,5797,60,132105,0,0;
30104436800;7284433,44904,1,8244,17356,70,34532,0,0,34452,0,0,132037,8054,35,33311,9837,1,33310,0,0,32408,9449,14,32350,0,0,33290,10785,7,33301,5796,62,132105,0,0;
30204324300;7284533,44904,1,8240,17355,69,34532,0,0,34452,0,0,132037,8053,35,33311,9837,1,33310,10063,3,32408,9446,15,32350,0,0,33290,10790,7,33301,5796,62,132105,0,0;
30300723400;7284629,44904,1,8237,17353,66,34532,0,0,34452,0,0,132037,8054,35,33311,9838,1,33310,10061,3,32408,9444,15,32350,0,0,33290,10783,7,33301,5796,62,132105,0,0;
30403432900;7284732,44904,1,8242,17356,71,34532,0,0,34452,0,0,132037,8053,34,33311,9838,1,33310,10062,3,32408,9447,15,32350,0,0,33290,10786,7,33301,5795,62,132105,0,0;
30503229600;7284832,44904,1,8244,17357,69,34532,0,0,34452,0,0,132037,8054,35,33311,9838,1,33310,10063,3,32408,9449,15,32350,0,0,33290,10785,6,33301,5797,61,132105,0,0;
30604802900;7284934,44904,1,8244,17357,69,34532,0,0,34452,0,0,132037,8054,35,33311,9837,1,33310,10062,3,32408,9449,15,32350,0,0,33290,10785,6,33301,5797,61,132105,0,0;
30699631800;7285029,44904,1,8243,17357,69,34532,0,0,34452,0,0,132037,8053,34,33311,9842,1,33310,10062,2,32408,9448,15,32350,0,0,33290,10785,6,33301,5797,60,132105,0,0;
30800965400;7285131,44904,1,8241,17355,67,34532,0,0,34452,0,0,132037,8055,34,33311,9841,1,33310,10062,2,32408,9448,14,32350,0,0,33290,10786,6,33301,5797,61,132105,0,0;
