942821800;6986563,44904,1,7169,14587,83,34532,8049,2,34452,0,0,132037,9753,7,33311,8038,10,33310,7564,18,32408,9140,5,32350,7414,0,33290,8051,25,33301,4285,254,132105,0,0;
1044193700;6986664,44904,1,7168,14590,84,34532,8051,2,34452,0,0,132037,9750,7,33311,8037,10,33310,7562,18,32408,9142,5,32350,7459,0,33290,8051,25,33301,4286,252,132105,0,0;
1139581900;6986760,44904,1,7169,14591,84,34532,8048,2,34452,0,0,132037,9749,7,33311,8038,10,33310,7564,18,32408,9141,5,32350,7456,0,33290,8052,25,33301,4286,252,132105,0,0;
1241183500;6986861,44904,1,7165,14591,85,34532,8051,2,34452,0,0,132037,9747,7,33311,8034,10,33310,7565,17,32408,9144,6,32350,7473,0,33290,8050,25,33301,4286,251,132105,0,0;
1342187600;6986963,44904,1,7168,14585,82,34532,8047,2,34452,0,0,132037,9755,7,33311,8037,10,33310,7564,17,32408,9143,6,32350,7419,0,33290,8050,25,33301,4285,252,132105,0,0;
1442733800;6987063,44904,1,7167,14588,86,34532,8048,2,34452,0,0,132037,9750,7,33311,8035,10,33310,7565,18,32408,9141,6,32350,7422,0,33290,8051,25,33301,4284,250,132105,0,0;
1541085100;6987161,44904,1,7168,14590,85,34532,8050,2,34452,0,0,132037,9750,7,33311,8037,10,33310,7566,17,32408,9144,6,32350,7432,0,33290,8051,26,33301,4285,251,132105,0,0;
1641168700;6987262,44904,1,7168,14590,84,34532,8048,2,34452,0,0,132037,9750,7,33311,8037,10,33310,7562,18,32408,9140,5,32350,7472,0,33290,8050,26,33301,4286,252,132105,0,0;
1743232000;6987363,44904,1,7169,14588,83,34532,8050,2,34452,0,0,132037,9752,7,33311,8038,10,33310,7563,17,32408,9139,6,32350,0,0,33290,8051,25,33301,4286,251,132105,0,0;
1844513700;6987465,44904,1,7168,14588,84,34532,8046,2,34452,0,0,132037,9752,7,33311,8037,10,33310,7563,18,32408,9142,6,32350,7507,0,33290,8049,25,33301,4285,252,132105,0,0;
1942228200;6987562,44904,1,7169,14588,83,34532,8048,2,34452,0,0,132037,9752,7,33311,8038,10,33310,7564,18,32408,9140,6,32350,7491,0,33290,8053,26,33301,4286,254,132105,0,0;
2043422900;6987664,44904,1,7168,14592,86,34532,8049,2,34452,0,0,132037,9747,7,33311,8037,10,33310,7562,18,32408,9140,6,32350,0,0,33290,8052,25,33301,4285,252,132105,0,0;
2138733100;6987759,44904,1,7170,14593,84,34532,8053,2,34452,0,0,132037,9748,7,33311,8039,10,33310,0,0,32408,9142,5,32350,7465,0,33290,8054,25,33301,4286,251,132105,0,0;
2244040900;6987863,44904,1,7169,14587,82,34532,8050,2,34452,0,0,132037,9753,7,33311,8038,10,33310,0,0,32408,9141,6,32350,7492,0,33290,8053,25,33301,4286,252,132105,0,0;
2342262100;6987963,44904,1,7223,14570,189,34532,8048,2,34452,0,0,132037,9748,6,33311,8035,10,33310,0,0,32408,9143,6,32350,7446,0,33290,8049,25,33301,0,0,132105,0,0;
2442339700;6988063,44904,1,7167,14591,85,34532,8048,2,34452,0,0,132037,9748,7,33311,8036,10,33310,0,0,32408,9143,6,32350,7485,0,33290,8051,25,33301,4286,251,132105,0,0;
2541139500;6988161,44904,1,7221,14574,177,34532,8049,2,34452,0,0,132037,9748,7,33311,8039,10,33310,0,0,32408,9144,6,32350,7524,0,33290,8049,25,33301,0,0,132105,0,0;
2642106600;6988263,44904,1,7169,14589,83,34532,8050,2,34452,0,0,132037,9751,7,33311,8038,10,33310,0,0,32408,9142,5,32350,0,0,33290,8049,25,33301,4286,249,132105,0,0;
2742184400;6988363,44904,1,7172,14591,84,34532,8049,2,34452,0,0,132037,9750,6,33311,8041,10,33310,0,0,32408,9140,5,32350,0,0,33290,8051,25,33301,4285,246,132105,0,0;
2838532200;6988459,44904,1,7169,14590,84,34532,8049,2,34452,0,0,132037,9750,7,33311,8038,10,33310,0,0,32408,9142,5,32350,0,0,33290,8050,25,33301,4285,245,132105,0,0;
2941620400;6988563,44904,1,7169,14585,82,34532,8048,2,34452,0,0,132037,9755,7,33311,8038,10,33310,0,0,32408,9142,5,32350,0,0,33290,8050,25,33301,4285,245,132105,0,0;
3040889200;6988661,44904,1,7169,14590,86,34532,8049,2,34452,0,0,132037,9749,7,33311,8037,10,33310,0,0,32408,9141,5,32350,0,0,33290,8050,26,33301,4284,244,132105,0,0;
3142974300;6988764,44904,1,7169,14587,83,34532,8050,2,34452,0,0,132037,9753,7,33311,8038,10,33310,0,0,32408,9138,5,32350,0,0,33290,8051,25,33301,4285,243,132105,0,0;
3240504400;6988861,44904,1,7170,14591,83,34532,8048,2,34452,0,0,132037,9750,7,33311,8039,10,33310,0,0,32408,9142,5,32350,0,0,33290,8052,26,33301,4286,242,132105,0,0;
3342160200;6988963,44904,1,7168,14589,84,34532,8048,2,34452,0,0,132037,9751,7,33311,8037,10,33310,0,0,32408,9144,5,32350,0,0,33290,8052,25,33301,4285,239,132105,0,0;
3441146000;6989061,44904,1,7168,14587,82,34532,8050,2,34452,0,0,132037,9753,7,33311,8037,10,33310,0,0,32408,9142,5,32350,0,0,33290,8052,26,33301,4286,243,132105,0,0;
3542047900;6989163,44904,1,7167,14589,85,34532,8045,2,34452,0,0,132037,9750,7,33311,8036,10,33310,0,0,32408,9142,5,32350,0,0,33290,8048,25,33301,4285,243,132105,0,0;
3640166600;6989261,44904,1,7171,14590,84,34532,8047,2,34452,0,0,132037,9751,7,33311,8040,10,33310,0,0,32408,9142,5,32350,0,0,33290,8052,26,33301,4285,244,132105,0,0;
3740948900;6989361,44904,1,7167,14591,86,34532,8050,2,34452,0,0,132037,9748,7,33311,8036,10,33310,0,0,32408,9142,6,32350,0,0,33290,8054,26,33301,4285,243,132105,0,0;
3840700300;6989461,44904,1,7169,14591,84,34532,8049,2,34452,0,0,132037,9749,7,33311,8038,10,33310,0,0,32408,9142,6,32350,0,0,33290,8052,26,33301,4286,245,132105,0,0;
3940072000;6989561,44904,1,7171,14590,84,34532,8044,2,34452,0,0,132037,9751,7,33311,8040,10,33310,0,0,32408,9140,6,32350,0,0,33290,8051,26,33301,4285,245,132105,0,0;
4039841700;6989660,44904,1,7167,14589,85,34532,8047,2,34452,0,0,132037,9750,7,33311,8036,10,33310,0,0,32408,9144,5,32350,0,0,33290,8051,26,33301,4285,247,132105,0,0;
4140802500;6989761,44904,1,7163,14589,86,34532,8049,2,34452,0,0,132037,9748,7,33311,8031,10,33310,0,0,32408,9142,6,32350,7482,0,33290,8050,26,33301,4285,245,132105,0,0;
4240695100;6989860,44904,1,7171,14590,85,34532,8048,2,34452,0,0,132037,9750,7,33311,8039,10,33310,0,0,32408,9142,5,32350,7822,0,33290,8052,26,33301,4284,245,132105,0,0;
4340491400;6989962,44904,1,7167,14588,84,34532,8046,2,34452,0,0,132037,9751,7,33311,8036,10,33310,0,0,32408,9141,6,32350,7478,0,33290,8051,26,33301,4285,246,132105,0,0;
4440424100;6990061,44904,1,7168,14588,83,34532,8048,2,34452,0,0,132037,9752,7,33311,8037,10,33310,0,0,32408,9141,5,32350,7454,0,33290,8052,26,33301,4286,247,132105,0,0;
4540609700;6990161,44904,1,7170,14587,83,34532,8049,2,34452,0,0,132037,9753,7,33311,8039,10,33310,0,0,32408,9144,6,32350,7439,0,33290,8049,26,33301,4285,248,132105,0,0;
4639644300;6990261,44904,1,7165,14588,85,34532,8048,2,34452,0,0,132037,9750,7,33311,8034,10,33310,0,0,32408,9139,6,32350,7463,0,33290,8050,26,33301,4285,247,132105,0,0;
4739585500;6990361,44904,1,7167,14589,85,34532,8046,2,34452,0,0,132037,9750,7,33311,8036,10,33310,0,0,32408,9142,6,32350,7512,0,33290,8050,26,33301,4285,246,132105,0,0;
4840301900;6990461,44904,1,7165,14587,85,34532,8044,2,34452,0,0,132037,9751,7,33311,8034,10,33310,0,0,32408,9139,5,32350,7472,0,33290,8050,26,33301,4285,245,132105,0,0;
4940301700;6990561,44904,1,7168,14591,86,34532,8045,2,34452,0,0,132037,9748,7,33311,8036,10,33310,0,0,32408,9142,5,32350,7477,0,33290,8052,26,33301,4284,244,132105,0,0;
5040294700;6990661,44904,1,7170,14592,84,34532,8045,2,34452,0,0,132037,9749,7,33311,8039,10,33310,0,0,32408,9144,5,32350,7528,0,33290,8051,26,33301,4286,247,132105,0,0;
5140492100;6990761,44904,1,7167,14590,87,34532,8047,2,34452,0,0,132037,9748,7,33311,8035,10,33310,0,0,32408,9142,5,32350,0,0,33290,8049,26,33301,4284,246,132105,0,0;
5239416100;6990861,44904,1,7165,14588,85,34532,8048,2,34452,0,0,132037,9750,7,33311,8034,10,33310,0,0,32408,9142,5,32350,7536,0,33290,8050,26,33301,4285,248,132105,0,0;
5340266100;6990961,44904,1,7170,14591,83,34532,8046,2,34452,0,0,132037,9750,7,33311,8039,10,33310,0,0,32408,9144,5,32350,7498,0,33290,8050,26,33301,4286,249,132105,0,0;
5440237100;6991061,44904,1,7167,14588,86,34532,8047,2,34452,0,0,132037,9750,7,33311,8035,10,33310,0,0,32408,9140,5,32350,7461,0,33290,8052,26,33301,4284,246,132105,0,0;
5539922500;6991161,44904,1,7169,14588,84,34532,8044,2,34452,0,0,132037,9752,7,33311,8038,10,33310,0,0,32408,9143,5,32350,7609,0,33290,8050,26,33301,4285,245,132105,0,0;
5640241800;6991261,44904,1,7169,14592,85,34532,8048,2,34452,0,0,132037,9748,7,33311,8038,10,33310,0,0,32408,9143,5,32350,7759,0,33290,8050,26,33301,4285,244,132105,0,0;
5740472500;6991362,44904,1,7168,14590,85,34532,8047,2,34452,0,0,132037,9750,7,33311,8037,10,33310,0,0,32408,9140,5,32350,7724,0,33290,8049,26,33301,4285,247,132105,0,0;
5839840400;6991461,44904,1,7164,14584,83,34532,8048,2,34452,0,0,132037,9754,7,33311,8032,10,33310,0,17,32408,0,0,32350,7457,0,33290,8051,26,33301,4285,248,132105,0,0;
5939554900;6991561,44904,1,7168,14593,86,34532,8047,2,34452,0,0,132037,9746,7,33311,8037,10,33310,7562,17,32408,9139,5,32350,7426,0,33290,8050,26,33301,4285,249,132105,0,0;
6038063600;6991660,44904,1,7166,14591,86,34532,8048,2,34452,0,0,132037,9748,7,33311,8035,10,33310,7565,17,32408,9143,5,32350,7437,0,33290,8050,26,33301,4285,249,132105,0,0;
6139312500;6991761,44904,1,7169,14591,84,34532,8048,2,34452,0,0,132037,9749,6,33311,8038,10,33310,7564,17,32408,9140,5,32350,7484,0,33290,8049,26,33301,4286,250,132105,0,0;
6239896800;6991861,44904,1,7170,14591,85,34532,8050,2,34452,0,0,132037,9749,6,33311,8039,10,33310,7563,17,32408,9142,6,32350,7444,0,33290,8049,26,33301,4285,250,132105,0,0;
6339305500;6991961,44904,1,7170,14592,85,34532,8050,2,34452,0,0,132037,9748,6,33311,8039,10,33310,7562,17,32408,9139,6,32350,7418,0,33290,8052,26,33301,4285,249,132105,0,0;
6439690000;6992060,44904,1,7167,14589,85,34532,8046,2,34452,0,0,132037,9750,6,33311,8036,10,33310,7566,17,32408,9143,6,32350,7401,0,33290,8051,26,33301,4285,248,132105,0,0;
6541513900;6992163,44904,1,7216,14575,175,34532,8048,2,34452,0,0,132037,9747,6,33311,8036,10,33310,7565,17,32408,9141,5,32350,7426,0,33290,8050,25,33301,0,0,132105,0,0;
6644008300;6992265,44904,1,7169,14588,83,34532,8048,2,34452,0,0,132037,9752,6,33311,8038,10,33310,7563,17,32408,9142,5,32350,7410,0,33290,8053,25,33301,4286,249,132105,0,0;
6738056000;6992359,44904,1,7169,14591,84,34532,8044,2,34452,0,0,132037,9749,6,33311,8038,10,33310,7562,17,32408,9139,5,32350,7423,0,33290,8050,25,33301,4286,249,132105,0,0;
6839792200;6992461,44904,1,7167,14591,86,34532,8051,2,34452,0,0,132037,9748,7,33311,8036,10,33310,7565,17,32408,9138,5,32350,7422,0,33290,8051,25,33301,4285,246,132105,0,0;
6939961700;6992562,44904,1,7167,14591,85,34532,8049,2,34452,0,0,132037,9748,7,33311,8036,10,33310,7564,17,32408,9141,5,32350,7435,0,33290,8050,25,33301,4286,247,132105,0,0;
7042624300;6992664,44904,1,7167,14589,84,34532,8048,2,34452,0,0,132037,9750,7,33311,8036,10,33310,7564,17,32408,9144,5,32350,7427,0,33290,8050,25,33301,4286,246,132105,0,0;
7139128300;6992760,44904,1,7212,14570,164,34532,8046,2,34452,0,0,132037,9753,7,33311,8036,10,33310,7565,17,32408,9143,5,32350,7428,0,33290,8051,26,33301,0,0,132105,0,0;
7239176800;6992860,44904,1,7169,14589,83,34532,8048,2,34452,0,0,132037,9751,7,33311,8038,10,33310,7564,17,32408,9139,6,32350,7427,0,33290,8050,26,33301,4286,245,132105,0,0;
7339178200;6992961,44904,1,7165,14584,82,34532,8046,2,34452,0,0,132037,9754,7,33311,8034,10,33310,7564,17,32408,9140,6,32350,7431,0,33290,8049,26,33301,4286,246,132105,0,0;
7440410700;6993062,44904,1,7167,14589,85,34532,8044,2,34452,0,0,132037,9750,7,33311,8036,10,33310,7564,17,32408,9136,6,32350,7437,0,33290,8051,25,33301,4285,246,132105,0,0;
7539182900;6993160,44904,1,7168,14588,84,34532,8049,2,34452,0,0,132037,9752,7,33311,8037,10,33310,7562,16,32408,9140,6,32350,7423,0,33290,8051,26,33301,4285,245,132105,0,0;
7642495200;6993264,44904,1,7170,14589,83,34532,8048,2,34452,0,0,132037,9752,7,33311,8039,10,33310,7564,16,32408,9142,6,32350,7413,0,33290,8050,25,33301,4286,245,132105,0,0;
7739281300;6993360,44904,1,7168,14586,83,34532,8047,2,34452,0,0,132037,9754,7,33311,8037,10,33310,7563,15,32408,9144,6,32350,7426,0,33290,8053,26,33301,4285,245,132105,0,0;
7839939400;6993461,44904,1,7165,14587,85,34532,8048,2,34452,0,0,132037,9751,7,33311,8034,10,33310,7564,16,32408,9142,6,32350,7410,0,33290,8052,26,33301,4285,245,132105,0,0;
7941792300;6993563,44904,1,7169,14592,84,34532,8048,2,34452,0,0,132037,9748,7,33311,8038,10,33310,7563,16,32408,9138,6,32350,7433,0,33290,8050,25,33301,4286,245,132105,0,0;
8039444800;6993660,44904,1,7170,14592,84,34532,8048,2,34452,0,0,132037,9749,7,33311,8040,10,33310,7565,16,32408,9141,6,32350,7422,0,33290,8050,25,33301,4286,245,132105,0,0;
8139497800;6993760,44904,1,7167,14589,85,34532,8047,2,34452,0,0,132037,9750,7,33311,8036,10,33310,7565,16,32408,9139,6,32350,7423,0,33290,8048,26,33301,4285,244,132105,0,0;
8239029500;6993861,44904,1,7171,14591,86,34532,8045,2,34452,0,0,132037,9749,7,33311,8039,10,33310,7566,16,32408,9140,6,32350,7471,0,33290,8052,26,33301,4284,245,132105,0,0;
8339376300;6993961,44904,1,7168,14591,85,34532,8046,2,34452,0,0,132037,9748,7,33311,8037,10,33310,7564,16,32408,9139,6,32350,0,0,33290,8051,26,33301,4285,244,132105,0,0;
8438670600;6994061,44904,1,7166,14588,84,34532,8045,2,34452,0,0,132037,9751,7,33311,8035,10,33310,7565,16,32408,9143,6,32350,0,0,33290,8050,26,33301,4285,245,132105,0,0;
8538963400;6994161,44904,1,7164,14586,83,34532,8049,2,34452,0,0,132037,9752,7,33311,8032,10,33310,7562,16,32408,9140,6,32350,0,0,33290,8053,26,33301,4286,245,132105,0,0;
8639867200;6994262,44904,1,7166,14590,85,34532,8045,2,34452,0,0,132037,9749,7,33311,8035,10,33310,7559,16,32408,9142,5,32350,7479,0,33290,8053,26,33301,4285,245,132105,0,0;
8738015900;6994359,44904,1,7167,14588,84,34532,8045,2,34452,0,0,132037,9751,7,33311,8036,10,33310,7565,17,32408,9141,5,32350,7447,0,33290,8052,26,33301,4285,244,132105,0,0;
8839056200;6994461,44904,1,7172,14591,85,34532,8046,2,34452,0,0,132037,9750,7,33311,8040,10,33310,7564,16,32408,9144,5,32350,7446,0,33290,8052,26,33301,4284,241,132105,0,0;
8939301600;6994561,44904,1,7168,14584,82,34532,8047,2,34452,0,0,132037,9756,7,33311,8037,10,33310,7563,16,32408,9142,5,32350,7457,0,33290,8052,26,33301,4285,243,132105,0,0;
9038745300;6994661,44904,1,7171,14591,84,34532,8045,2,34452,0,0,132037,9750,7,33311,8040,10,33310,7564,16,32408,9141,6,32350,7447,0,33290,8052,26,33301,4285,244,132105,0,0;
9138814500;6994760,44904,1,7170,14588,83,34532,8045,2,34452,0,0,132037,9752,7,33311,8039,10,33310,7562,16,32408,9143,6,32350,7434,0,33290,8050,26,33301,4285,244,132105,0,0;
9238413100;6994860,44904,1,7167,14589,84,34532,8047,2,34452,0,0,132037,9750,8,33311,8036,10,33310,7562,16,32408,9139,5,32350,7432,0,33290,8049,26,33301,4286,247,132105,0,0;
9338172100;6994960,44904,1,7168,14588,84,34532,8048,2,34452,0,0,132037,9752,7,33311,8037,10,33310,7563,16,32408,9140,6,32350,7437,0,33290,8053,26,33301,4285,244,132105,0,0;
9438649500;6995060,44904,1,7168,14591,84,34532,8047,2,34452,0,0,132037,9749,8,33311,8037,11,33310,7563,16,32408,9138,6,32350,7432,0,33290,8051,26,33301,4286,246,132105,0,0;
9540774100;6995162,44904,1,7167,14588,83,34532,8048,2,34452,0,0,132037,9751,8,33311,8036,10,33310,7563,16,32408,9141,6,32350,7465,0,33290,8051,25,33301,4286,246,132105,0,0;
9639675600;6995262,44904,1,7172,14592,84,34532,8046,2,34452,0,0,132037,9749,8,33311,8041,10,33310,7562,16,32408,9142,5,32350,7420,0,33290,8051,25,33301,4285,245,132105,0,0;
9741416100;6995363,44904,1,7166,14587,84,34532,8048,2,34452,0,0,132037,9752,8,33311,8035,10,33310,7564,16,32408,9140,5,32350,7424,0,33290,8051,25,33301,4285,244,132105,0,0;
9841491000;6995463,44904,1,7168,14588,84,34532,8049,2,34452,0,0,132037,9752,8,33311,8037,10,33310,7564,17,32408,9136,6,32350,7438,0,33290,8049,25,33301,4285,247,132105,0,0;
9941610300;6995563,44904,1,7167,14588,83,34532,8049,2,34452,0,0,132037,9751,8,33311,8036,11,33310,7564,16,32408,9135,5,32350,7448,0,33290,8050,25,33301,4286,248,132105,0,0;
10037923200;6995660,44904,1,7170,14591,85,34532,8048,2,34452,0,0,132037,9749,8,33311,8039,10,33310,7565,17,32408,9141,6,32350,7427,0,33290,8053,25,33301,4285,248,132105,0,0;
10139136500;6995761,44904,1,7166,14588,84,34532,8049,2,34452,0,0,132037,9751,7,33311,8035,10,33310,7564,17,32408,9141,6,32350,7450,0,33290,8051,25,33301,4286,248,132105,0,0;
10240192900;6995862,44904,1,7168,14587,82,34532,8051,2,34452,0,0,132037,9753,7,33311,8037,10,33310,7564,16,32408,9142,5,32350,7474,0,33290,8053,25,33301,4286,247,132105,0,0;
10340374300;6995962,44904,1,7168,14590,85,34532,8048,2,34452,0,0,132037,9750,7,33311,8037,10,33310,7566,17,32408,9140,5,32350,7445,0,33290,8048,25,33301,4285,248,132105,0,0;
10437216600;6996058,44904,1,7166,14587,84,34532,8049,2,34452,0,0,132037,9752,7,33311,8035,10,33310,7562,16,32408,9141,5,32350,7457,0,33290,8053,25,33301,4285,248,132105,0,0;
10538905400;6996161,44904,1,7165,14583,82,34532,8050,2,34452,0,0,132037,9755,7,33311,8034,10,33310,7565,17,32408,9139,6,32350,7470,0,33290,8052,25,33301,4286,249,132105,0,0;
10640162300;6996262,44904,1,7170,14591,83,34532,8047,2,34452,0,0,132037,9750,7,33311,8039,10,33310,7565,17,32408,9140,6,32350,7440,0,33290,8052,26,33301,4286,249,132105,0,0;
10738846500;6996361,44904,1,7168,14588,84,34532,8047,2,34452,0,0,132037,9752,7,33311,8037,10,33310,7563,17,32408,9141,6,32350,7449,0,33290,8052,26,33301,4285,247,132105,0,0;
10838085900;6996460,44904,1,7165,14587,84,34532,8046,2,34452,0,0,132037,9751,7,33311,8034,10,33310,7564,16,32408,9139,6,32350,7432,0,33290,8053,26,33301,4286,249,132105,0,0;
10939236900;6996561,44904,1,7170,14588,83,34532,8049,2,34452,0,0,132037,9752,7,33311,8039,10,33310,7562,16,32408,9140,5,32350,7428,0,33290,8052,26,33301,4285,250,132105,0,0;
11038162300;6996661,44904,1,7209,14575,158,34532,8048,2,34452,0,0,132037,9750,7,33311,8037,10,33310,7564,16,32408,9141,6,32350,7439,0,33290,8050,26,33301,0,0,132105,0,0;
11138305300;6996760,44904,1,7166,14586,83,34532,8048,2,34452,0,0,132037,9753,7,33311,8035,10,33310,7564,16,32408,9139,5,32350,7461,0,33290,8050,26,33301,4286,251,132105,0,0;
11238856100;6996861,44904,1,7168,14590,84,34532,8049,2,34452,0,0,132037,9750,7,33311,8037,10,33310,7565,16,32408,9142,6,32350,7429,0,33290,8051,26,33301,4286,251,132105,0,0;
11338165100;6996960,44904,1,7169,14590,84,34532,8048,2,34452,0,0,132037,9750,7,33311,8038,10,33310,7566,16,32408,9135,6,32350,7434,0,33290,8052,26,33301,4285,250,132105,0,0;
11438374200;6997060,44904,1,7166,14585,83,34532,8047,2,34452,0,0,132037,9754,7,33311,8035,10,33310,7564,16,32408,9141,6,32350,7445,0,33290,8055,26,33301,4285,250,132105,0,0;
11538684100;6997160,44904,1,7170,14590,84,34532,8049,2,34452,0,0,132037,9750,7,33311,8039,10,33310,7562,16,32408,9142,6,32350,7405,0,33290,8051,26,33301,4285,250,132105,0,0;
11638025700;6997260,44904,1,7169,14591,84,34532,8050,2,34452,0,0,132037,9749,7,33311,8038,10,33310,7563,16,32408,9139,6,32350,7406,0,33290,8051,26,33301,4286,250,132105,0,0;
11737888200;6997360,44904,1,7168,14587,82,34532,8047,2,34452,0,0,132037,9753,7,33311,8037,10,33310,7566,16,32408,9140,6,32350,7410,0,33290,8051,26,33301,4286,248,132105,0,0;
11837841200;6997460,44904,1,7167,14585,82,34532,8045,2,34452,0,0,132037,9754,7,33311,8036,10,33310,7564,16,32408,9142,6,32350,7395,0,33290,8050,26,33301,4286,249,132105,0,0;
11937297600;6997560,44904,1,7169,14589,84,34532,8046,2,34452,0,0,132037,9751,7,33311,8038,10,33310,7564,16,32408,9142,6,32350,7383,0,33290,8053,26,33301,4285,249,132105,0,0;
12039472200;6997662,44904,1,7167,14589,84,34532,8044,2,34452,0,0,132037,9750,7,33311,8036,10,33310,7565,16,32408,9140,6,32350,7401,0,33290,8052,27,33301,4286,251,132105,0,0;
12141331100;6997763,44904,1,7170,14590,84,34532,8045,2,34452,0,0,132037,9750,7,33311,8039,10,33310,7563,16,32408,9144,6,32350,7397,0,33290,8051,27,33301,4285,250,132105,0,0;
12237439500;6997859,44904,1,7167,14588,84,34532,8045,2,34452,0,0,132037,9751,7,33311,8036,10,33310,7564,16,32408,9138,5,32350,7381,0,33290,8052,26,33301,4285,248,132105,0,0;
12339997100;6997962,44904,1,7167,14590,84,34532,8046,2,34452,0,0,132037,9749,7,33311,8036,10,33310,7563,16,32408,9141,6,32350,7391,0,33290,8050,27,33301,4286,249,132105,0,0;
12440455800;6998062,44904,1,7166,14587,83,34532,8048,2,34452,0,0,132037,9752,7,33311,8035,10,33310,7563,15,32408,9142,6,32350,7387,0,33290,8052,27,33301,4286,247,132105,0,0;
12536047900;6998158,44904,1,7167,14587,84,34532,8045,2,34452,0,0,132037,9752,7,33311,8036,10,33310,7563,16,32408,9142,5,32350,7383,0,33290,8049,27,33301,4285,246,132105,0,0;
12638408500;6998260,44904,1,7169,14590,84,34532,8048,2,34452,0,0,132037,9750,7,33311,8038,10,33310,7563,15,32408,9140,5,32350,7384,0,33290,8052,26,33301,4285,245,132105,0,0;
12737603800;6998360,44904,1,7168,14591,85,34532,8044,2,34452,0,0,132037,9749,7,33311,8037,10,33310,7563,16,32408,9143,6,32350,7354,0,33290,8049,26,33301,4285,247,132105,0,0;
12837278100;6998460,44904,1,7169,14586,83,34532,8045,2,34452,0,0,132037,9754,7,33311,8038,10,33310,7564,15,32408,9138,5,32350,7359,0,33290,8051,26,33301,4285,246,132105,0,0;
12937617800;6998560,44904,1,7167,14586,83,34532,8047,2,34452,0,0,132037,9753,7,33311,8036,10,33310,7563,15,32408,9142,6,32350,7398,0,33290,8052,26,33301,4285,247,132105,0,0;
13039927500;6998662,44904,1,7170,14588,83,34532,8045,2,34452,0,0,132037,9752,8,33311,8039,10,33310,7563,15,32408,9142,6,32350,7402,0,33290,8050,27,33301,4285,246,132105,0,0;
13138953200;6998761,44904,1,7169,14590,84,34532,8046,2,34452,0,0,132037,9750,8,33311,8038,10,33310,7564,14,32408,9143,6,32350,7395,0,33290,8051,26,33301,4285,246,132105,0,0;
13237663600;6998860,44904,1,7168,14589,84,34532,8049,2,34452,0,0,132037,9751,8,33311,8037,10,33310,7563,14,32408,9141,6,32350,7386,0,33290,8049,26,33301,4285,245,132105,0,0;
13338318900;6998960,44904,1,7166,14585,83,34532,8044,2,34452,0,0,132037,9754,8,33311,8035,10,33310,7562,14,32408,9139,6,32350,7388,0,33290,8051,26,33301,4285,245,132105,0,0;
13438027300;6999061,44904,1,7169,14588,84,34532,8046,2,34452,0,0,132037,9752,8,33311,8038,10,33310,7566,15,32408,9141,6,32350,7374,0,33290,8051,26,33301,4285,246,132105,0,0;
13537919000;6999160,44904,1,7199,14576,143,34532,8046,2,34452,0,0,132037,9751,8,33311,8035,10,33310,7563,15,32408,9138,6,32350,7392,0,33290,8051,26,33301,0,0,132105,0,0;
13637439800;6999260,44904,1,7168,14587,85,34532,8044,2,34452,0,0,132037,9752,8,33311,8036,10,33310,7563,15,32408,9139,5,32350,7393,0,33290,8049,26,33301,4284,242,132105,0,0;
13738960000;6999361,44904,1,7168,14587,83,34532,8045,2,34452,0,0,132037,9753,8,33311,8037,10,33310,7562,16,32408,9139,5,32350,7411,0,33290,8049,26,33301,4285,247,132105,0,0;
13840612900;6999462,44904,1,7167,14589,85,34532,8047,2,34452,0,0,132037,9750,8,33311,8036,10,33310,7562,16,32408,9141,5,32350,7414,0,33290,8051,27,33301,4285,248,132105,0,0;
13937510800;6999560,44904,1,7166,14588,84,34532,8048,2,34452,0,0,132037,9751,8,33311,8035,10,33310,7566,16,32408,9141,5,32350,7456,0,33290,8053,26,33301,4285,249,132105,0,0;
14038606800;6999661,44904,1,7170,14588,83,34532,8046,2,34452,0,0,132037,9752,8,33311,8039,10,33310,7563,16,32408,9140,5,32350,7453,0,33290,8050,26,33301,4285,250,132105,0,0;
14137574800;6999760,44904,1,7168,14590,85,34532,8047,2,34452,0,0,132037,9750,8,33311,8037,10,33310,7565,15,32408,9139,5,32350,7435,0,33290,8053,26,33301,4285,250,132105,0,0;
14236698000;6999859,44904,1,7169,14585,81,34532,8048,2,34452,0,0,132037,9755,8,33311,8038,10,33310,7563,15,32408,9140,5,32350,7445,0,33290,8050,26,33301,4286,252,132105,0,0;
14336455900;6999959,44904,1,7167,14586,83,34532,8048,2,34452,0,0,132037,9753,7,33311,8036,10,33310,7564,16,32408,9139,5,32350,7453,0,33290,8051,26,33301,4285,254,132105,0,0;
14436735800;7000059,44904,1,7167,14589,84,34532,8047,2,34452,0,0,132037,9750,8,33311,8036,10,33310,7563,16,32408,9142,5,32350,7454,0,33290,8050,26,33301,4286,254,132105,0,0;
14537603900;7000160,44904,1,7169,14589,83,34532,8049,2,34452,0,0,132037,9751,8,33311,8038,10,33310,7564,16,32408,9139,6,32350,7539,0,33290,8050,26,33301,4286,254,132105,0,0;
14636346700;7000259,44904,1,7167,14588,83,34532,8048,2,34452,0,0,132037,9751,7,33311,8036,10,33310,7564,16,32408,9142,6,32350,7464,0,33290,8050,26,33301,4286,252,132105,0,0;
14736677800;7000359,44904,1,7170,14589,82,34532,8049,2,34452,0,0,132037,9752,7,33311,8040,10,33310,7564,16,32408,9140,6,32350,7478,0,33290,8051,26,33301,4286,251,132105,0,0;
14839440200;7000462,44904,1,7166,14587,84,34532,8044,2,34452,0,0,132037,9752,7,33311,8035,10,33310,7565,16,32408,9142,6,32350,7493,0,33290,8051,27,33301,4285,252,132105,0,0;
14936319000;7000559,44904,1,7170,14591,83,34532,8047,2,34452,0,0,132037,9750,7,33311,8040,10,33310,7565,16,32408,9142,6,32350,7464,0,33290,8050,26,33301,4286,250,132105,0,0;
15040407900;7000662,44904,1,7168,14590,85,34532,8047,2,34452,0,0,132037,9750,7,33311,8037,10,33310,7564,16,32408,9141,6,32350,7491,0,33290,8050,27,33301,4285,248,132105,0,0;
15141774300;7000764,44904,1,7167,14586,83,34532,8044,2,34452,0,0,132037,9753,7,33311,8036,10,33310,7564,16,32408,9143,5,32350,7493,0,33290,8049,27,33301,4285,246,132105,0,0;
15236360600;7000859,44904,1,7168,14589,84,34532,8046,2,34452,0,0,132037,9751,7,33311,8037,10,33310,7564,16,32408,9139,5,32350,0,0,33290,8049,26,33301,4285,244,132105,0,0;
15337114000;7000960,44904,1,7165,14587,85,34532,8045,2,34452,0,0,132037,9751,7,33311,8034,10,33310,7564,16,32408,9145,5,32350,0,0,33290,8051,26,33301,4285,245,132105,0,0;
15440452600;7001062,44904,1,7167,14585,83,34532,8042,2,34452,0,0,132037,9754,7,33311,8036,10,33310,7565,16,32408,9140,5,32350,0,0,33290,8050,27,33301,4285,249,132105,0,0;
15541671600;7001164,44904,1,7169,14588,83,34532,8045,2,34452,0,0,132037,9752,7,33311,8038,10,33310,7564,16,32408,9139,5,32350,0,0,33290,8050,27,33301,4286,250,132105,0,0;
15640669300;7001263,44904,1,7167,14591,85,34532,8048,2,34452,0,0,132037,9748,7,33311,8036,10,33310,7565,16,32408,9138,5,32350,0,0,33290,8050,27,33301,4286,251,132105,0,0;
15736331600;7001359,44904,1,7167,14582,81,34532,8046,2,34452,0,0,132037,9757,7,33311,8036,10,33310,7565,16,32408,9140,5,32350,0,0,33290,8053,27,33301,4286,250,132105,0,0;
15841482600;7001464,44904,1,7169,14587,82,34532,8046,2,34452,0,0,132037,9753,7,33311,8038,10,33310,7563,16,32408,9138,5,32350,0,0,33290,8051,27,33301,4286,251,132105,0,0;
15936543100;7001559,44904,1,7170,14591,83,34532,8046,2,34452,0,0,132037,9750,7,33311,8039,10,33310,7564,16,32408,9140,6,32350,0,0,33290,8049,26,33301,4286,249,132105,0,0;
16039955000;7001662,44904,1,7165,14586,83,34532,8043,2,34452,0,0,132037,9752,7,33311,8034,10,33310,7564,17,32408,9141,6,32350,0,0,33290,8050,27,33301,4286,252,132105,0,0;
16137230200;7001760,44904,1,7167,14589,84,34532,8046,2,34452,0,0,132037,9750,7,33311,8036,10,33310,7565,17,32408,9138,5,32350,0,0,33290,8052,26,33301,4286,250,132105,0,0;
16236320300;7001859,44904,1,7165,14588,84,34532,8046,2,34452,0,0,132037,9750,7,33311,8034,10,33310,7562,17,32408,9139,5,32350,0,0,33290,8051,26,33301,4286,250,132105,0,0;
16336490800;7001959,44904,1,7169,14593,83,34532,8047,2,34452,0,0,132037,9748,7,33311,8039,10,33310,7563,17,32408,9135,5,32350,0,0,33290,8050,26,33301,4287,252,132105,0,0;
16437068200;7002060,44904,1,7170,14592,84,34532,8044,2,34452,0,0,132037,9749,7,33311,8039,10,33310,7565,18,32408,9138,5,32350,0,0,33290,8050,26,33301,4286,253,132105,0,0;
16537553600;7002160,44904,1,7169,14587,82,34532,8046,2,34452,0,0,132037,9753,7,33311,8038,10,33310,7563,17,32408,9145,5,32350,0,0,33290,8051,26,33301,4286,252,132105,0,0;
16636854300;7002260,44904,1,7165,14587,84,34532,8045,2,34452,0,0,132037,9751,7,33311,8034,10,33310,7566,18,32408,9140,5,32350,0,0,33290,8051,26,33301,4286,253,132105,0,0;
16737509300;7002360,44904,1,7167,14587,83,34532,8045,2,34452,0,0,132037,9752,7,33311,8036,10,33310,7562,17,32408,9141,5,32350,0,0,33290,8050,26,33301,4286,252,132105,0,0;
16837554300;7002460,44904,1,7167,14592,86,34532,8047,2,34452,0,0,132037,9747,8,33311,8036,10,33310,7565,17,32408,9139,6,32350,0,0,33290,8051,26,33301,4285,251,132105,0,0;
16936872800;7002560,44904,1,7171,14592,83,34532,8045,2,34452,0,0,132037,9750,8,33311,8041,10,33310,7564,17,32408,9142,6,32350,7504,0,33290,8052,26,33301,4286,251,132105,0,0;
17036952700;7002659,44904,1,7167,14589,85,34532,8046,2,34452,0,0,132037,9750,8,33311,8036,10,33310,7562,17,32408,9142,6,32350,7469,0,33290,8050,26,33301,4285,251,132105,0,0;
17138353700;7002760,44904,1,7168,14589,83,34532,8046,2,34452,0,0,132037,9751,8,33311,8037,10,33310,7562,17,32408,9139,6,32350,7508,0,33290,8050,26,33301,4286,249,132105,0,0;
17236914700;7002860,44904,1,7167,14592,86,34532,8047,2,34452,0,0,132037,9747,7,33311,8036,10,33310,7565,17,32408,9140,6,32350,0,0,33290,8049,26,33301,4285,248,132105,0,0;
17337186200;7002960,44904,1,7168,14590,84,34532,8045,2,34452,0,0,132037,9750,7,33311,8037,10,33310,7562,17,32408,9135,6,32350,0,0,33290,8050,26,33301,4286,249,132105,0,0;
17437832600;7003061,44904,1,7168,14589,83,34532,8044,2,34452,0,0,132037,9751,7,33311,8037,10,33310,7564,17,32408,9138,6,32350,7479,0,33290,8053,26,33301,4286,249,132105,0,0;
17535762000;7003159,44904,1,7167,14590,85,34532,8045,2,34452,0,0,132037,9749,7,33311,8036,10,33310,7562,17,32408,9139,6,32350,7503,0,33290,8051,26,33301,4285,248,132105,0,0;
17636105300;7003259,44904,1,7170,14590,83,34532,8043,2,34452,0,0,132037,9751,7,33311,8040,10,33310,7562,17,32408,9138,6,32350,7508,0,33290,8051,26,33301,4286,248,132105,0,0;
17736299400;7003359,44904,1,7169,14587,82,34532,8048,2,34452,0,0,132037,9753,7,33311,8038,10,33310,7564,17,32408,9138,6,32350,0,0,33290,8050,26,33301,4286,248,132105,0,0;
17836684700;7003459,44904,1,7167,14590,85,34532,8049,2,34452,0,0,132037,9749,7,33311,8036,10,33310,7565,17,32408,9141,6,32350,7484,0,33290,8051,26,33301,4285,247,132105,0,0;
17935961800;7003559,44904,1,7168,14588,83,34532,8047,2,34452,0,0,132037,9752,7,33311,8037,10,33310,7563,17,32408,9142,6,32350,7473,0,33290,8051,26,33301,4286,251,132105,0,0;
18036088700;7003659,44904,1,7170,14590,83,34532,8046,2,34452,0,0,132037,9751,7,33311,8039,10,33310,7563,17,32408,9141,6,32350,7511,0,33290,8051,26,33301,4286,253,132105,0,0;
18136354200;7003759,44904,1,7170,14590,83,34532,8044,2,34452,0,0,132037,9751,7,33311,8039,10,33310,7563,17,32408,9141,6,32350,7553,0,33290,8050,26,33301,4286,254,132105,0,0;
18235969600;7003859,44904,1,7167,14589,84,34532,8045,2,34452,0,0,132037,9750,7,33311,8036,10,33310,0,0,32408,9139,6,32350,7443,0,33290,8050,26,33301,4286,255,132105,0,0;
18336484900;7003959,44904,1,7167,14587,83,34532,8043,2,34452,0,0,132037,9752,7,33311,8036,10,33310,7565,17,32408,9140,5,32350,7459,0,33290,8051,26,33301,4286,255,132105,0,0;
18436108700;7004059,44904,1,7169,14590,84,34532,8045,2,34452,0,0,132037,9750,7,33311,8038,10,33310,0,0,32408,9141,5,32350,7440,0,33290,8049,26,33301,4286,254,132105,0,0;
18538530200;7004161,44904,1,7165,14588,83,34532,8043,2,34452,0,0,132037,9751,7,33311,8035,10,33310,7563,17,32408,9140,5,32350,7420,0,33290,8049,27,33301,4287,253,132105,0,0;
18634299900;7004258,44904,1,7167,14593,84,34532,8045,2,34452,0,0,132037,9747,7,33311,8037,10,33310,7565,17,32408,9140,5,32350,7428,0,33290,8051,27,33301,4287,253,132105,0,0;
18737145700;7004360,44904,1,7168,14590,83,34532,8045,2,34452,0,0,132037,9750,7,33311,8038,10,33310,7564,17,32408,9141,5,32350,7435,0,33290,8050,27,33301,4287,253,132105,0,0;
18839144900;7004462,44904,1,7168,14592,83,34532,8046,2,34452,0,0,132037,9748,7,33311,8038,10,33310,7563,17,32408,9139,5,32350,7426,0,33290,8049,27,33301,4287,251,132105,0,0;
18939355700;7004561,44904,1,7166,14587,83,34532,8046,2,34452,0,0,132037,9752,7,33311,8035,10,33310,7562,17,32408,9141,5,32350,7435,0,33290,8050,27,33301,4286,251,132105,0,0;
19034231300;7004657,44904,1,7170,14588,82,34532,8046,2,34452,0,0,132037,9753,7,33311,8040,10,33310,7564,17,32408,9141,5,32350,7471,0,33290,8049,27,33301,4286,252,132105,0,0;
19136021700;7004759,44904,1,7167,14587,83,34532,8046,2,34452,0,0,132037,9752,7,33311,8036,10,33310,7563,16,32408,9139,5,32350,7478,0,33290,8051,26,33301,4286,248,132105,0,0;
19236241400;7004859,44904,1,7169,14587,82,34532,8045,2,34452,0,0,132037,9753,7,33311,8038,10,33310,7562,16,32408,9142,5,32350,7484,0,33290,8050,26,33301,4286,250,132105,0,0;
19336244100;7004959,44904,1,7168,14589,83,34532,8043,2,34452,0,0,132037,9751,7,33311,8037,10,33310,7564,16,32408,9140,5,32350,0,0,33290,8051,26,33301,4286,250,132105,0,0;
19437613300;7005060,44904,1,7170,14588,82,34532,8045,2,34452,0,0,132037,9753,7,33311,8039,10,33310,7564,16,32408,9136,5,32350,7552,0,33290,8048,26,33301,4286,251,132105,0,0;
19536283100;7005159,44904,1,7168,14592,85,34532,8048,2,34452,0,0,132037,9748,7,33311,8037,10,33310,7564,16,32408,9139,5,32350,0,0,33290,8050,26,33301,4286,251,132105,0,0;
19636241200;7005259,44904,1,7167,14588,83,34532,8047,2,34452,0,0,132037,9751,7,33311,8036,10,33310,7564,17,32408,9141,5,32350,0,0,33290,8050,26,33301,4286,250,132105,0,0;
19736297700;7005359,44904,1,7167,14589,84,34532,8046,2,34452,0,0,132037,9750,6,33311,8036,10,33310,7563,16,32408,9139,5,32350,0,0,33290,8052,26,33301,4286,250,132105,0,0;
19837741800;7005460,44904,1,7168,14591,84,34532,8043,2,34452,0,0,132037,9749,6,33311,8037,10,33310,7562,16,32408,9142,5,32350,7520,0,33290,8050,26,33301,4286,249,132105,0,0;
19936435900;7005559,44904,1,7168,14587,82,34532,8045,2,34452,0,0,132037,9753,7,33311,8037,10,33310,7561,16,32408,9139,5,32350,7491,0,33290,8049,26,33301,4286,251,132105,0,0;
20036631100;7005660,44904,1,7167,14589,84,34532,8047,2,34452,0,0,132037,9750,7,33311,8036,10,33310,7565,16,32408,9142,5,32350,7750,0,33290,8051,26,33301,4286,252,132105,0,0;
20137361100;7005760,44904,1,7164,14586,82,34532,8043,2,34452,0,0,132037,9753,7,33311,8034,10,33310,7563,16,32408,9140,6,32350,0,0,33290,8050,26,33301,4287,253,132105,0,0;
20236050900;7005859,44904,1,7167,14592,85,34532,8047,2,34452,0,0,132037,9747,7,33311,8036,10,33310,7566,16,32408,9139,6,32350,7560,0,33290,8051,26,33301,4286,254,132105,0,0;
20337070000;7005960,44904,1,7168,14589,83,34532,0,0,34452,0,0,132037,9751,7,33311,8037,10,33310,7563,17,32408,9139,6,32350,0,0,33290,8050,26,33301,4286,254,132105,0,0;
20438758400;7006062,44904,1,7169,14594,84,34532,8049,2,34452,0,0,132037,9747,7,33311,8039,10,33310,7562,17,32408,9139,6,32350,7443,0,33290,8050,25,33301,4287,251,132105,0,0;
20540727400;7006164,44904,1,7166,14589,85,34532,8047,2,34452,0,0,132037,9750,7,33311,8035,10,33310,7564,17,32408,9139,5,32350,7480,0,33290,8049,25,33301,4285,248,132105,0,0;
20634802000;7006258,44904,1,7170,14591,85,34532,8049,2,34452,0,0,132037,9749,7,33311,8039,10,33310,7561,17,32408,9138,6,32350,7439,0,33290,8053,25,33301,4285,247,132105,0,0;
20737043800;7006361,44904,1,7168,14592,85,34532,8051,2,34452,0,0,132037,9748,7,33311,8037,10,33310,7564,17,32408,9143,6,32350,7427,0,33290,8049,25,33301,4286,246,132105,0,0;
20837559700;7006461,44904,1,7170,14594,86,34532,0,0,34452,0,0,132037,9746,7,33311,8039,10,33310,7564,17,32408,9139,6,32350,7412,0,33290,8049,24,33301,4285,246,132105,0,0;
20938951700;7006562,44904,1,7170,14592,84,34532,8050,2,34452,0,0,132037,9749,7,33311,8039,10,33310,7562,17,32408,9142,6,32350,7443,0,33290,8050,25,33301,4286,247,132105,0,0;
21040265000;7006663,44904,1,7166,14590,85,34532,8048,2,34452,0,0,132037,9749,7,33311,8035,10,33310,7563,17,32408,9141,6,32350,7448,0,33290,8052,25,33301,4285,246,132105,0,0;
21135562700;7006759,44904,1,7167,14588,84,34532,8050,2,34452,0,0,132037,9751,7,33311,8036,10,33310,7567,17,32408,9139,6,32350,7442,0,33290,8052,25,33301,4285,245,132105,0,0;
21237380800;7006860,44904,1,7166,14588,84,34532,8047,2,34452,0,0,132037,9751,7,33311,8035,10,33310,7564,17,32408,9136,6,32350,7477,0,33290,8051,25,33301,4286,246,132105,0,0;
21335566300;7006959,44904,1,7167,14589,85,34532,8045,2,34452,0,0,132037,9750,7,33311,8036,10,33310,7561,17,32408,9136,6,32350,0,0,33290,8051,26,33301,4285,246,132105,0,0;
21435964600;7007059,44904,1,7169,14588,83,34532,8048,2,34452,0,0,132037,9752,7,33311,8038,10,33310,7562,17,32408,9138,6,32350,7474,0,33290,8050,26,33301,4286,246,132105,0,0;
21536079400;7007159,44904,1,7162,14588,86,34532,8045,2,34452,0,0,132037,9749,7,33311,8030,10,33310,7564,17,32408,9139,6,32350,0,0,33290,8050,26,33301,4285,245,132105,0,0;
21636088400;7007259,44904,1,7168,14590,85,34532,8047,2,34452,0,0,132037,9750,7,33311,8037,10,33310,7562,17,32408,9141,6,32350,0,0,33290,8052,26,33301,4285,244,132105,0,0;
21741060500;7007364,44904,1,7170,14594,85,34532,8041,2,34452,0,0,132037,9747,7,33311,8039,10,33310,7564,17,32408,9143,6,32350,0,0,33290,8051,27,33301,4286,246,132105,0,0;
21832905700;7007457,44904,1,7168,14589,83,34532,8045,2,34452,0,0,132037,9751,7,33311,8037,10,33310,7564,17,32408,9138,6,32350,0,0,33290,8051,27,33301,4286,248,132105,0,0;
21937125100;7007560,44904,1,7169,14591,85,34532,8044,2,34452,0,0,132037,9749,7,33311,8038,10,33310,7560,17,32408,9139,6,32350,0,0,33290,8049,27,33301,4285,250,132105,0,0;
22039655400;7007663,44904,1,7169,14588,84,34532,8043,2,34452,0,0,132037,9752,7,33311,8038,10,33310,7560,17,32408,9139,6,32350,7466,0,33290,8050,27,33301,4285,250,132105,0,0;
22137850000;7007761,44904,1,7168,14586,82,34532,8044,2,34452,0,0,132037,9754,7,33311,8037,10,33310,7563,17,32408,9143,6,32350,0,0,33290,8049,27,33301,4286,252,132105,0,0;
22232931000;7007857,44904,1,7166,14589,84,34532,8044,2,34452,0,0,132037,9750,7,33311,8035,10,33310,7563,16,32408,9142,6,32350,7493,0,33290,8053,27,33301,4286,251,132105,0,0;
22338871600;7007962,44904,1,7166,14588,84,34532,8043,2,34452,0,0,132037,9751,7,33311,8035,10,33310,7563,16,32408,9139,6,32350,7578,0,33290,8052,27,33301,4286,253,132105,0,0;
22437472800;7008060,44904,1,7168,14588,84,34532,8045,2,34452,0,0,132037,9752,7,33311,8037,10,33310,7561,16,32408,9139,6,32350,0,0,33290,8050,27,33301,4285,252,132105,0,0;
22537814700;7008161,44904,1,7169,14586,82,34532,8045,2,34452,0,0,132037,9754,7,33311,8038,10,33310,7560,16,32408,9140,6,32350,0,0,33290,8049,27,33301,4286,254,132105,0,0;
22633152900;7008257,44904,1,7166,14591,86,34532,8046,2,34452,0,0,132037,9748,7,33311,8035,10,33310,7564,16,32408,9141,6,32350,7478,0,33290,8049,27,33301,4285,252,132105,0,0;
22739620300;7008363,44904,1,7165,14586,84,34532,8042,2,34452,0,0,132037,9752,7,33311,8034,10,33310,7563,16,32408,9138,6,32350,7511,0,33290,8050,27,33301,4285,251,132105,0,0;
22839136700;7008462,44904,1,7167,14587,84,34532,8046,2,34452,0,0,132037,9752,7,33311,8036,10,33310,7563,16,32408,9138,6,32350,7456,0,33290,8050,27,33301,4285,250,132105,0,0;
22934308800;7008558,44904,1,7169,14590,84,34532,8043,2,34452,0,0,132037,9750,7,33311,8038,10,33310,7563,16,32408,9141,5,32350,7443,0,33290,8049,27,33301,4286,251,132105,0,0;
23037409600;7008661,44904,1,7167,14589,85,34532,8047,2,34452,0,0,132037,9750,7,33311,8036,10,33310,7564,16,32408,9139,5,32350,7442,0,33290,8051,27,33301,4285,251,132105,0,0;
23137700200;7008761,44904,1,7170,14589,82,34532,8043,2,34452,0,0,132037,9752,7,33311,8040,10,33310,7565,16,32408,9141,5,32350,7478,0,33290,8050,27,33301,4286,251,132105,0,0;
23239661000;7008863,44904,1,7166,14587,83,34532,8044,2,34452,0,0,132037,9752,7,33311,8035,10,33310,7561,16,32408,9139,5,32350,7474,0,33290,8050,27,33301,4286,253,132105,0,0;
23333903400;7008957,44904,1,7169,14588,83,34532,8045,2,34452,0,0,132037,9752,7,33311,8038,10,33310,7564,16,32408,9138,5,32350,7496,0,33290,8050,27,33301,4286,253,132105,0,0;
23435765600;7009059,44904,1,7168,14593,85,34532,8043,2,34452,0,0,132037,9747,7,33311,8037,10,33310,7563,16,32408,9138,5,32350,0,0,33290,8050,27,33301,4286,255,132105,0,0;
23536495400;7009160,44904,1,7167,14589,84,34532,8044,2,34452,0,0,132037,9750,7,33311,8036,10,33310,7560,17,32408,9139,5,32350,7596,0,33290,8049,27,33301,4286,255,132105,0,0;
23638047300;7009262,44904,1,7167,14588,83,34532,8044,2,34452,0,0,132037,9751,7,33311,8036,10,33310,7562,17,32408,9144,5,32350,7460,0,33290,8052,27,33301,4286,253,132105,0,0;
23732176400;7009356,44904,1,7166,14591,86,34532,8044,2,34452,0,0,132037,9748,7,33311,8035,10,33310,7561,17,32408,9139,5,32350,7465,0,33290,8050,27,33301,4285,253,132105,0,0;
23835713600;7009459,44904,1,7168,14591,84,34532,8043,2,34452,0,0,132037,9749,7,33311,8037,10,33310,7561,17,32408,9136,5,32350,7448,0,33290,8050,28,33301,4286,253,132105,0,0;
23937835000;7009561,44904,1,7167,14587,81,34532,8042,2,34452,0,0,132037,9753,6,33311,8037,10,33310,7563,17,32408,9141,5,32350,7465,0,33290,8049,27,33301,4287,253,132105,0,0;
24038617500;7009662,44904,1,7166,14590,84,34532,8043,2,34452,0,0,132037,9749,6,33311,8035,10,33310,7560,17,32408,9140,5,32350,7426,0,33290,8051,27,33301,4286,251,132105,0,0;
24133488900;7009757,44904,1,7167,14590,85,34532,8045,2,34452,0,0,132037,9749,7,33311,8036,10,33310,7565,17,32408,9141,6,32350,7453,0,33290,8051,27,33301,4285,252,132105,0,0;
24237664500;7009861,44904,1,7168,14586,83,34532,8042,2,34452,0,0,132037,9754,6,33311,8037,10,33310,7562,16,32408,9139,5,32350,7452,0,33290,8049,27,33301,4285,251,132105,0,0;
24339771900;7009963,44904,1,7167,14589,84,34532,8043,2,34452,0,0,132037,9750,6,33311,8036,10,33310,7563,16,32408,9141,5,32350,7438,0,33290,8051,27,33301,4286,252,132105,0,0;
24433351800;7010057,44904,1,7165,14590,86,34532,8044,2,34452,0,0,132037,9748,6,33311,8034,10,33310,7564,16,32408,9140,5,32350,7442,0,33290,8051,27,33301,4285,251,132105,0,0;
24535332400;7010159,44904,1,7169,14591,84,34532,8048,2,34452,0,0,132037,9749,6,33311,8038,10,33310,7565,16,32408,9143,6,32350,7589,0,33290,8050,27,33301,4286,252,132105,0,0;
24635288900;7010259,44904,1,7163,14590,87,34532,8044,2,34452,0,0,132037,9747,6,33311,8031,10,33310,7563,16,32408,9142,6,32350,0,0,33290,8048,26,33301,4285,252,132105,0,0;
24737022900;7010360,44904,1,7170,14589,83,34532,8043,2,34452,0,0,132037,9752,6,33311,8039,10,33310,7562,16,32408,9141,6,32350,0,0,33290,8053,27,33301,4286,253,132105,0,0;
24834852100;7010459,44904,1,7167,14590,84,34532,8045,2,34452,0,0,132037,9749,7,33311,8036,10,33310,7564,16,32408,9138,6,32350,0,0,33290,8051,26,33301,4286,252,132105,0,0;
24935460800;7010559,44904,1,7169,14593,83,34532,8048,2,34452,0,0,132037,9748,7,33311,8039,10,33310,7562,16,32408,9142,6,32350,0,0,33290,8050,26,33301,4287,254,132105,0,0;
25035543100;7010659,44904,1,7170,14589,84,34532,8045,2,34452,0,0,132037,9751,7,33311,8039,10,33310,7564,16,32408,9138,6,32350,0,0,33290,8049,26,33301,4285,255,132105,0,0;
25134909600;7010759,44904,1,7164,14587,84,34532,8045,2,34452,0,0,132037,9751,7,33311,8032,10,33310,7563,16,32408,9135,6,32350,0,0,33290,8050,26,33301,4286,254,132105,0,0;
25235586800;7010859,44904,1,7169,14590,84,34532,8046,2,34452,0,0,132037,9750,7,33311,8038,10,33310,7564,16,32408,9138,6,32350,0,0,33290,8051,26,33301,4285,253,132105,0,0;
25335635500;7010959,44904,1,7168,14590,84,34532,8045,2,34452,0,0,132037,9750,7,33311,8037,10,33310,7564,16,32408,9143,5,32350,0,0,33290,8050,26,33301,4286,254,132105,0,0;
25434922500;7011059,44904,1,7165,14588,83,34532,8045,2,34452,0,0,132037,9751,7,33311,8035,10,33310,7564,16,32408,9140,6,32350,0,0,33290,8050,26,33301,4287,255,132105,0,0;
25535572800;7011159,44904,1,7167,14587,83,34532,8046,2,34452,0,0,132037,9752,7,33311,8036,10,33310,7563,16,32408,9143,6,32350,0,0,33290,8052,26,33301,4286,254,132105,0,0;
25637601200;7011261,44904,1,7170,14592,84,34532,8046,2,34452,0,0,132037,9749,7,33311,8040,10,33310,7563,16,32408,9145,5,32350,0,0,33290,8049,25,33301,4286,252,132105,0,0;
25734312700;7011359,44904,1,7166,14589,84,34532,8048,2,34452,0,0,132037,9750,7,33311,8035,10,33310,7565,16,32408,9139,5,32350,0,0,33290,8050,26,33301,4286,255,132105,0,0;
25834263400;7011458,44904,1,7164,14589,86,34532,8045,2,34452,0,0,132037,9749,7,33311,8032,10,33310,7562,16,32408,9141,5,32350,0,0,33290,8051,26,33301,4285,255,132105,0,0;
25934329000;7011558,44904,1,7169,14585,81,34532,8044,2,34452,0,0,132037,9755,7,33311,8038,10,33310,7563,16,32408,9139,5,32350,0,0,33290,8050,26,33301,4286,255,132105,0,0;
26035279200;7011659,44904,1,7167,14588,83,34532,8047,2,34452,0,0,132037,9751,7,33311,8036,10,33310,7562,16,32408,9140,6,32350,0,0,33290,8051,26,33301,4286,255,132105,0,0;
26134086000;7011758,44904,1,7167,14589,84,34532,8044,2,34452,0,0,132037,9750,7,33311,8036,10,33310,7562,16,32408,9139,6,32350,0,0,33290,8050,26,33301,4286,255,132105,0,0;
26234140200;7011858,44904,1,7165,14586,84,34532,8045,2,34452,0,0,132037,9752,7,33311,8034,10,33310,7563,16,32408,9142,6,32350,0,0,33290,8051,26,33301,4285,255,132105,0,0;
26334514300;7011958,44904,1,7165,14588,85,34532,8046,2,34452,0,0,132037,9750,7,33311,8034,10,33310,7564,16,32408,9142,6,32350,0,0,33290,8051,26,33301,4285,255,132105,0,0;
26434445200;7012058,44904,1,7165,14583,82,34532,8045,2,34452,0,0,132037,9755,7,33311,8034,10,33310,7563,16,32408,9139,6,32350,0,0,33290,8051,26,33301,4286,253,132105,0,0;
26533836800;7012158,44904,1,7168,14587,82,34532,8044,2,34452,0,0,132037,9753,7,33311,8037,10,33310,7564,16,32408,9141,6,32350,0,0,33290,8052,26,33301,4286,251,132105,0,0;
26634232200;7012258,44904,1,7169,14591,85,34532,8045,2,34452,0,0,132037,9749,7,33311,8038,10,33310,7564,16,32408,9140,6,32350,0,0,33290,8052,26,33301,4285,249,132105,0,0;
26734358700;7012359,44904,1,7170,14591,85,34532,8044,2,34452,0,0,132037,9749,7,33311,8039,10,33310,0,0,32408,9138,6,32350,0,0,33290,8052,26,33301,4285,249,132105,0,0;
26834569100;7012458,44904,1,7163,14586,84,34532,8045,2,34452,0,0,132037,9751,7,33311,8031,10,33310,0,0,32408,9139,6,32350,0,0,33290,8051,26,33301,4286,249,132105,0,0;
26933995300;7012558,44904,1,7165,14584,82,34532,8046,2,34452,0,0,132037,9754,7,33311,8034,10,33310,0,0,32408,9139,6,32350,0,0,33290,8048,26,33301,4286,246,132105,0,0;
27034930500;7012658,44904,1,7163,14587,84,34532,8048,2,34452,0,0,132037,9750,7,33311,8031,10,33310,0,0,32408,9136,6,32350,0,0,33290,8050,26,33301,4286,247,132105,0,0;
27134568100;7012758,44904,1,7166,14589,84,34532,8046,2,34452,0,0,132037,9750,7,33311,8035,10,33310,0,0,32408,9146,6,32350,0,0,33290,8049,26,33301,4286,246,132105,0,0;
27237063200;7012861,44904,1,7165,14588,84,34532,8045,2,34452,0,0,132037,9750,7,33311,8034,10,33310,0,0,32408,9136,5,32350,0,0,33290,8051,27,33301,4286,248,132105,0,0;
27335138600;7012959,44904,1,7167,14589,84,34532,8046,2,34452,0,0,132037,9750,7,33311,8036,10,33310,0,0,32408,9142,5,32350,0,0,33290,8051,26,33301,4286,249,132105,0,0;
27435210800;7013059,44904,1,7168,14590,84,34532,8042,2,34452,0,0,132037,9750,7,33311,8037,10,33310,0,0,32408,9144,5,32350,0,0,33290,8050,26,33301,4286,249,132105,0,0;
27533806000;7013158,44904,1,7166,14586,83,34532,8046,2,34452,0,0,132037,9753,8,33311,8035,10,33310,0,0,32408,9144,5,32350,0,0,33290,8050,26,33301,4286,249,132105,0,0;
27634630400;7013259,44904,1,7165,14588,84,34532,8045,2,34452,0,0,132037,9750,7,33311,8034,10,33310,0,0,32408,9140,5,32350,0,0,33290,8049,26,33301,4286,251,132105,0,0;
27734178000;7013358,44904,1,7168,14591,84,34532,8046,2,34452,0,0,132037,9749,7,33311,8037,10,33310,0,0,32408,9140,5,32350,0,0,33290,8050,26,33301,4286,250,132105,0,0;
27834722700;7013459,44904,1,7169,14587,83,34532,8044,2,34452,0,0,132037,9753,7,33311,8038,10,33310,0,0,32408,9143,5,32350,0,0,33290,8054,26,33301,4285,250,132105,0,0;
27934977600;7013559,44904,1,7165,14587,84,34532,8047,2,34452,0,0,132037,9751,7,33311,8034,10,33310,0,0,32408,9140,5,32350,0,0,33290,8050,26,33301,4286,247,132105,0,0;
28035082800;7013659,44904,1,7168,14587,83,34532,8047,2,34452,0,0,132037,9753,7,33311,8037,10,33310,0,0,32408,9141,5,32350,0,0,33290,8050,26,33301,4285,247,132105,0,0;
28134949800;7013759,44904,1,7165,14587,85,34532,8045,2,34452,0,0,132037,9751,7,33311,8034,10,33310,0,0,32408,9142,5,32350,0,0,33290,8050,26,33301,4285,247,132105,0,0;
28236827100;7013860,44904,1,7167,14588,84,34532,8047,2,34452,0,0,132037,9751,7,33311,8036,10,33310,0,0,32408,9144,5,32350,0,0,33290,8051,25,33301,4285,248,132105,0,0;
28334812100;7013959,44904,1,7167,14589,84,34532,8048,2,34452,0,0,132037,9750,7,33311,8036,10,33310,0,0,32408,9144,5,32350,0,0,33290,8052,25,33301,4286,249,132105,0,0;
28436192200;7014060,44904,1,7167,14589,84,34532,8048,2,34452,0,0,132037,9750,7,33311,8036,10,33310,0,0,32408,9136,5,32350,0,0,33290,8050,25,33301,4286,247,132105,0,0;
28536982900;7014161,44904,1,7168,14589,83,34532,8048,2,34452,0,0,132037,9751,7,33311,8037,10,33310,0,0,32408,9142,5,32350,0,0,33290,8052,25,33301,4286,250,132105,0,0;
28634853100;7014259,44904,1,7168,14591,84,34532,8044,2,34452,0,0,132037,9749,7,33311,8037,10,33310,0,0,32408,9142,5,32350,0,0,33290,8052,25,33301,4286,251,132105,0,0;
28736576100;7014360,44904,1,7167,14589,84,34532,8046,2,34452,0,0,132037,9750,7,33311,8036,10,33310,0,0,32408,9143,6,32350,0,0,33290,8049,25,33301,4286,252,132105,0,0;
28838325500;7014462,44904,1,7166,14590,85,34532,8049,2,34452,0,0,132037,9749,7,33311,8035,10,33310,0,0,32408,9141,6,32350,0,0,33290,8051,25,33301,4285,253,132105,0,0;
28934157300;7014559,44904,1,7168,14591,85,34532,8047,2,34452,0,0,132037,9748,7,33311,8037,10,33310,0,0,32408,9141,6,32350,0,0,33290,8053,26,33301,4285,254,132105,0,0;
29034239800;7014658,44904,1,7169,14592,85,34532,8046,2,34452,0,0,132037,9748,7,33311,8038,10,33310,0,0,32408,9141,6,32350,0,0,33290,8049,26,33301,4285,255,132105,0,0;
29134913700;7014759,44904,1,7168,14589,83,34532,8046,2,34452,0,0,132037,9751,7,33311,8037,10,33310,0,0,32408,9141,6,32350,0,0,33290,8050,26,33301,4286,255,132105,0,0;
29233968000;7014858,44904,1,7169,14591,84,34532,8045,2,34452,0,0,132037,9749,7,33311,8038,10,33310,0,0,32408,9139,6,32350,0,0,33290,8050,26,33301,4286,255,132105,0,0;
29336369900;7014960,44904,1,7168,14588,83,34532,8045,2,34452,0,0,132037,9752,6,33311,8037,10,33310,0,0,32408,9141,6,32350,0,0,33290,8051,27,33301,4286,255,132105,0,0;
29437335100;7015062,44904,1,7166,14589,85,34532,8045,2,34452,0,0,132037,9750,6,33311,8035,10,33310,0,0,32408,9142,6,32350,0,0,33290,8051,27,33301,4285,254,132105,0,0;
29532168400;7015157,44904,1,7167,14590,83,34532,8045,2,34452,0,0,132037,9750,6,33311,8037,10,33310,0,0,32408,9141,6,32350,0,0,33290,8051,27,33301,4287,252,132105,0,0;
29634021200;7015259,44904,1,7170,14587,82,34532,8043,2,34452,0,0,132037,9754,6,33311,8040,10,33310,0,0,32408,9142,6,32350,0,0,33290,8052,27,33301,4286,248,132105,0,0;
29735710500;7015360,44904,1,7166,14590,85,34532,8044,2,34452,0,0,132037,9749,6,33311,8035,10,33310,0,0,32408,9142,5,32350,0,0,33290,8049,27,33301,4285,245,132105,0,0;
29836705900;7015461,44904,1,7166,14587,83,34532,8044,2,34452,0,0,132037,9752,6,33311,8035,10,33310,0,0,32408,9145,6,32350,0,0,33290,8050,27,33301,4286,245,132105,0,0;
29936927800;7015561,44904,1,7167,14591,85,34532,8045,2,34452,0,0,132037,9748,6,33311,8036,10,33310,0,0,32408,9143,6,32350,0,0,33290,8048,27,33301,4286,244,132105,0,0;
30033437600;7015658,44904,1,7168,14591,85,34532,8045,2,34452,0,0,132037,9749,6,33311,8037,10,33310,0,0,32408,9142,5,32350,0,0,33290,8051,26,33301,4285,244,132105,0,0;
30134029100;7015758,44904,1,7169,14591,85,34532,8046,2,34452,0,0,132037,9749,6,33311,8038,10,33310,0,0,32408,9141,6,32350,0,0,33290,8050,26,33301,4285,244,132105,0,0;
30233683800;7015858,44904,1,7167,14587,84,34532,8044,2,34452,0,0,132037,9752,7,33311,8036,10,33310,0,0,32408,9144,6,32350,0,0,33290,8050,26,33301,4285,246,132105,0,0;
30333348000;7015958,44904,1,7169,14589,83,34532,8047,2,34452,0,0,132037,9751,7,33311,8038,10,33310,0,0,32408,9141,5,32350,0,0,33290,8050,26,33301,4286,248,132105,0,0;
30433803100;7016058,44904,1,7168,14591,85,34532,8046,2,34452,0,0,132037,9749,6,33311,8037,10,33310,0,0,32408,9138,5,32350,0,0,33290,8050,26,33301,4285,250,132105,0,0;
30533701800;7016158,44904,1,7169,14593,85,34532,8047,2,34452,0,0,132037,9747,6,33311,8038,10,33310,0,0,32408,9138,6,32350,0,0,33290,8048,26,33301,4286,252,132105,0,0;
30633458000;7016258,44904,1,7165,14589,85,34532,8044,2,34452,0,0,132037,9749,6,33311,8034,10,33310,0,0,32408,9141,6,32350,0,0,33290,8051,26,33301,4285,252,132105,0,0;
30734069700;7016359,44904,1,7169,14591,84,34532,8045,2,34452,0,0,132037,9749,6,33311,8038,10,33310,0,0,32408,9141,5,32350,0,0,33290,8049,26,33301,4286,255,132105,0,0;
30836716600;7016461,44904,1,7165,14588,84,34532,8046,2,34452,0,0,132037,9750,6,33311,8034,10,33310,0,0,32408,9142,5,32350,0,0,33290,8051,27,33301,4286,252,132105,0,0;
