969829400;6369126,44904,1,8457,18402,31,34532,0,0,34452,0,0,132037,7511,32,33311,10565,0,33310,11139,0,32408,9636,14,32350,0,0,33290,11792,4,33301,6646,26,132105,0,0;
1071554900;6369227,44904,1,8458,18405,33,34532,0,0,34452,0,0,132037,7509,32,33311,10562,0,33310,11134,0,32408,9636,14,32350,0,0,33290,11791,4,33301,6647,25,132105,0,0;
1182761300;6369323,44904,1,8460,18405,36,34532,0,0,34452,0,0,132037,7509,32,33311,10560,0,33310,11136,0,32408,9637,14,32350,0,0,33290,11793,4,33301,6645,27,132105,0,0;
1269517800;6369426,44904,1,8462,18406,37,34532,0,0,34452,0,0,132037,7509,32,33311,10562,0,33310,11139,0,32408,9638,14,32350,0,0,33290,11796,4,33301,6645,27,132105,0,0;
1370398300;6369526,44904,1,8460,18404,35,34532,0,0,34452,0,0,132037,7510,32,33311,10560,0,33310,11148,0,32408,9637,14,32350,0,0,33290,11790,4,33301,6645,26,132105,0,0;
1471995600;6369628,44904,1,8455,18401,30,34532,0,0,34452,0,0,132037,7511,32,33311,10569,0,33310,11155,0,32408,9634,14,32350,0,0,33290,11793,4,33301,6645,28,132105,0,0;
1572773100;6369729,44904,1,8462,18404,38,34532,0,0,34452,0,0,132037,7510,32,33311,10555,0,33310,0,0,32408,9638,14,32350,0,0,33290,11793,4,33301,6643,29,132105,0,0;
1669213700;6369825,44904,1,8458,18401,32,34532,0,0,34452,0,0,132037,7512,32,33311,10562,0,33310,11127,0,32408,9636,14,32350,0,0,33290,11794,4,33301,6644,28,132105,0,0;
1770093100;6369926,44904,1,8457,18404,32,34532,0,0,34452,0,0,132037,7510,31,33311,10555,0,33310,11150,0,32408,9636,14,32350,0,0,33290,11792,4,33301,6647,28,132105,0,0;
1871189300;6370027,44904,1,8458,18402,32,34532,0,0,34452,0,0,132037,7511,31,33311,10560,0,33310,11132,0,32408,9636,14,32350,0,0,33290,11792,4,33301,6645,29,132105,0,0;
1971232100;6370128,44904,1,8458,18402,32,34532,0,0,34452,0,0,132037,7511,32,33311,10559,0,33310,11131,0,32408,9636,14,32350,0,0,33290,11794,4,33301,6645,28,132105,0,0;
2068715500;6370225,44904,1,8457,18401,30,34532,0,0,34452,0,0,132037,7512,32,33311,10562,0,33310,11129,0,32408,9636,14,32350,0,0,33290,11793,4,33301,6646,27,132105,0,0;
2168746700;6370325,44904,1,8462,18405,34,34532,0,0,34452,0,0,132037,7511,32,33311,10557,0,33310,0,0,32408,9640,14,32350,0,0,33290,11791,4,33301,6646,28,132105,0,0;
2268663100;6370425,44904,1,8459,18402,36,34532,0,0,34452,0,0,132037,7510,32,33311,10559,0,33310,11136,0,32408,9636,14,32350,0,0,33290,11791,4,33301,6643,27,132105,0,0;
2370861100;6370527,44904,1,8460,18405,36,34532,0,0,34452,0,0,132037,7509,32,33311,10558,0,33310,11120,0,32408,9637,14,32350,0,0,33290,11791,4,33301,6645,27,132105,0,0;
2466507200;6370623,44904,1,8461,18405,35,34532,0,0,34452,0,0,132037,7510,32,33311,10556,0,33310,11117,0,32408,9638,14,32350,0,0,33290,11792,4,33301,6646,28,132105,0,0;
2569199800;6370725,44904,1,8458,18402,31,34532,0,0,34452,0,0,132037,7512,33,33311,10566,0,33310,11120,0,32408,9637,13,32350,0,0,33290,11790,4,33301,6646,28,132105,0,0;
2671032700;6370827,44904,1,8461,18403,37,34532,0,0,34452,0,0,132037,7510,33,33311,10560,0,33310,11123,0,32408,9637,14,32350,0,0,33290,11792,4,33301,6643,29,132105,0,0;
2771875700;6370928,44904,1,8459,18402,32,34532,0,0,34452,0,0,132037,7512,33,33311,10559,0,33310,11122,0,32408,9637,13,32350,0,0,33290,11793,4,33301,6645,29,132105,0,0;
2866108300;6371022,44904,1,8463,18405,37,34532,0,0,34452,0,0,132037,7510,33,33311,10559,0,33310,0,0,32408,9640,13,32350,0,0,33290,11792,4,33301,6645,29,132105,0,0;
2968473400;6371125,44904,1,8461,18403,34,34532,0,0,34452,0,0,132037,7511,33,33311,10557,0,33310,0,0,32408,9638,14,32350,0,0,33290,11793,4,33301,6645,30,132105,0,0;
3072663500;6371229,44904,1,8454,18402,32,34532,0,0,34452,0,0,132037,7509,33,33311,10557,0,33310,11115,0,32408,9633,14,32350,0,0,33290,11791,4,33301,6645,31,132105,0,0;
3170600400;6371327,44904,1,8459,18403,33,34532,0,0,34452,0,0,132037,7511,34,33311,10562,0,33310,11128,0,32408,9637,14,32350,0,0,33290,11791,3,33301,6645,31,132105,0,0;
3266124700;6371423,44904,1,8460,18405,36,34532,0,0,34452,0,0,132037,7509,33,33311,10559,0,33310,11128,0,32408,9637,14,32350,0,0,33290,11793,4,33301,6645,31,132105,0,0;
3369547900;6371526,44904,1,8458,18404,33,34532,0,0,34452,0,0,132037,7510,33,33311,10560,0,33310,0,0,32408,9636,14,32350,0,0,33290,11794,4,33301,6646,30,132105,0,0;
3469154200;6371626,44904,1,8460,18403,36,34532,0,0,34452,0,0,132037,7510,33,33311,10562,0,33310,11122,0,32408,9637,14,32350,0,0,33290,11793,3,33301,6644,29,132105,0,0;
3570704700;6371728,44904,1,8462,18405,34,34532,0,0,34452,0,0,132037,7511,34,33311,10561,0,33310,11123,0,32408,9640,14,32350,0,0,33290,11793,4,33301,6646,29,132105,0,0;
3666185600;6371823,44904,1,8460,18403,36,34532,0,0,34452,0,0,132037,7510,33,33311,10564,0,33310,11126,0,32408,9637,14,32350,0,0,33290,11795,4,33301,6644,28,132105,0,0;
3769049900;6371926,44904,1,8456,18402,30,34532,0,0,34452,0,0,132037,7511,33,33311,10558,0,33310,11124,0,32408,9635,14,32350,0,0,33290,11792,4,33301,6646,28,132105,0,0;
3869674600;6372026,44904,1,8455,18402,32,34532,0,0,34452,0,0,132037,7510,33,33311,10565,0,33310,0,0,32408,9634,14,32350,0,0,33290,11792,4,33301,6645,28,132105,0,0;
3970118400;6372127,44904,1,8457,18402,31,34532,0,0,34452,0,0,132037,7511,33,33311,10567,0,33310,0,0,32408,9636,14,32350,0,0,33290,11791,4,33301,6646,28,132105,0,0;
4066522300;6372224,44904,1,8458,18403,34,34532,0,0,34452,0,0,132037,7510,33,33311,10557,0,33310,11112,0,32408,9636,14,32350,0,0,33290,11758,4,33301,6645,27,132105,0,0;
4167905100;6372325,44904,1,8462,18403,34,34532,0,0,34452,0,0,132037,7512,33,33311,10561,0,33310,11117,0,32408,9640,14,32350,0,0,33290,11793,4,33301,6645,26,132105,0,0;
4268056600;6372425,44904,1,8460,18404,33,34532,0,0,34452,0,0,132037,7511,33,33311,10569,0,33310,11113,0,32408,9638,13,32350,0,0,33290,11792,4,33301,6646,26,132105,0,0;
4367924700;6372525,44904,1,8459,18405,33,34532,0,0,34452,0,0,132037,7510,33,33311,10569,0,33310,11114,0,32408,9637,13,32350,0,0,33290,11793,4,33301,6647,26,132105,0,0;
4467584000;6372625,44904,1,8461,18403,34,34532,0,0,34452,0,0,132037,7511,33,33311,10565,0,33310,11113,0,32408,9638,13,32350,0,0,33290,11758,4,33301,6645,26,132105,0,0;
4571343200;6372729,44904,1,8460,18405,34,34532,0,0,34452,0,0,132037,7510,33,33311,10570,0,33310,11109,0,32408,9638,13,32350,0,0,33290,11792,3,33301,6647,27,132105,0,0;
4665287200;6372823,44904,1,8459,18403,35,34532,0,0,34452,0,0,132037,7510,33,33311,10565,0,33310,11109,0,32408,9636,13,32350,0,0,33290,11792,4,33301,6644,28,132105,0,0;
4767795700;6372925,44904,1,8457,18404,32,34532,0,0,34452,0,0,132037,7510,33,33311,10568,0,33310,11107,0,32408,9636,14,32350,0,0,33290,11791,4,33301,6647,28,132105,0,0;
4868877700;6373026,44904,1,8460,18405,34,34532,0,0,34452,0,0,132037,7510,34,33311,10565,0,33310,11109,0,32408,9638,14,32350,0,0,33290,11795,4,33301,6647,28,132105,0,0;
4968926400;6373126,44904,1,8462,18406,37,34532,0,0,34452,0,0,132037,7509,34,33311,10569,0,33310,11108,0,32408,9638,14,32350,0,0,33290,11793,4,33301,6645,28,132105,0,0;
5070624800;6373227,44904,1,8459,18406,34,34532,0,0,34452,0,0,132037,7509,34,33311,10577,0,33310,11110,0,32408,9637,14,32350,0,0,33290,11794,4,33301,6647,28,132105,0,0;
5171294200;6373328,44904,1,8460,18405,35,34532,0,0,34452,0,0,132037,7509,34,33311,10569,0,33310,11123,0,32408,9637,14,32350,0,0,33290,11791,4,33301,6646,28,132105,0,0;
5267324900;6373424,44904,1,8460,18404,35,34532,0,0,34452,0,0,132037,7510,34,33311,10569,0,33310,11112,0,32408,9637,14,32350,0,0,33290,11794,4,33301,6645,28,132105,0,0;
5369145100;6373526,44904,1,8460,18404,35,34532,0,0,34452,0,0,132037,7510,34,33311,10571,0,33310,0,0,32408,9637,14,32350,0,0,33290,11791,4,33301,6645,28,132105,0,0;
5469743900;6373627,44904,1,8463,18405,37,34532,0,0,34452,0,0,132037,7510,34,33311,10571,0,33310,11124,0,32408,9640,13,32350,0,0,33290,11790,4,33301,6645,29,132105,0,0;
5565775000;6373723,44904,1,8461,18407,37,34532,0,0,34452,0,0,132037,7508,34,33311,10566,0,33310,11128,0,32408,9638,13,32350,0,0,33290,11794,4,33301,6647,29,132105,0,0;
5669599900;6373826,44904,1,8457,18402,33,34532,0,0,34452,0,0,132037,7510,34,33311,10566,0,33310,11120,0,32408,9635,13,32350,0,0,33290,11793,4,33301,6645,29,132105,0,0;
5769448200;6373926,44904,1,8458,18402,32,34532,0,0,34452,0,0,132037,7511,33,33311,10573,0,33310,11120,0,32408,9636,13,32350,0,0,33290,11792,4,33301,6645,28,132105,0,0;
5872473900;6374029,44904,1,8460,18405,36,34532,0,0,34452,0,0,132037,7509,34,33311,10568,0,33310,11123,0,32408,9637,14,32350,0,0,33290,11794,4,33301,6645,29,132105,0,0;
5970693800;6374128,44904,1,8461,18403,34,34532,0,0,34452,0,0,132037,7511,34,33311,10568,0,33310,0,0,32408,9638,14,32350,0,0,33290,11792,4,33301,6645,29,132105,0,0;
6066200200;6374223,44904,1,8461,18405,36,34532,0,0,34452,0,0,132037,7510,34,33311,10564,0,33310,11122,0,32408,9638,14,32350,0,0,33290,11791,4,33301,6645,30,132105,0,0;
6168905900;6374325,44904,1,8461,18402,34,34532,0,0,34452,0,0,132037,7512,34,33311,10562,0,33310,11121,0,32408,9638,14,32350,0,0,33290,11795,4,33301,6644,28,132105,0,0;
6269368100;6374426,44904,1,8460,18403,36,34532,0,0,34452,0,0,132037,7510,34,33311,10560,0,33310,11121,0,32408,9637,14,32350,0,0,33290,11793,4,33301,6644,28,132105,0,0;
6369335500;6374527,44904,1,8454,18403,30,34532,0,0,34452,0,0,132037,7510,34,33311,10562,0,33310,11127,0,32408,9634,14,32350,0,0,33290,11790,4,33301,6647,29,132105,0,0;
6465843000;6374623,44904,1,8463,18407,37,34532,0,0,34452,0,0,132037,7509,34,33311,10560,0,33310,0,0,32408,9640,15,32350,0,0,33290,11792,4,33301,6646,29,132105,0,0;
6569757300;6374727,44904,1,8454,18401,29,34532,0,0,34452,0,0,132037,7511,33,33311,10564,0,33310,11135,0,32408,9634,14,32350,0,0,33290,11789,4,33301,6646,28,132105,0,0;
6669266300;6374827,44904,1,8457,18402,33,34532,0,0,34452,0,0,132037,7510,34,33311,10565,0,33310,11122,0,32408,9635,14,32350,0,0,33290,11793,4,33301,6645,29,132105,0,0;
6770112400;6374927,44904,1,8462,18404,35,34532,0,0,34452,0,0,132037,7511,33,33311,10562,0,33310,11126,0,32408,9640,14,32350,0,0,33290,11793,4,33301,6645,28,132105,0,0;
6866019800;6375023,44904,1,8458,18404,31,34532,0,0,34452,0,0,132037,7511,33,33311,10563,0,33310,0,0,32408,9637,13,32350,0,0,33290,11790,4,33301,6647,28,132105,0,0;
6969962400;6375127,44904,1,8458,18404,31,34532,0,0,34452,0,0,132037,7511,33,33311,10565,0,33310,11132,0,32408,9637,13,32350,0,0,33290,11792,4,33301,6647,28,132105,0,0;
7069130800;6375226,44904,1,8463,18407,36,34532,0,0,34452,0,0,132037,7510,33,33311,10561,0,33310,0,0,32408,9641,13,32350,0,0,33290,11793,4,33301,6647,27,132105,0,0;
7168145300;6375325,44904,1,8460,18405,35,34532,0,0,34452,0,0,132037,7509,34,33311,10562,0,33310,11133,0,32408,9637,13,32350,0,0,33290,11794,4,33301,6646,26,132105,0,0;
7270728800;6375428,44904,1,8455,18404,31,34532,0,0,34452,0,0,132037,7509,33,33311,10562,0,33310,11126,0,32408,9634,13,32350,0,0,33290,11790,4,33301,6647,27,132105,0,0;
7365557900;6375523,44904,1,8459,18403,33,34532,0,0,34452,0,0,132037,7511,33,33311,10562,0,33310,0,0,32408,9637,14,32350,0,0,33290,11793,4,33301,6645,27,132105,0,0;
7468271100;6375625,44904,1,8458,18403,34,34532,0,0,34452,0,0,132037,7510,33,33311,10563,0,33310,11112,0,32408,9636,14,32350,0,0,33290,11794,4,33301,6645,29,132105,0,0;
7568214100;6375725,44904,1,8460,18406,37,34532,0,0,34452,0,0,132037,7508,33,33311,10565,0,33310,11110,1,32408,9637,13,32350,0,0,33290,11791,4,33301,6646,29,132105,0,0;
7670172600;6375827,44904,1,8460,18405,35,34532,0,0,34452,0,0,132037,7509,33,33311,10561,0,33310,0,0,32408,9637,13,32350,0,0,33290,11790,4,33301,6646,28,132105,0,0;
7764620300;6375922,44904,1,8459,18404,35,34532,0,0,34452,0,0,132037,7509,33,33311,10561,0,33310,11110,1,32408,9636,13,32350,0,0,33290,11792,4,33301,6645,27,132105,0,0;
7867908900;6376025,44904,1,8458,18405,31,34532,0,0,34452,0,0,132037,7510,33,33311,10561,0,33310,11110,0,32408,9637,14,32350,0,0,33290,11795,4,33301,6648,28,132105,0,0;
7968798500;6376126,44904,1,8461,18406,36,34532,0,0,34452,0,0,132037,7509,33,33311,10567,0,33310,11113,0,32408,9638,13,32350,0,0,33290,11792,4,33301,6646,29,132105,0,0;
8069189800;6376226,44904,1,8460,18401,31,34532,0,0,34452,0,0,132037,7514,33,33311,10563,0,33310,11108,0,32408,9640,14,32350,0,0,33290,11793,4,33301,6645,30,132105,0,0;
8169042800;6376327,44904,1,8462,18406,37,34532,0,0,34452,0,0,132037,7509,33,33311,10563,0,33310,11112,1,32408,9638,14,32350,0,0,33290,11794,4,33301,6645,31,132105,0,0;
8265005000;6376423,44904,1,8461,18404,38,34532,0,0,34452,0,0,132037,7509,33,33311,10562,0,33310,0,0,32408,9637,14,32350,0,0,33290,11793,4,33301,6644,30,132105,0,0;
8367146000;6376525,44904,1,8458,18403,36,34532,0,0,34452,0,0,132037,7509,33,33311,10563,0,33310,11109,0,32408,9635,14,32350,0,0,33290,11791,4,33301,6644,30,132105,0,0;
8467324900;6376625,44904,1,8458,18403,37,34532,0,0,34452,0,0,132037,7509,33,33311,10563,0,33310,0,0,32408,9635,14,32350,0,0,33290,11792,4,33301,6643,29,132105,0,0;
8569490300;6376726,44904,1,8460,18402,35,34532,0,0,34452,0,0,132037,7511,33,33311,10561,0,33310,0,0,32408,9637,14,32350,0,0,33290,11794,4,33301,6644,29,132105,0,0;
8665861900;6376824,44904,1,8461,18403,37,34532,0,0,34452,0,0,132037,7510,33,33311,10559,0,33310,11106,0,32408,9637,14,32350,0,0,33290,11792,4,33301,6643,29,132105,0,0;
8766870100;6376925,44904,1,8459,18403,32,34532,0,0,34452,0,0,132037,7511,33,33311,10563,0,33310,11105,0,32408,9637,14,32350,0,0,33290,11793,4,33301,6646,30,132105,0,0;
8868216400;6377026,44904,1,8462,18404,35,34532,0,0,34452,0,0,132037,7511,33,33311,10560,0,33310,11104,0,32408,9640,13,32350,0,0,33290,11792,4,33301,6645,29,132105,0,0;
8969446800;6377127,44904,1,8459,18403,35,34532,0,0,34452,0,0,132037,7510,33,33311,10563,0,33310,11110,0,32408,9636,13,32350,0,0,33290,11792,4,33301,6644,29,132105,0,0;
9066401100;6377223,44904,1,8461,18405,35,34532,0,0,34452,0,0,132037,7510,33,33311,10562,0,33310,11112,0,32408,9638,13,32350,0,0,33290,11791,4,33301,6646,28,132105,0,0;
9168032300;6377325,44904,1,8457,18402,33,34532,0,0,34452,0,0,132037,7510,33,33311,10566,0,33310,11118,0,32408,9635,13,32350,0,0,33290,11793,4,33301,6645,28,132105,0,0;
9268292600;6377426,44904,1,8462,18403,37,34532,0,0,34452,0,0,132037,7511,33,33311,10558,0,33310,11109,0,32408,9638,13,32350,0,0,33290,11794,4,33301,6643,29,132105,0,0;
9371146800;6377528,44904,1,8455,18402,31,34532,0,0,34452,0,0,132037,7510,33,33311,10559,0,33310,11114,0,32408,9634,14,32350,0,0,33290,11793,4,33301,6646,29,132105,0,0;
9466211300;6377623,44904,1,8462,18404,37,34532,0,0,34452,0,0,132037,7510,33,33311,10560,0,33310,11112,0,32408,9638,14,32350,0,0,33290,11792,4,33301,6644,29,132105,0,0;
9567624300;6377725,44904,1,8460,18405,36,34532,0,0,34452,0,0,132037,7509,33,33311,10557,0,33310,11116,0,32408,9637,14,32350,0,0,33290,11790,4,33301,6645,29,132105,0,0;
9669198300;6377827,44904,1,8460,18404,35,34532,0,0,34452,0,0,132037,7510,33,33311,10555,0,33310,11106,0,32408,9637,14,32350,0,0,33290,11791,4,33301,6645,29,132105,0,0;
9768794800;6377926,44904,1,8462,18403,37,34532,0,0,34452,0,0,132037,7511,33,33311,10559,0,33310,11109,0,32408,9638,14,32350,0,0,33290,11792,4,33301,6643,29,132105,0,0;
9864802300;6378023,44904,1,8459,18402,36,34532,0,0,34452,0,0,132037,7510,33,33311,10555,0,33310,11106,0,32408,9636,14,32350,0,0,33290,11793,4,33301,6643,30,132105,0,0;
9966595300;6378125,44904,1,8458,18403,34,34532,0,0,34452,0,0,132037,7510,33,33311,10558,0,33310,11113,0,32408,9636,14,32350,0,0,33290,11796,4,33301,6645,30,132105,0,0;
10068978400;6378227,44904,1,8462,18405,39,34532,0,0,34452,0,0,132037,7509,33,33311,10558,0,33310,0,0,32408,9638,14,32350,0,0,33290,11794,4,33301,6644,30,132105,0,0;
10168312800;6378326,44904,1,8465,18407,41,34532,0,0,34452,0,0,132037,7509,33,33311,10555,0,33310,0,0,32408,9641,13,32350,0,0,33290,11791,4,33301,6644,30,132105,0,0;
10268472200;6378426,44904,1,8460,18404,33,34532,0,0,34452,0,0,132037,7511,33,33311,10564,0,33310,11104,0,32408,9638,13,32350,0,0,33290,11791,4,33301,6646,30,132105,0,0;
10364679400;6378523,44904,1,8460,18403,32,34532,0,0,34452,0,0,132037,7512,32,33311,10577,0,33310,0,0,32408,9638,13,32350,0,0,33290,11792,4,33301,6646,29,132105,0,0;
10466626900;6378625,44904,1,8456,18401,31,34532,0,0,34452,0,0,132037,7511,33,33311,10560,0,33310,0,0,32408,9635,14,32350,0,0,33290,11790,4,33301,6645,29,132105,0,0;
10567613900;6378726,44904,1,8463,18405,37,34532,0,0,34452,0,0,132037,7510,33,33311,10561,0,33310,0,0,32408,9640,13,32350,0,0,33290,11792,4,33301,6645,28,132105,0,0;
10668829300;6378827,44904,1,8459,18403,33,34532,0,0,34452,0,0,132037,7511,33,33311,10560,0,33310,0,0,32408,9637,14,32350,0,0,33290,11791,4,33301,6645,28,132105,0,0;
10763897700;6378922,44904,1,8458,18404,33,34532,0,0,34452,0,0,132037,7510,32,33311,10556,0,33310,0,0,32408,9636,13,32350,0,0,33290,11792,4,33301,6646,27,132105,0,0;
10867011200;6379024,44904,1,8459,18404,34,34532,0,0,34452,0,0,132037,7510,33,33311,10561,0,33310,0,0,32408,9637,14,32350,0,0,33290,0,0,33301,6646,27,132105,0,0;
10969763700;6379127,44904,1,8463,18405,37,34532,0,0,34452,0,0,132037,7510,33,33311,10564,0,33310,0,0,32408,9640,14,32350,0,0,33290,11792,4,33301,6645,27,132105,0,0;
11068173600;6379226,44904,1,8458,18405,36,34532,0,0,34452,0,0,132037,7508,33,33311,10564,0,33310,0,0,32408,9635,14,32350,0,0,33290,11788,4,33301,6645,27,132105,0,0;
11169674700;6379327,44904,1,8458,18402,32,34532,0,0,34452,0,0,132037,7511,33,33311,10558,0,33310,0,0,32408,9636,14,32350,0,0,33290,0,0,33301,6645,27,132105,0,0;
11265806200;6379423,44904,1,8454,18403,30,34532,0,0,34452,0,0,132037,7510,33,33311,10567,0,33310,0,0,32408,9634,14,32350,0,0,33290,11787,4,33301,6647,27,132105,0,0;
11367418900;6379525,44904,1,8461,18405,35,34532,0,0,34452,0,0,132037,7510,33,33311,10563,0,33310,0,0,32408,9638,14,32350,0,0,33290,11792,4,33301,6646,27,132105,0,0;
11466955800;6379625,44904,1,8459,18404,35,34532,0,0,34452,0,0,132037,7509,33,33311,10559,0,33310,0,0,32408,9636,14,32350,0,0,33290,11791,4,33301,6645,27,132105,0,0;
11567552800;6379725,44904,1,8462,18404,38,34532,0,0,34452,0,0,132037,7510,33,33311,10563,0,33310,0,0,32408,9638,14,32350,0,0,33290,11792,4,33301,6643,28,132105,0,0;
11669265800;6379826,44904,1,8459,18404,34,34532,0,0,34452,0,0,132037,7510,33,33311,10563,0,33310,0,0,32408,9637,13,32350,0,0,33290,11790,4,33301,6646,27,132105,0,0;
11769546100;6379927,44904,1,8457,18402,33,34532,0,0,34452,0,0,132037,7510,33,33311,10562,0,33310,0,0,32408,9635,13,32350,0,0,33290,11792,4,33301,6645,27,132105,0,0;
11869018900;6380027,44904,1,8458,18403,34,34532,0,0,34452,0,0,132037,7510,33,33311,10564,0,33310,0,0,32408,9636,14,32350,0,0,33290,11790,4,33301,6645,27,132105,0,0;
11964768300;6380123,44904,1,8458,18403,34,34532,0,0,34452,0,0,132037,7510,33,33311,10567,0,33310,0,0,32408,9636,14,32350,0,0,33290,11793,4,33301,6645,27,132105,0,0;
12066185700;6380225,44904,1,8458,18404,33,34532,0,0,34452,0,0,132037,7510,32,33311,10560,0,33310,0,0,32408,9636,13,32350,0,0,33290,11793,4,33301,6646,27,132105,0,0;
12167390100;6380326,44904,1,8458,18402,34,34532,0,0,34452,0,0,132037,7511,33,33311,10564,0,33310,0,0,32408,9636,14,32350,0,0,33290,11792,4,33301,6644,27,132105,0,0;
12268261400;6380427,44904,1,8461,18405,35,34532,0,0,34452,0,0,132037,7510,33,33311,10562,0,33310,0,0,32408,9638,14,32350,0,0,33290,11790,4,33301,6646,27,132105,0,0;
12364716700;6380523,44904,1,8455,18402,31,34532,0,0,34452,0,0,132037,7510,33,33311,10573,0,33310,0,0,32408,9634,14,32350,0,0,33290,11793,4,33301,6646,27,132105,0,0;
12466848800;6380625,44904,1,8457,18402,31,34532,0,0,34452,0,0,132037,7511,33,33311,10569,0,33310,0,0,32408,9636,14,32350,0,0,33290,11793,4,33301,6646,27,132105,0,0;
12567860900;6380726,44904,1,8458,18402,32,34532,0,0,34452,0,0,132037,7511,32,33311,10580,0,33310,0,0,32408,9636,13,32350,0,0,33290,11791,4,33301,6645,27,132105,0,0;
12669716000;6380828,44904,1,8456,18401,31,34532,0,0,34452,0,0,132037,7511,33,33311,10570,0,33310,0,0,32408,9635,14,32350,0,0,33290,11790,4,33301,6645,27,132105,0,0;
12766043100;6380924,44904,1,8459,18405,33,34532,0,0,34452,0,0,132037,7510,32,33311,10583,0,33310,0,0,32408,9637,13,32350,0,0,33290,11793,4,33301,6647,26,132105,0,0;
12866387200;6381024,44904,1,8453,18401,30,34532,0,0,34452,0,0,132037,7510,33,33311,10587,0,33310,0,0,32408,9633,14,32350,0,0,33290,11790,4,33301,6646,26,132105,0,0;
12969452100;6381127,44904,1,8453,18399,28,34532,0,0,34452,0,0,132037,7512,33,33311,10585,0,33310,0,0,32408,9633,14,32350,0,0,33290,11792,4,33301,6645,27,132105,0,0;
13064714700;6381223,44904,1,8460,18405,35,34532,0,0,34452,0,0,132037,7509,33,33311,10577,0,33310,0,0,32408,9637,14,32350,0,0,33290,11792,4,33301,6646,28,132105,0,0;
13166403700;6381325,44904,1,8459,18405,33,34532,0,0,34452,0,0,132037,7510,33,33311,10582,0,33310,0,0,32408,9637,14,32350,0,0,33290,11789,4,33301,6647,28,132105,0,0;
13266623700;6381425,44904,1,8461,18404,38,34532,0,0,34452,0,0,132037,7509,33,33311,10569,0,33310,0,0,32408,9637,14,32350,0,0,33290,11790,4,33301,6644,29,132105,0,0;
13367721000;6381526,44904,1,8461,18404,38,34532,0,0,34452,0,0,132037,7509,33,33311,10567,0,33310,0,0,32408,9637,14,32350,0,0,33290,11791,4,33301,6644,29,132105,0,0;
13468373600;6381627,44904,1,8461,18405,39,34532,0,0,34452,0,0,132037,7508,33,33311,10573,0,33310,0,0,32408,9637,14,32350,0,0,33290,11792,4,33301,6644,28,132105,0,0;
13564525400;6381723,44904,1,8460,18405,36,34532,0,0,34452,0,0,132037,7509,32,33311,10577,0,33310,0,0,32408,9637,13,32350,0,0,33290,11791,4,33301,6645,29,132105,0,0;
13666591400;6381824,44904,1,8455,18400,32,34532,0,0,34452,0,0,132037,7511,33,33311,10580,0,33310,0,0,32408,9634,13,32350,0,0,33290,11792,4,33301,6644,29,132105,0,0;
13767235500;6381925,44904,1,8460,18403,36,34532,0,0,34452,0,0,132037,7510,33,33311,10577,0,33310,0,0,32408,9637,13,32350,0,0,33290,11791,4,33301,6644,28,132105,0,0;
13867480800;6382026,44904,1,8459,18406,34,34532,0,0,34452,0,0,132037,7509,33,33311,10572,0,33310,0,0,32408,9637,13,32350,0,0,33290,11791,4,33301,6647,29,132105,0,0;
13963713400;6382122,44904,1,8458,18402,34,34532,0,0,34452,0,0,132037,7511,33,33311,10575,0,33310,0,0,32408,9636,13,32350,0,0,33290,11786,4,33301,6644,29,132105,0,0;
14067741200;6382226,44904,1,8460,18405,35,34532,0,0,34452,0,0,132037,7509,33,33311,10576,0,33310,0,0,32408,9637,13,32350,0,0,33290,11796,4,33301,6646,29,132105,0,0;
14166710300;6382325,44904,1,8458,18404,33,34532,0,0,34452,0,0,132037,7510,33,33311,10569,0,33310,0,0,32408,9636,13,32350,0,0,33290,11792,4,33301,6646,28,132105,0,0;
14268019800;6382426,44904,1,8458,18403,34,34532,0,0,34452,0,0,132037,7510,33,33311,10575,0,33310,0,0,32408,9636,14,32350,0,0,33290,11792,4,33301,6645,28,132105,0,0;
14369642000;6382527,44904,1,8465,18405,40,34532,0,0,34452,0,0,132037,7510,33,33311,10563,0,33310,0,0,32408,9641,13,32350,0,0,33290,11795,4,33301,6643,28,132105,0,0;
14465112200;6382624,44904,1,8457,18402,33,34532,0,0,34452,0,0,132037,7510,33,33311,10567,0,33310,0,0,32408,9635,13,32350,0,0,33290,11791,4,33301,6645,28,132105,0,0;
14567306000;6382725,44904,1,8462,18407,39,34532,0,0,34452,0,0,132037,7508,33,33311,10568,0,33310,0,0,32408,9638,13,32350,0,0,33290,11792,4,33301,6645,28,132105,0,0;
14666672500;6382825,44904,1,8459,18406,33,34532,0,0,34452,0,0,132037,7509,33,33311,10568,0,33310,0,0,32408,9637,13,32350,0,0,33290,11793,4,33301,6648,29,132105,0,0;
14767571600;6382926,44904,1,8456,18404,35,34532,0,0,34452,0,0,132037,7508,33,33311,10569,0,33310,0,0,32408,9634,13,32350,0,0,33290,11795,4,33301,6645,29,132105,0,0;
14863575200;6383022,44904,1,8457,18404,32,34532,0,0,34452,0,0,132037,7510,33,33311,10565,0,33310,0,0,32408,9636,13,32350,0,0,33290,11790,4,33301,6647,29,132105,0,0;
14966321800;6383125,44904,1,8460,18405,34,34532,0,0,34452,0,0,132037,7510,33,33311,10567,0,33310,0,0,32408,9638,13,32350,0,0,33290,11790,4,33301,6647,29,132105,0,0;
15066919700;6383225,44904,1,8456,18401,31,34532,0,0,34452,0,0,132037,7511,33,33311,10562,0,33310,0,0,32408,9635,13,32350,0,0,33290,11790,4,33301,6645,29,132105,0,0;
15168726100;6383327,44904,1,8455,18403,32,34532,0,0,34452,0,0,132037,7509,33,33311,10565,0,33310,0,0,32408,9634,13,32350,0,0,33290,11791,4,33301,6646,27,132105,0,0;
15265317800;6383424,44904,1,8462,18405,34,34532,0,0,34452,0,0,132037,7511,33,33311,10562,0,33310,0,0,32408,9640,13,32350,0,0,33290,11792,4,33301,6646,26,132105,0,0;
15367499200;6383526,44904,1,8457,18402,33,34532,0,0,34452,0,0,132037,7510,33,33311,10565,0,33310,11117,1,32408,9635,14,32350,0,0,33290,11791,4,33301,6645,25,132105,0,0;
15468437900;6383627,44904,1,8460,18405,36,34532,0,0,34452,0,0,132037,7509,33,33311,10559,0,33310,0,0,32408,9637,13,32350,0,0,33290,11791,4,33301,6645,25,132105,0,0;
15564437300;6383723,44904,1,8463,18405,38,34532,0,0,34452,0,0,132037,7510,33,33311,10565,0,33310,11116,1,32408,9640,14,32350,0,0,33290,11792,4,33301,6644,27,132105,0,0;
15665290600;6383824,44904,1,8460,18404,33,34532,0,0,34452,0,0,132037,7511,33,33311,10558,0,33310,11116,0,32408,9638,13,32350,0,0,33290,11789,4,33301,6646,27,132105,0,0;
15767962500;6383926,44904,1,8461,18404,38,34532,0,0,34452,0,0,132037,7509,33,33311,10564,0,33310,11116,1,32408,9637,14,32350,0,0,33290,0,0,33301,6644,27,132105,0,0;
15869085300;6384027,44904,1,8461,18406,38,34532,0,0,34452,0,0,132037,7508,33,33311,10557,0,33310,0,0,32408,9637,14,32350,0,0,33290,11791,4,33301,6645,27,132105,0,0;
15963269900;6384122,44904,1,8459,18403,35,34532,0,0,34452,0,0,132037,7510,33,33311,10560,0,33310,11113,0,32408,9636,14,32350,0,0,33290,11793,4,33301,6644,27,132105,0,0;
16066287100;6384225,44904,1,8458,18402,34,34532,0,0,34452,0,0,132037,7511,33,33311,10566,0,33310,11122,0,32408,9636,13,32350,0,0,33290,0,0,33301,6644,27,132105,0,0;
16166311500;6384325,44904,1,8461,18402,37,34532,0,0,34452,0,0,132037,7511,33,33311,10559,0,33310,11122,0,32408,9637,13,32350,0,0,33290,11791,4,33301,6642,27,132105,0,0;
16267512600;6384426,44904,1,8460,18404,32,34532,0,0,34452,0,0,132037,7511,33,33311,10565,0,33310,11119,0,32408,9638,13,32350,0,0,33290,11793,4,33301,6647,27,132105,0,0;
16362825900;6384521,44904,1,8460,18404,33,34532,0,0,34452,0,0,132037,7511,33,33311,10559,0,33310,11122,0,32408,9638,13,32350,0,0,33290,0,0,33301,6646,27,132105,0,0;
16466562600;6384625,44904,1,8457,18405,35,34532,0,0,34452,0,0,132037,7507,33,33311,10565,0,33310,0,0,32408,9634,13,32350,0,0,33290,11793,4,33301,6646,28,132105,0,0;
16567329400;6384726,44904,1,8461,18403,37,34532,0,0,34452,0,0,132037,7510,33,33311,10563,0,33310,11135,0,32408,9637,13,32350,0,0,33290,11793,4,33301,6643,29,132105,0,0;
16668560600;6384826,44904,1,8463,18405,38,34532,0,0,34452,0,0,132037,7510,33,33311,10562,0,33310,0,0,32408,9640,13,32350,0,0,33290,11795,4,33301,6644,29,132105,0,0;
16767694500;6384926,44904,1,8458,18404,33,34532,0,0,34452,0,0,132037,7510,33,33311,10565,0,33310,0,0,32408,9636,14,32350,0,0,33290,11794,4,33301,6646,30,132105,0,0;
16864204500;6385023,44904,1,8461,18404,39,34532,0,0,34452,0,0,132037,7509,33,33311,10571,0,33310,11137,0,32408,9637,14,32350,0,0,33290,0,0,33301,6643,29,132105,0,0;
16965395000;6385124,44904,1,8461,18403,37,34532,0,0,34452,0,0,132037,7510,33,33311,10569,0,33310,0,0,32408,9637,13,32350,0,0,33290,11789,4,33301,6643,29,132105,0,0;
17066690900;6385225,44904,1,8463,18408,40,34532,0,0,34452,0,0,132037,7507,33,33311,10571,0,33310,11130,0,32408,9638,14,32350,0,0,33290,11790,4,33301,6645,29,132105,0,0;
17166744000;6385325,44904,1,8460,18403,36,34532,0,0,34452,0,0,132037,7510,33,33311,10568,0,33310,11132,0,32408,9637,14,32350,0,0,33290,11794,4,33301,6644,29,132105,0,0;
17262603700;6385421,44904,1,8460,18405,36,34532,0,0,34452,0,0,132037,7509,33,33311,10572,0,33310,11135,0,32408,9637,13,32350,0,0,33290,11791,4,33301,6645,28,132105,0,0;
17367112100;6385525,44904,1,8458,18403,34,34532,0,0,34452,0,0,132037,7510,33,33311,10571,0,33310,11140,0,32408,9636,14,32350,0,0,33290,11793,4,33301,6645,28,132105,0,0;
17467710400;6385626,44904,1,8460,18403,36,34532,0,0,34452,0,0,132037,7510,33,33311,10566,0,33310,11134,0,32408,9637,13,32350,0,0,33290,11790,4,33301,6644,29,132105,0,0;
17567185700;6385726,44904,1,8457,18404,32,34532,0,0,34452,0,0,132037,7510,33,33311,10564,0,33310,11145,0,32408,9636,14,32350,0,0,33290,11794,4,33301,6647,29,132105,0,0;
17663301600;6385822,44904,1,8459,18404,34,34532,0,0,34452,0,0,132037,7510,33,33311,10573,0,33310,11139,0,32408,9637,14,32350,0,0,33290,11791,4,33301,6646,28,132105,0,0;
17765829800;6385925,44904,1,8458,18404,33,34532,0,0,34452,0,0,132037,7510,33,33311,10566,0,33310,11155,0,32408,9636,14,32350,0,0,33290,11795,4,33301,6646,27,132105,0,0;
17864617800;6386023,44904,1,8461,18406,36,34532,0,0,34452,0,0,132037,7509,33,33311,10565,0,33310,11156,0,32408,9638,14,32350,0,0,33290,11795,4,33301,6646,26,132105,0,0;
17964492500;6386124,44904,1,8463,18405,38,34532,0,0,34452,0,0,132037,7510,33,33311,10559,0,33310,0,0,32408,9640,14,32350,0,0,33290,11793,4,33301,6644,26,132105,0,0;
18064335900;6386223,44904,1,8458,18403,34,34532,0,0,34452,0,0,132037,7510,33,33311,10564,0,33310,11148,0,32408,9636,14,32350,0,0,33290,11793,4,33301,6645,26,132105,0,0;
18164679000;6386324,44904,1,8460,18404,35,34532,0,0,34452,0,0,132037,7510,33,33311,10566,0,33310,11149,0,32408,9637,14,32350,0,0,33290,11788,4,33301,6645,26,132105,0,0;
18264498300;6386424,44904,1,8457,18404,32,34532,0,0,34452,0,0,132037,7510,33,33311,10566,0,33310,0,0,32408,9636,14,32350,0,0,33290,11793,4,33301,6647,26,132105,0,0;
18365089300;6386524,44904,1,8463,18405,37,34532,0,0,34452,0,0,132037,7510,33,33311,10570,0,33310,0,0,32408,9640,14,32350,0,0,33290,11790,4,33301,6645,26,132105,0,0;
18466256700;6386625,44904,1,8458,18402,31,34532,0,0,34452,0,0,132037,7512,33,33311,10567,0,33310,11143,0,32408,9637,13,32350,0,0,33290,11793,4,33301,6646,27,132105,0,0;
18563426700;6386722,44904,1,8464,18407,40,34532,0,0,34452,0,0,132037,7508,33,33311,10576,0,33310,0,0,32408,9640,13,32350,0,0,33290,11792,4,33301,6645,27,132105,0,0;
18664737800;6386824,44904,1,8460,18402,35,34532,0,0,34452,0,0,132037,7511,34,33311,10569,0,33310,11130,0,32408,9637,13,32350,0,0,33290,11794,4,33301,6644,28,132105,0,0;
18765747500;6386924,44904,1,8458,18403,36,34532,0,0,34452,0,0,132037,7509,33,33311,10573,0,33310,11128,0,32408,9635,13,32350,0,0,33290,11790,4,33301,6644,28,132105,0,0;
18867126600;6387026,44904,1,8459,18404,34,34532,0,0,34452,0,0,132037,7510,34,33311,10572,0,33310,11131,0,32408,9637,13,32350,0,0,33290,11793,4,33301,6646,28,132105,0,0;
18966722400;6387126,44904,1,8456,18404,32,34532,0,0,34452,0,0,132037,7509,33,33311,10572,0,33310,11122,0,32408,9635,13,32350,0,0,33290,11793,4,33301,6647,28,132105,0,0;
19062385100;6387221,44904,1,8464,18405,41,34532,0,0,34452,0,0,132037,7509,34,33311,10569,0,33310,11128,0,32408,9640,14,32350,0,0,33290,11793,4,33301,6643,27,132105,0,0;
19165753600;6387324,44904,1,8458,18405,33,34532,0,0,34452,0,0,132037,7509,34,33311,10573,0,33310,11138,0,32408,9636,14,32350,0,0,33290,11792,4,33301,6647,27,132105,0,0;
19266138100;6387424,44904,1,8462,18406,35,34532,0,0,34452,0,0,132037,7510,34,33311,10572,0,33310,11126,0,32408,9640,14,32350,0,0,33290,11796,4,33301,6647,27,132105,0,0;
19367168500;6387526,44904,1,8460,18404,35,34532,0,0,34452,0,0,132037,7510,34,33311,10565,0,33310,11129,0,32408,9637,14,32350,0,0,33290,11794,4,33301,6645,27,132105,0,0;
19464813000;6387624,44904,1,8460,18404,35,34532,0,0,34452,0,0,132037,7510,34,33311,10558,0,33310,11130,0,32408,9637,13,32350,0,0,33290,11793,4,33301,6645,26,132105,0,0;
19565092000;6387724,44904,1,8460,18404,35,34532,0,0,34452,0,0,132037,7510,34,33311,10572,0,33310,11126,0,32408,9637,14,32350,0,0,33290,11792,4,33301,6645,26,132105,0,0;
19661854900;6387821,44904,1,8458,18404,33,34532,0,0,34452,0,0,132037,7510,34,33311,10562,0,33310,11122,0,32408,9636,14,32350,0,0,33290,11793,4,33301,6646,27,132105,0,0;
19764972500;6387924,44904,1,8463,18405,37,34532,0,0,34452,0,0,132037,7510,34,33311,10560,0,33310,11115,0,32408,9640,14,32350,0,0,33290,11792,4,33301,6645,27,132105,0,0;
19865705900;6388024,44904,1,8456,18403,32,34532,0,0,34452,0,0,132037,7510,34,33311,10560,0,33310,11121,1,32408,9635,14,32350,0,0,33290,11791,4,33301,6646,27,132105,0,0;
19966145600;6388125,44904,1,8461,18403,34,34532,0,0,34452,0,0,132037,7511,34,33311,10563,0,33310,11120,0,32408,9638,13,32350,0,0,33290,11790,4,33301,6645,27,132105,0,0;
20062584400;6388221,44904,1,8460,18405,35,34532,0,0,34452,0,0,132037,7509,34,33311,10568,0,33310,11125,0,32408,9637,13,32350,0,0,33290,11794,4,33301,6646,27,132105,0,0;
20166334200;6388325,44904,1,8460,18402,35,34532,0,0,34452,0,0,132037,7511,34,33311,10558,0,33310,0,0,32408,9637,14,32350,0,0,33290,11792,4,33301,6644,28,132105,0,0;
20266298700;6388425,44904,1,8454,18402,31,34532,0,0,34452,0,0,132037,7509,34,33311,10567,0,33310,11115,0,32408,9633,14,32350,0,0,33290,11793,4,33301,6646,27,132105,0,0;
20366856300;6388526,44904,1,8458,18402,32,34532,0,0,34452,0,0,132037,7511,34,33311,10569,0,33310,11117,1,32408,9636,14,32350,0,0,33290,11793,4,33301,6645,27,132105,0,0;
20468178900;6388627,44904,1,8457,18404,32,34532,0,0,34452,0,0,132037,7510,34,33311,10565,0,33310,11116,1,32408,9636,14,32350,0,0,33290,11792,4,33301,6647,27,132105,0,0;
20563607000;6388722,44904,1,8463,18406,38,34532,0,0,34452,0,0,132037,7509,34,33311,10562,0,33310,11118,1,32408,9640,14,32350,0,0,33290,11792,4,33301,6645,27,132105,0,0;
20664979800;6388824,44904,1,8458,18405,31,34532,0,0,34452,0,0,132037,7510,34,33311,10560,0,33310,11123,0,32408,9637,13,32350,0,0,33290,11793,4,33301,6648,27,132105,0,0;
20766270000;6388925,44904,1,8463,18407,36,34532,0,0,34452,0,0,132037,7510,34,33311,10574,0,33310,11119,0,32408,9641,14,32350,0,0,33290,11793,4,33301,6647,27,132105,0,0;
20865723800;6389025,44904,1,8458,18404,30,34532,0,0,34452,0,0,132037,7511,34,33311,10560,0,33310,11121,0,32408,9637,14,32350,0,0,33290,11794,4,33301,6648,27,132105,0,0;
20967895800;6389126,44904,1,8462,18406,36,34532,0,0,34452,0,0,132037,7510,34,33311,10563,0,33310,11119,0,32408,9640,14,32350,0,0,33290,11792,4,33301,6646,27,132105,0,0;
21063644400;6389223,44904,1,8459,18404,34,34532,0,0,34452,0,0,132037,7510,34,33311,10560,0,33310,11120,0,32408,9637,14,32350,0,0,33290,11793,4,33301,6646,27,132105,0,0;
21165361900;6389324,44904,1,8461,18404,33,34532,0,0,34452,0,0,132037,7512,34,33311,10561,0,33310,11114,0,32408,9640,14,32350,0,0,33290,11790,4,33301,6646,27,132105,0,0;
21266200700;6389425,44904,1,8461,18405,35,34532,0,0,34452,0,0,132037,7510,34,33311,10561,0,33310,11123,1,32408,9638,14,32350,0,0,33290,11795,4,33301,6646,27,132105,0,0;
21366873000;6389526,44904,1,8463,18408,38,34532,0,0,34452,0,0,132037,7508,33,33311,10567,0,33310,0,0,32408,9640,15,32350,0,0,33290,11789,4,33301,6647,27,132105,0,0;
21461388700;6389621,44904,1,8465,18406,36,34532,0,0,34452,0,0,132037,7511,34,33311,10564,0,33310,11116,0,32408,9642,14,32350,0,0,33290,11791,4,33301,6646,27,132105,0,0;
21563737800;6389723,44904,1,8460,18404,35,34532,0,0,34452,0,0,132037,7510,34,33311,10563,0,33310,11122,0,32408,9637,15,32350,0,0,33290,11793,4,33301,6645,27,132105,0,0;
21664258400;6389823,44904,1,8457,18402,33,34532,0,0,34452,0,0,132037,7510,33,33311,10565,0,33310,11124,0,32408,9635,14,32350,0,0,33290,11790,4,33301,6645,26,132105,0,0;
21767534400;6389926,44904,1,8460,18405,35,34532,0,0,34452,0,0,132037,7509,33,33311,10568,0,33310,0,0,32408,9637,14,32350,0,0,33290,11791,4,33301,6646,27,132105,0,0;
21864478500;6390023,44904,1,8462,18406,37,34532,0,0,34452,0,0,132037,7509,34,33311,10563,0,33310,0,0,32408,9638,14,32350,0,0,33290,11791,4,33301,6645,26,132105,0,0;
21964027700;6390123,44904,1,8461,18405,36,34532,0,0,34452,0,0,132037,7510,34,33311,10563,0,33310,0,0,32408,9638,14,32350,0,0,33290,11792,4,33301,6645,26,132105,0,0;
22068867600;6390228,44904,1,8461,18403,34,34532,0,0,34452,0,0,132037,7511,33,33311,10566,0,33310,0,0,32408,9638,14,32350,0,0,33290,11789,4,33301,6645,25,132105,0,0;
22164200100;6390323,44904,1,8456,18403,32,34532,0,0,34452,0,0,132037,7510,33,33311,10561,0,33310,0,0,32408,9635,14,32350,0,0,33290,11792,4,33301,6646,26,132105,0,0;
22261521200;6390421,44904,1,8462,18404,35,34532,0,0,34452,0,0,132037,7511,34,33311,10563,0,33310,0,0,32408,9640,14,32350,0,0,33290,11791,4,33301,6645,25,132105,0,0;
22364590500;6390523,44904,1,8458,18404,33,34532,0,0,34452,0,0,132037,7510,34,33311,10565,0,33310,0,0,32408,9636,13,32350,0,0,33290,11793,4,33301,6646,26,132105,0,0;
22463859400;6390624,44904,1,8456,18402,30,34532,0,0,34452,0,0,132037,7511,33,33311,10561,0,33310,0,0,32408,9635,14,32350,0,0,33290,0,0,33301,6646,26,132105,0,0;
22562062300;6390721,44904,1,8459,18402,32,34532,0,0,34452,0,0,132037,7512,34,33311,10562,0,33310,0,0,32408,9637,14,32350,0,0,33290,0,0,33301,6645,27,132105,0,0;
22664598500;6390823,44904,1,8461,18405,36,34532,0,0,34452,0,0,132037,7510,34,33311,10562,0,33310,0,0,32408,9638,13,32350,0,0,33290,0,0,33301,6645,27,132105,0,0;
22765092700;6390924,44904,1,8457,18404,32,34532,0,0,34452,0,0,132037,7510,34,33311,10566,0,33310,0,0,32408,9636,13,32350,0,0,33290,0,0,33301,6647,28,132105,0,0;
22866315900;6391025,44904,1,8461,18405,36,34532,0,0,34452,0,0,132037,7510,34,33311,10562,0,33310,0,0,32408,9638,13,32350,0,0,33290,0,0,33301,6645,28,132105,0,0;
22966690700;6391126,44904,1,8459,18403,32,34532,0,0,34452,0,0,132037,7511,34,33311,10557,0,33310,0,0,32408,9637,13,32350,0,0,33290,0,0,33301,6646,29,132105,0,0;
23062484800;6391221,44904,1,8458,18405,36,34532,0,0,34452,0,0,132037,7508,34,33311,10559,0,33310,0,0,32408,9635,13,32350,0,0,33290,0,0,33301,6645,28,132105,0,0;
23164839800;6391324,44904,1,8459,18404,35,34532,0,0,34452,0,0,132037,7509,34,33311,10560,0,33310,0,0,32408,9636,14,32350,0,0,33290,0,0,33301,6645,28,132105,0,0;
23264922600;6391424,44904,1,8459,18404,34,34532,0,0,34452,0,0,132037,7510,34,33311,10558,0,33310,0,0,32408,9637,14,32350,0,0,33290,0,0,33301,6646,28,132105,0,0;
23365945300;6391525,44904,1,8458,18404,33,34532,0,0,34452,0,0,132037,7510,33,33311,10564,0,33310,0,0,32408,9636,14,32350,0,0,33290,0,0,33301,6646,28,132105,0,0;
23466823600;6391626,44904,1,8463,18404,34,34532,0,0,34452,0,0,132037,7512,34,33311,10562,0,33310,0,0,32408,9641,14,32350,0,0,33290,0,0,33301,6646,28,132105,0,0;
23561910300;6391721,44904,1,8458,18405,33,34532,0,0,34452,0,0,132037,7509,33,33311,10557,0,33310,0,0,32408,9636,14,32350,0,0,33290,0,0,33301,6647,27,132105,0,0;
23664371500;6391823,44904,1,8462,18406,36,34532,0,0,34452,0,0,132037,7510,34,33311,10554,0,33310,0,0,32408,9640,14,32350,0,0,33290,0,0,33301,6646,29,132105,0,0;
23765512900;6391925,44904,1,8459,18404,34,34532,0,0,34452,0,0,132037,7510,34,33311,10549,0,33310,0,0,32408,9637,14,32350,0,0,33290,0,0,33301,6646,29,132105,0,0;
23866180100;6392025,44904,1,8464,18406,40,34532,0,0,34452,0,0,132037,7509,34,33311,10558,0,33310,0,0,32408,9640,14,32350,0,0,33290,0,0,33301,6644,28,132105,0,0;
23961309100;6392121,44904,1,8464,18407,41,34532,0,0,34452,0,0,132037,7508,33,33311,10553,0,33310,0,0,32408,9640,14,32350,0,0,33290,0,0,33301,6644,28,132105,0,0;
24064310800;6392223,44904,1,8462,18405,39,34532,0,0,34452,0,0,132037,7509,33,33311,10554,0,33310,0,0,32408,9638,14,32350,0,0,33290,0,0,33301,6644,27,132105,0,0;
24166222300;6392326,44904,1,8457,18403,34,34532,0,0,34452,0,0,132037,7509,34,33311,10542,0,33310,0,0,32408,9635,15,32350,0,0,33290,0,0,33301,6645,28,132105,0,0;
24264041300;6392424,44904,1,8462,18404,37,34532,0,0,34452,0,0,132037,7510,33,33311,10548,1,33310,0,0,32408,9638,15,32350,0,0,33290,0,0,33301,6644,28,132105,0,0;
24366080200;6392525,44904,1,8461,18406,36,34532,0,0,34452,0,0,132037,7509,34,33311,10548,0,33310,0,0,32408,9638,15,32350,0,0,33290,0,0,33301,6646,27,132105,0,0;
24461562000;6392621,44904,1,8462,18407,36,34532,0,0,34452,0,0,132037,7509,34,33311,10549,0,33310,0,0,32408,9640,15,32350,0,0,33290,0,0,33301,6647,27,132105,0,0;
24564964400;6392724,44904,1,8455,18402,31,34532,0,0,34452,0,0,132037,7510,33,33311,10555,0,33310,0,0,32408,9634,15,32350,0,0,33290,0,0,33301,6646,27,132105,0,0;
24664530300;6392823,44904,1,8465,18408,41,34532,0,0,34452,0,0,132037,7508,33,33311,10553,0,33310,0,0,32408,9641,15,32350,0,0,33290,0,0,33301,6645,27,132105,0,0;
24764996400;6392925,44904,1,8462,18406,37,34532,0,0,34452,0,0,132037,7509,33,33311,10548,1,33310,0,0,32408,9638,15,32350,0,0,33290,0,0,33301,6645,27,132105,0,0;
24859980100;6393020,44904,1,8460,18404,35,34532,0,0,34452,0,0,132037,7510,34,33311,10547,1,33310,0,0,32408,9637,15,32350,0,0,33290,0,0,33301,6645,27,132105,0,0;
24962792500;6393123,44904,1,8461,18406,35,34532,0,0,34452,0,0,132037,7509,33,33311,10545,0,33310,0,0,32408,9638,14,32350,0,0,33290,0,0,33301,6647,27,132105,0,0;
25064222500;6393223,44904,1,8460,18405,35,34532,0,0,34452,0,0,132037,7509,34,33311,10549,1,33310,0,0,32408,9637,15,32350,0,0,33290,0,0,33301,6646,28,132105,0,0;
25166003700;6393325,44904,1,8460,18404,35,34532,0,0,34452,0,0,132037,7510,34,33311,10547,0,33310,0,0,32408,9637,15,32350,0,0,33290,0,0,33301,6645,27,132105,0,0;
25261030600;6393421,44904,1,8460,18407,36,34532,0,0,34452,0,0,132037,7508,34,33311,10552,1,33310,0,0,32408,9637,15,32350,0,0,33290,0,0,33301,6647,27,132105,0,0;
25364147700;6393523,44904,1,8457,18402,31,34532,0,0,34452,0,0,132037,7511,33,33311,10549,1,33310,0,0,32408,9636,14,32350,0,0,33290,0,0,33301,6646,26,132105,0,0;
25463811800;6393624,44904,1,8457,18405,35,34532,0,0,34452,0,0,132037,7508,34,33311,10550,1,33310,0,0,32408,9635,14,32350,0,0,33290,0,0,33301,6646,26,132105,0,0;
25564340500;6393724,44904,1,8461,18405,35,34532,0,0,34452,0,0,132037,7510,34,33311,10545,0,33310,0,0,32408,9638,14,32350,0,0,33290,0,0,33301,6646,26,132105,0,0;
25664148000;6393824,44904,1,8461,18403,34,34532,0,0,34452,0,0,132037,7511,34,33311,10552,1,33310,0,0,32408,9638,14,32350,0,0,33290,0,0,33301,6645,26,132105,0,0;
25763903200;6393924,44904,1,8458,18406,35,34532,0,0,34452,0,0,132037,7508,33,33311,10551,0,33310,0,0,32408,9636,14,32350,0,0,33290,0,0,33301,6647,26,132105,0,0;
25861133000;6394020,44904,1,8464,18409,38,34532,0,0,34452,0,0,132037,7508,33,33311,10556,1,33310,0,0,32408,0,0,32350,0,0,33290,0,0,33301,6647,25,132105,0,0;
25962313100;6394123,44904,1,8459,18406,36,34532,0,0,34452,0,0,132037,7508,33,33311,10550,0,33310,11106,0,32408,9636,15,32350,0,0,33290,0,0,33301,6646,25,132105,0,0;
26065021800;6394224,44904,1,8456,18403,32,34532,0,0,34452,0,0,132037,7510,33,33311,10550,0,33310,11107,1,32408,9635,15,32350,0,0,33290,0,0,33301,6646,25,132105,0,0;
26164930800;6394325,44904,1,8461,18403,34,34532,0,0,34452,0,0,132037,7511,33,33311,10549,0,33310,11108,0,32408,9638,15,32350,0,0,33290,0,0,33301,6645,25,132105,0,0;
26260869400;6394421,44904,1,8460,18405,35,34532,0,0,34452,0,0,132037,7509,33,33311,10548,0,33310,11106,0,32408,9637,15,32350,0,0,33290,0,0,33301,6646,25,132105,0,0;
26362238400;6394522,44904,1,8461,18406,35,34532,0,0,34452,0,0,132037,7509,33,33311,10560,1,33310,11110,0,32408,9638,15,32350,0,0,33290,0,0,33301,6647,26,132105,0,0;
26466921200;6394626,44904,1,8457,18401,30,34532,0,0,34452,0,0,132037,7512,33,33311,10553,0,33310,11114,0,32408,9636,15,32350,0,0,33290,0,0,33301,6646,27,132105,0,0;
26563242800;6394723,44904,1,8460,18403,32,34532,0,0,34452,0,0,132037,7512,33,33311,10551,0,33310,11114,0,32408,9638,14,32350,0,0,33290,0,0,33301,6646,26,132105,0,0;
26663170500;6394823,44904,1,8462,18406,37,34532,0,0,34452,0,0,132037,7509,33,33311,10554,0,33310,11112,0,32408,9638,15,32350,0,0,33290,0,0,33301,6645,26,132105,0,0;
26765218400;6394925,44904,1,8461,18405,35,34532,0,0,34452,0,0,132037,7510,32,33311,10556,0,33310,11109,0,32408,9638,14,32350,0,0,33290,0,0,33301,6646,27,132105,0,0;
26860862100;6395021,44904,1,8461,18405,36,34532,0,0,34452,0,0,132037,7510,33,33311,10555,0,33310,11117,0,32408,9638,15,32350,0,0,33290,0,0,33301,6645,27,132105,0,0;
26963999200;6395124,44904,1,8462,18406,37,34532,0,0,34452,0,0,132037,7509,33,33311,10557,0,33310,11111,0,32408,9638,14,32350,0,0,33290,0,0,33301,6645,28,132105,0,0;
27063581000;6395223,44904,1,8460,18405,36,34532,0,0,34452,0,0,132037,7509,32,33311,10558,0,33310,0,0,32408,9637,14,32350,0,0,33290,0,0,33301,6645,27,132105,0,0;
27164650800;6395325,44904,1,8461,18406,36,34532,0,0,34452,0,0,132037,7509,32,33311,10563,0,33310,11111,1,32408,9638,14,32350,0,0,33290,0,0,33301,6646,26,132105,0,0;
27263356300;6395423,44904,1,8445,18413,5,34532,0,0,34452,0,0,132037,7510,33,33311,10555,0,33310,11112,1,32408,9635,14,32350,0,0,33290,0,4,33301,0,0,132105,0,0;
27363729900;6395523,44904,1,8460,18406,37,34532,0,0,34452,0,0,132037,7508,33,33311,10565,0,33310,11110,1,32408,9637,15,32350,0,0,33290,11790,4,33301,6646,26,132105,0,0;
27463771800;6395623,44904,1,8461,18408,35,34532,0,0,34452,0,0,132037,7508,33,33311,10556,0,33310,11104,1,32408,9638,14,32350,0,0,33290,11793,4,33301,6648,26,132105,0,0;
27563351600;6395723,44904,1,8459,18406,34,34532,0,0,34452,0,0,132037,7509,33,33311,10565,0,33310,11106,0,32408,9637,14,32350,0,0,33290,11795,4,33301,6647,26,132105,0,0;
27660790600;6395821,44904,1,8463,18407,37,34532,0,0,34452,0,0,132037,7509,32,33311,10560,0,33310,11107,1,32408,9640,14,32350,0,0,33290,11794,4,33301,6646,27,132105,0,0;
27763325600;6395923,44904,1,8459,18405,33,34532,0,0,34452,0,0,132037,7510,33,33311,10563,0,33310,0,0,32408,9637,14,32350,0,0,33290,11793,4,33301,6647,28,132105,0,0;
27863988300;6396024,44904,1,8459,18406,34,34532,0,0,34452,0,0,132037,7509,32,33311,10569,0,33310,11104,1,32408,9637,14,32350,0,0,33290,11793,4,33301,6647,27,132105,0,0;
27965284600;6396125,44904,1,8459,18404,34,34532,0,0,34452,0,0,132037,7510,33,33311,10566,0,33310,11095,1,32408,9637,14,32350,0,0,33290,11790,4,33301,6646,27,132105,0,0;
28064153400;6396223,44904,1,8462,18404,37,34532,0,0,34452,0,0,132037,7510,33,33311,10557,0,33310,11098,1,32408,9638,15,32350,0,0,33290,11790,4,33301,6644,26,132105,0,0;
28163647900;6396323,44904,1,8460,18404,35,34532,0,0,34452,0,0,132037,7510,33,33311,10554,0,33310,11096,1,32408,9637,14,32350,0,0,33290,11791,4,33301,6645,26,132105,0,0;
28263312900;6396423,44904,1,8454,18400,29,34532,0,0,34452,0,0,132037,7512,33,33311,10559,0,33310,11092,1,32408,9634,14,32350,0,0,33290,11793,4,33301,6645,26,132105,0,0;
28359678400;6396520,44904,1,8459,18405,33,34532,0,0,34452,0,0,132037,7510,32,33311,10565,0,33310,11093,1,32408,9637,14,32350,0,0,33290,11792,4,33301,6647,27,132105,0,0;
28463342400;6396623,44904,1,8458,18404,31,34532,0,0,34452,0,0,132037,7511,33,33311,10562,0,33310,11089,1,32408,9637,14,32350,0,0,33290,11792,4,33301,6647,27,132105,0,0;
28563948300;6396724,44904,1,8452,18400,30,34532,0,0,34452,0,0,132037,7510,32,33311,10564,0,33310,11088,1,32408,9632,14,32350,0,0,33290,11792,4,33301,6645,27,132105,0,0;
28664050600;6396824,44904,1,8460,18407,36,34532,0,0,34452,0,0,132037,7508,32,33311,10567,0,33310,11091,1,32408,9637,14,32350,0,0,33290,11793,4,33301,6647,27,132105,0,0;
28759798300;6396920,44904,1,8457,18402,33,34532,0,0,34452,0,0,132037,7510,32,33311,10567,0,33310,11092,1,32408,9635,14,32350,0,0,33290,11793,4,33301,6645,27,132105,0,0;
28863174200;6397023,44904,1,8461,18406,35,34532,0,0,34452,0,0,132037,7509,32,33311,10563,0,33310,0,0,32408,9638,13,32350,0,0,33290,11793,4,33301,6647,27,132105,0,0;
28965147600;6397125,44904,1,8465,18407,38,34532,0,0,34452,0,0,132037,7510,32,33311,10569,0,33310,11092,1,32408,9642,14,32350,0,0,33290,11788,4,33301,6646,27,132105,0,0;
29063825700;6397224,44904,1,8460,18405,36,34532,0,0,34452,0,0,132037,7509,32,33311,10563,0,33310,11097,1,32408,9637,14,32350,0,0,33290,11794,4,33301,6645,27,132105,0,0;
29160545700;6397321,44904,1,8467,18407,42,34532,0,0,34452,0,0,132037,7509,32,33311,10563,0,33310,11096,1,32408,9642,14,32350,0,0,33290,11793,4,33301,6644,27,132105,0,0;
29263535500;6397423,44904,1,8455,18404,31,34532,0,0,34452,0,0,132037,7509,32,33311,10564,0,33310,11100,1,32408,9634,14,32350,0,0,33290,11791,4,33301,6647,27,132105,0,0;
29365386900;6397525,44904,1,8461,18405,35,34532,0,0,34452,0,0,132037,7510,32,33311,10561,0,33310,11097,1,32408,9638,14,32350,0,0,33290,11791,4,33301,6646,28,132105,0,0;
29465079100;6397625,44904,1,8458,18404,33,34532,0,0,34452,0,0,132037,7510,32,33311,10566,0,33310,11097,1,32408,9636,14,32350,0,0,33290,11792,4,33301,6646,27,132105,0,0;
29560272600;6397720,44904,1,8457,18405,32,34532,0,0,34452,0,0,132037,7509,32,33311,10566,0,33310,11097,1,32408,9636,14,32350,0,0,33290,11790,4,33301,6648,27,132105,0,0;
29662346500;6397822,44904,1,8457,18403,34,34532,0,0,34452,0,0,132037,7509,33,33311,10560,0,33310,11096,1,32408,9635,14,32350,0,0,33290,11791,4,33301,6645,26,132105,0,0;
29765338200;6397925,44904,1,8463,18408,39,34532,0,0,34452,0,0,132037,7508,33,33311,10562,0,33310,11097,1,32408,9640,13,32350,0,0,33290,11793,4,33301,6646,25,132105,0,0;
29862890500;6398023,44904,1,8458,18404,33,34532,0,0,34452,0,0,132037,7510,32,33311,10562,0,33310,11092,1,32408,9636,14,32350,0,0,33290,11792,4,33301,6646,26,132105,0,0;
29965226800;6398125,44904,1,8462,18407,39,34532,0,0,34452,0,0,132037,7508,33,33311,10562,0,33310,11092,1,32408,9638,14,32350,0,0,33290,11793,4,33301,6645,27,132105,0,0;
30061167300;6398221,44904,1,8458,18405,34,34532,0,0,34452,0,0,132037,7509,33,33311,10557,0,33310,11099,1,32408,9636,13,32350,0,0,33290,11794,4,33301,6646,27,132105,0,0;
30162956600;6398323,44904,1,8457,18402,31,34532,0,0,34452,0,0,132037,7511,33,33311,10560,0,33310,11101,1,32408,9636,13,32350,0,0,33290,11793,4,33301,6646,27,132105,0,0;
30263637500;6398423,44904,1,8457,18405,35,34532,0,0,34452,0,0,132037,7508,33,33311,10560,0,33310,0,0,32408,9635,13,32350,0,0,33290,11790,4,33301,6646,27,132105,0,0;
30365269300;6398525,44904,1,8462,18406,36,34532,0,0,34452,0,0,132037,7510,33,33311,10563,0,33310,11098,1,32408,9640,14,32350,0,0,33290,11790,4,33301,6646,27,132105,0,0;
30464694100;6398624,44904,1,8462,18405,34,34532,0,0,34452,0,0,132037,7511,33,33311,10565,0,33310,11098,1,32408,9640,13,32350,0,0,33290,11792,4,33301,6646,28,132105,0,0;
30560638800;6398721,44904,1,8462,18404,35,34532,0,0,34452,0,0,132037,7511,33,33311,10565,0,33310,11099,1,32408,9640,13,32350,0,0,33290,11794,4,33301,6645,27,132105,0,0;
30663000700;6398823,44904,1,8459,18404,34,34532,0,0,34452,0,0,132037,7510,33,33311,10564,0,33310,11099,1,32408,9637,13,32350,0,0,33290,11790,4,33301,6646,27,132105,0,0;
30763400700;6398924,44904,1,8462,18406,36,34532,0,0,34452,0,0,132037,7510,33,33311,10569,0,33310,11095,1,32408,9640,13,32350,0,0,33290,0,0,33301,6646,27,132105,0,0;
30864762000;6399025,44904,1,8461,18405,36,34532,0,0,34452,0,0,132037,7510,34,33311,10568,0,33310,11090,1,32408,9638,14,32350,0,0,33290,11793,4,33301,6645,28,132105,0,0;
