1077820300;7057254,44904,1,7110,14585,76,34532,8037,2,34452,0,0,132037,9727,10,33311,7989,21,33310,7574,22,32408,9086,15,32350,0,0,33290,8038,25,33301,4309,255,132105,0,0;
1179402600;7057355,44904,1,7112,14589,76,34532,8036,2,34452,0,0,132037,9724,10,33311,7991,21,33310,7574,22,32408,9086,15,32350,0,0,33290,8038,24,33301,4309,255,132105,0,0;
1280193900;7057456,44904,1,7110,14582,74,34532,8038,2,34452,0,0,132037,9726,10,33311,7989,21,33310,7575,22,32408,9088,15,32350,0,0,33290,8038,25,33301,4309,255,132105,0,0;
1381139600;7057557,44904,1,7110,14580,73,34532,8036,2,34452,0,0,132037,9727,10,33311,7989,21,33310,7574,21,32408,9089,15,32350,0,0,33290,8039,25,33301,4309,255,132105,0,0;
1476945800;7057652,44904,1,7110,14587,77,34532,8035,2,34452,0,0,132037,9727,10,33311,7989,20,33310,0,0,32408,9085,15,32350,0,0,33290,8036,25,33301,4308,255,132105,0,0;
1579005400;7057755,44904,1,7110,14583,75,34532,8036,2,34452,0,0,132037,9728,10,33311,7989,21,33310,0,0,32408,9087,15,32350,0,0,33290,8037,25,33301,4309,255,132105,0,0;
1679700700;7057856,44904,1,7111,14587,77,34532,8037,2,34452,0,0,132037,9728,10,33311,7990,20,33310,0,0,32408,9086,15,32350,0,0,33290,8037,25,33301,4308,255,132105,0,0;
1780389000;7057956,44904,1,7110,14580,73,34532,8036,2,34452,0,0,132037,9724,10,33311,7989,20,33310,7574,20,32408,9089,16,32350,0,0,33290,8040,25,33301,4309,255,132105,0,0;
1881692700;7058057,44904,1,7114,14587,75,34532,8038,2,34452,0,0,132037,9726,10,33311,7993,20,33310,0,0,32408,9089,16,32350,0,0,33290,8039,24,33301,4309,252,132105,0,0;
1976911700;7058152,44904,1,7112,14587,77,34532,8036,2,34452,0,0,132037,9726,10,33311,7991,20,33310,7574,20,32408,9087,16,32350,0,0,33290,8036,25,33301,4308,254,132105,0,0;
2078653400;7058254,44904,1,7112,14587,76,34532,8036,2,34452,0,0,132037,9727,10,33311,7991,20,33310,7575,20,32408,9087,16,32350,0,0,33290,8037,25,33301,4309,255,132105,0,0;
2180094600;7058355,44904,1,7109,14580,75,34532,8032,2,34452,0,0,132037,9728,10,33311,7988,20,33310,7574,20,32408,9088,16,32350,0,0,33290,8038,25,33301,4308,255,132105,0,0;
2279227100;7058455,44904,1,7113,14588,76,34532,8035,2,34452,0,0,132037,9725,10,33311,7992,20,33310,7575,20,32408,9087,17,32350,0,0,33290,8037,25,33301,4309,255,132105,0,0;
2380521100;7058557,44904,1,7112,14583,74,34532,8035,2,34452,0,0,132037,9725,10,33311,7991,20,33310,7573,21,32408,9089,17,32350,0,0,33290,8037,25,33301,4309,255,132105,0,0;
2476601300;7058653,44904,1,7112,14592,78,34532,8036,2,34452,0,0,132037,9724,10,33311,7991,20,33310,7573,20,32408,9084,17,32350,0,0,33290,8037,25,33301,4309,255,132105,0,0;
2579000400;7058755,44904,1,7112,14585,75,34532,8036,2,34452,0,0,132037,9723,10,33311,7991,20,33310,7574,20,32408,9088,17,32350,0,0,33290,8037,25,33301,4309,255,132105,0,0;
2679131900;7058855,44904,1,7112,14587,76,34532,8036,2,34452,0,0,132037,9728,10,33311,7991,20,33310,0,0,32408,9087,18,32350,0,0,33290,8037,25,33301,4309,255,132105,0,0;
2779628300;7058956,44904,1,7111,14580,73,34532,8034,2,34452,0,0,132037,9725,10,33311,7990,20,33310,7575,20,32408,9090,18,32350,0,0,33290,8037,25,33301,4309,255,132105,0,0;
2876264200;7059052,44904,1,7110,14585,76,34532,8035,2,34452,0,0,132037,9726,10,33311,7989,20,33310,7574,20,32408,9086,18,32350,0,0,33290,8039,25,33301,4309,255,132105,0,0;
2977749900;7059154,44904,1,7111,14581,74,34532,8035,2,34452,0,0,132037,9727,10,33311,7990,20,33310,7574,20,32408,9089,18,32350,0,0,33290,8039,25,33301,4309,255,132105,0,0;
3079129800;7059255,44904,1,7111,14587,77,34532,8039,2,34452,0,0,132037,9727,10,33311,7990,20,33310,7573,20,32408,9086,17,32350,0,0,33290,8039,24,33301,4308,255,132105,0,0;
3180711000;7059357,44904,1,7112,14587,76,34532,8039,2,34452,0,0,132037,9726,10,33311,7991,20,33310,7574,20,32408,9087,17,32350,0,0,33290,8039,25,33301,4309,255,132105,0,0;
3277234400;7059453,44904,1,7113,14588,76,34532,8038,2,34452,0,0,132037,9726,10,33311,7992,20,33310,7573,19,32408,9087,17,32350,0,0,33290,8038,24,33301,4309,255,132105,0,0;
3378627500;7059554,44904,1,7112,14589,76,34532,8036,2,34452,0,0,132037,9725,10,33311,7991,20,33310,7575,19,32408,9086,17,32350,0,0,33290,8038,24,33301,4309,255,132105,0,0;
3478685300;7059655,44904,1,7110,14583,75,34532,8036,2,34452,0,0,132037,9725,10,33311,7989,20,33310,7573,19,32408,9087,17,32350,0,0,33290,8037,24,33301,4309,255,132105,0,0;
3579044800;7059756,44904,1,7113,14581,73,34532,8038,2,34452,0,0,132037,9727,10,33311,7992,20,33310,7573,20,32408,9091,17,32350,0,0,33290,8037,25,33301,4309,255,132105,0,0;
3680691400;7059857,44904,1,7112,14583,74,34532,8039,2,34452,0,0,132037,9727,10,33311,7991,20,33310,7574,20,32408,9089,18,32350,0,0,33290,8036,24,33301,4309,255,132105,0,0;
3776140200;7059952,44904,1,7112,14583,74,34532,8040,2,34452,0,0,132037,9727,10,33311,7991,20,33310,7574,20,32408,9089,17,32350,0,0,33290,8038,24,33301,4309,255,132105,0,0;
3878535100;7060054,44904,1,7111,14585,75,34532,8037,2,34452,0,0,132037,9723,10,33311,7990,20,33310,7576,21,32408,9087,17,32350,0,0,33290,8038,24,33301,4309,255,132105,0,0;
3978508600;7060155,44904,1,7114,14592,77,34532,8038,2,34452,0,0,132037,9726,11,33311,7993,20,33310,7576,21,32408,9086,17,32350,0,0,33290,8037,24,33301,4309,255,132105,0,0;
4078751400;7060255,44904,1,7112,14587,76,34532,8037,2,34452,0,0,132037,9726,11,33311,7991,20,33310,7574,21,32408,9087,16,32350,0,0,33290,8038,24,33301,4309,255,132105,0,0;
4180469100;7060357,44904,1,7111,14583,74,34532,8038,2,34452,0,0,132037,9727,11,33311,7990,21,33310,7576,21,32408,9088,16,32350,0,0,33290,8037,24,33301,4309,255,132105,0,0;
4276421800;7060452,44904,1,7113,14585,75,34532,8037,2,34452,0,0,132037,9727,11,33311,7992,21,33310,7574,20,32408,9089,17,32350,0,0,33290,8037,24,33301,4308,255,132105,0,0;
4378073700;7060554,44904,1,7113,14585,74,34532,8039,2,34452,0,0,132037,9727,11,33311,7992,21,33310,7574,20,32408,9089,17,32350,0,0,33290,8039,24,33301,4309,255,132105,0,0;
4478636200;7060654,44904,1,7110,14583,75,34532,8039,2,34452,0,0,132037,9725,11,33311,7989,21,33310,7574,20,32408,9087,17,32350,0,0,33290,8038,24,33301,4309,255,132105,0,0;
4579177600;7060756,44904,1,7112,14585,75,34532,8040,2,34452,0,0,132037,9727,11,33311,7991,21,33310,7576,20,32408,9088,17,32350,0,0,33290,8038,24,33301,4309,255,132105,0,0;
4679368600;7060856,44904,1,7112,14585,75,34532,8038,2,34452,0,0,132037,9725,11,33311,7991,21,33310,7574,19,32408,9088,16,32350,0,0,33290,8039,24,33301,4309,255,132105,0,0;
4776191600;7060953,44904,1,7113,14587,75,34532,8037,2,34452,0,0,132037,9727,11,33311,7992,21,33310,7575,20,32408,9088,16,32350,0,0,33290,8038,24,33301,4309,255,132105,0,0;
4878202100;7061055,44904,1,7113,14590,77,34532,8038,2,34452,0,0,132037,9723,11,33311,7992,21,33310,7575,19,32408,9086,15,32350,0,0,33290,8038,24,33301,4309,255,132105,0,0;
4978548200;7061155,44904,1,7112,14587,76,34532,8039,2,34452,0,0,132037,9727,11,33311,7991,21,33310,7573,20,32408,9087,15,32350,0,0,33290,8039,24,33301,4309,255,132105,0,0;
5078564700;7061256,44904,1,7112,14590,77,34532,8039,2,34452,0,0,132037,9725,11,33311,7991,21,33310,7575,20,32408,9085,15,32350,0,0,33290,8038,24,33301,4309,255,132105,0,0;
5174514600;7061351,44904,1,7113,14587,75,34532,8039,2,34452,0,0,132037,9726,11,33311,7992,21,33310,7575,20,32408,9088,15,32350,0,0,33290,8039,24,33301,4309,255,132105,0,0;
5278755200;7061456,44904,1,7112,14585,75,34532,8038,2,34452,0,0,132037,9728,11,33311,7991,20,33310,7574,20,32408,9088,15,32350,0,0,33290,8038,24,33301,4309,255,132105,0,0;
5378193700;7061555,44904,1,7114,14594,79,34532,8038,2,34452,0,0,132037,9725,11,33311,7993,21,33310,7575,21,32408,9085,15,32350,0,0,33290,8038,24,33301,4308,255,132105,0,0;
5480148600;7061657,44904,1,7114,14594,78,34532,8036,2,34452,0,0,132037,9726,11,33311,7993,21,33310,7573,21,32408,9085,15,32350,0,0,33290,8035,24,33301,4309,255,132105,0,0;
5575393100;7061752,44904,1,7112,14589,76,34532,8037,2,34452,0,0,132037,9724,11,33311,7991,21,33310,7574,21,32408,9086,16,32350,0,0,33290,8038,24,33301,4309,255,132105,0,0;
5677515600;7061854,44904,1,7111,14583,74,34532,8037,2,34452,0,0,132037,9726,12,33311,7990,21,33310,7574,21,32408,9088,16,32350,0,0,33290,8040,24,33301,4309,255,132105,0,0;
5777582200;7061955,44904,1,7113,14592,79,34532,8037,2,34452,0,0,132037,9729,12,33311,7992,21,33310,7575,21,32408,9085,16,32350,0,0,33290,8038,24,33301,4308,255,132105,0,0;
5878592800;7062056,44904,1,7111,14587,76,34532,8040,2,34452,0,0,132037,9727,12,33311,7990,21,33310,7574,20,32408,9086,16,32350,0,0,33290,8037,24,33301,4309,255,132105,0,0;
5974444200;7062152,44904,1,7112,14590,77,34532,8040,2,34452,0,0,132037,9726,12,33311,7991,21,33310,0,0,32408,9085,16,32350,0,0,33290,8037,23,33301,4309,255,132105,0,0;
6076425500;7062254,44904,1,7112,14587,76,34532,8039,2,34452,0,0,132037,9729,12,33311,7991,21,33310,7574,19,32408,9087,16,32350,0,0,33290,8039,24,33301,4309,255,132105,0,0;
6178917200;7062356,44904,1,7110,14582,74,34532,8037,2,34452,0,0,132037,9728,12,33311,7989,21,33310,7575,19,32408,9088,16,32350,0,0,33290,8035,24,33301,4309,255,132105,0,0;
6278270400;7062455,44904,1,7112,14587,76,34532,8037,2,34452,0,0,132037,9727,11,33311,7991,21,33310,7573,19,32408,9087,16,32350,0,0,33290,8038,24,33301,4309,255,132105,0,0;
6379419300;7062557,44904,1,7112,14585,75,34532,8036,2,34452,0,0,132037,9727,11,33311,7991,21,33310,7573,19,32408,9088,16,32350,0,0,33290,8037,24,33301,4309,255,132105,0,0;
6474057200;7062651,44904,1,7113,14588,76,34532,8036,2,34452,0,0,132037,9728,12,33311,7992,21,33310,7573,20,32408,9087,16,32350,0,0,33290,8038,24,33301,4309,255,132105,0,0;
6577136700;7062754,44904,1,7112,14585,75,34532,8040,2,34452,0,0,132037,9725,11,33311,7991,21,33310,7574,20,32408,9088,16,32350,0,0,33290,8038,24,33301,4309,255,132105,0,0;
6678424300;7062855,44904,1,7121,14590,94,34532,8040,2,34452,0,0,132037,9729,11,33311,7991,20,33310,7574,20,32408,9086,16,32350,0,0,33290,8039,24,33301,0,0,132105,0,0;
6778280300;7062955,44904,1,7109,14583,75,34532,8038,2,34452,0,0,132037,9727,11,33311,7988,20,33310,7575,20,32408,9086,16,32350,0,0,33290,8036,24,33301,4309,255,132105,0,0;
6878871700;7063056,44904,1,7112,14585,75,34532,8038,2,34452,0,0,132037,9728,11,33311,7991,20,33310,7574,21,32408,9088,16,32350,0,0,33290,8038,24,33301,4309,255,132105,0,0;
6974466300;7063151,44904,1,7114,14590,76,34532,8037,2,34452,0,0,132037,9726,11,33311,7993,20,33310,7574,21,32408,9087,16,32350,0,0,33290,8038,24,33301,4309,255,132105,0,0;
7077005500;7063254,44904,1,7114,14590,76,34532,8036,2,34452,0,0,132037,9725,11,33311,7993,20,33310,7574,22,32408,9087,16,32350,0,0,33290,8038,24,33301,4309,255,132105,0,0;
7177759300;7063355,44904,1,7112,14585,75,34532,8037,2,34452,0,0,132037,9727,11,33311,7991,21,33310,7576,22,32408,9088,16,32350,0,0,33290,8037,25,33301,4309,255,132105,0,0;
7278563100;7063456,44904,1,7112,14587,76,34532,8038,2,34452,0,0,132037,9726,11,33311,7991,20,33310,7574,23,32408,9087,15,32350,0,0,33290,8038,25,33301,4309,255,132105,0,0;
7373569300;7063551,44904,1,7112,14587,76,34532,8036,2,34452,0,0,132037,9726,11,33311,7991,20,33310,7573,23,32408,9087,15,32350,0,0,33290,8038,25,33301,4309,255,132105,0,0;
7476890100;7063654,44904,1,7112,14581,73,34532,8037,2,34452,0,0,132037,9729,11,33311,7991,20,33310,7575,23,32408,9090,15,32350,0,0,33290,8037,24,33301,4309,255,132105,0,0;
7578150900;7063754,44904,1,7111,14587,76,34532,8039,2,34452,0,0,132037,9728,11,33311,7990,20,33310,7573,24,32408,9086,15,32350,0,0,33290,8036,24,33301,4309,255,132105,0,0;
7678786700;7063856,44904,1,7112,14587,76,34532,8038,2,34452,0,0,132037,9727,11,33311,7991,20,33310,7574,23,32408,9087,15,32350,0,0,33290,8038,24,33301,4309,255,132105,0,0;
7774118700;7063951,44904,1,7112,14590,78,34532,8034,2,34452,0,0,132037,9726,11,33311,7991,20,33310,7575,23,32408,9085,15,32350,0,0,33290,8038,24,33301,4308,255,132105,0,0;
7878070200;7064055,44904,1,7114,14590,76,34532,8037,2,34452,0,0,132037,9731,11,33311,7993,21,33310,7574,23,32408,9087,15,32350,0,0,33290,8037,24,33301,4309,255,132105,0,0;
7976982900;7064155,44904,1,7114,14590,76,34532,8037,2,34452,0,0,132037,9728,11,33311,7993,20,33310,7574,23,32408,9087,15,32350,0,0,33290,8038,24,33301,4309,255,132105,0,0;
8080060800;7064257,44904,1,7133,14591,116,34532,8038,2,34452,0,0,132037,9724,11,33311,7992,20,33310,0,0,32408,9087,16,32350,0,0,33290,8038,24,33301,0,0,132105,0,0;
8173992900;7064351,44904,1,7112,14585,75,34532,8036,2,34452,0,0,132037,9726,11,33311,7991,20,33310,7573,22,32408,9088,15,32350,0,0,33290,8038,24,33301,4309,255,132105,0,0;
8277221100;7064454,44904,1,7111,14585,75,34532,8034,2,34452,0,0,132037,9727,11,33311,7990,20,33310,7574,22,32408,9087,15,32350,0,0,33290,8038,24,33301,4309,255,132105,0,0;
8377929600;7064555,44904,1,7112,14587,76,34532,8038,2,34452,0,0,132037,9727,11,33311,7991,20,33310,7574,22,32408,9087,15,32350,0,0,33290,8037,24,33301,4309,255,132105,0,0;
8478180100;7064656,44904,1,7112,14587,76,34532,8036,2,34452,0,0,132037,9726,10,33311,7991,20,33310,0,0,32408,9087,15,32350,0,0,33290,8037,24,33301,4309,255,132105,0,0;
8573260400;7064751,44904,1,7112,14585,75,34532,8038,2,34452,0,0,132037,9727,11,33311,7991,20,33310,7575,21,32408,9088,16,32350,0,0,33290,8038,24,33301,4309,255,132105,0,0;
8676521200;7064854,44904,1,7113,14587,75,34532,8038,2,34452,0,0,132037,9724,11,33311,7992,20,33310,7574,21,32408,9088,16,32350,0,0,33290,8040,24,33301,4309,255,132105,0,0;
8777185500;7064955,44904,1,7111,14585,75,34532,8040,2,34452,0,0,132037,9724,10,33311,7990,20,33310,7575,21,32408,9087,16,32350,0,0,33290,8039,23,33301,4309,255,132105,0,0;
8877508400;7065055,44904,1,7112,14587,76,34532,8039,2,34452,0,0,132037,9725,11,33311,7991,21,33310,7573,21,32408,9087,16,32350,0,0,33290,8037,23,33301,4309,255,132105,0,0;
8974192400;7065151,44904,1,7113,14588,76,34532,8040,2,34452,0,0,132037,9727,11,33311,7992,21,33310,7574,20,32408,9087,16,32350,0,0,33290,8037,23,33301,4309,255,132105,0,0;
9075955700;7065254,44904,1,7112,14587,76,34532,8038,2,34452,0,0,132037,9729,11,33311,7991,20,33310,7574,20,32408,9087,16,32350,0,0,33290,8038,23,33301,4309,255,132105,0,0;
9177190400;7065355,44904,1,7112,14585,75,34532,8037,2,34452,0,0,132037,9727,11,33311,7991,20,33310,7573,20,32408,9088,16,32350,0,0,33290,8038,24,33301,4309,255,132105,0,0;
9277464300;7065455,44904,1,7110,14578,72,34532,8040,2,34452,0,0,132037,9726,11,33311,7989,20,33310,7575,19,32408,9090,16,32350,0,0,33290,8038,24,33301,4309,255,132105,0,0;
9378961500;7065556,44904,1,7114,14590,76,34532,8036,2,34452,0,0,132037,9730,11,33311,7993,20,33310,7573,19,32408,9087,17,32350,0,0,33290,8040,24,33301,4309,255,132105,0,0;
9474571700;7065652,44904,1,7114,14590,76,34532,8037,2,34452,0,0,132037,9729,11,33311,7993,20,33310,7574,19,32408,9087,17,32350,0,0,33290,8037,24,33301,4309,255,132105,0,0;
9574888900;7065752,44904,1,7112,14587,76,34532,8035,2,34452,0,0,132037,9726,11,33311,7991,20,33310,7572,19,32408,9087,17,32350,0,0,33290,8041,24,33301,4309,255,132105,0,0;
9676717800;7065855,44904,1,7112,14585,75,34532,8037,2,34452,0,0,132037,9725,11,33311,7991,20,33310,7574,19,32408,9088,17,32350,0,0,33290,8039,25,33301,4309,255,132105,0,0;
9779255700;7065956,44904,1,7112,14589,76,34532,8038,2,34452,0,0,132037,9728,11,33311,7991,20,33310,7573,19,32408,9086,17,32350,0,0,33290,8039,25,33301,4309,255,132105,0,0;
9879392900;7066057,44904,1,7113,14588,76,34532,8038,2,34452,0,0,132037,9727,11,33311,7992,20,33310,7573,19,32408,9087,16,32350,0,0,33290,8037,24,33301,4309,255,132105,0,0;
9973901100;7066151,44904,1,7111,14585,75,34532,8035,2,34452,0,0,132037,9726,11,33311,7990,20,33310,7574,20,32408,9087,17,32350,0,0,33290,8040,25,33301,4309,255,132105,0,0;
10075864000;7066253,44904,1,7111,14587,76,34532,8038,2,34452,0,0,132037,9727,11,33311,7990,20,33310,7571,20,32408,9086,16,32350,0,0,33290,8036,25,33301,4309,255,132105,0,0;
10180081100;7066357,44904,1,7113,14588,76,34532,8037,2,34452,0,0,132037,9726,11,33311,7992,20,33310,7573,20,32408,9087,16,32350,0,0,33290,8039,25,33301,4309,255,132105,0,0;
10276871300;7066455,44904,1,7113,14585,74,34532,8036,2,34452,0,0,132037,9726,11,33311,7992,20,33310,7574,20,32408,9089,16,32350,0,0,33290,8036,24,33301,4309,255,132105,0,0;
10373541400;7066551,44904,1,7109,14583,74,34532,8035,2,34452,0,0,132037,9724,10,33311,7989,20,33310,7575,20,32408,9087,16,32350,0,0,33290,8039,24,33301,4310,255,132105,0,0;
10477048000;7066654,44904,1,7112,14583,74,34532,8039,2,34452,0,0,132037,9728,11,33311,7991,20,33310,7573,19,32408,9089,16,32350,0,0,33290,8038,24,33301,4309,255,132105,0,0;
10577861200;7066755,44904,1,7110,14581,73,34532,8039,2,34452,0,0,132037,9725,11,33311,7990,20,33310,7574,19,32408,9089,16,32350,0,0,33290,8038,24,33301,4310,255,132105,0,0;
10678030700;7066855,44904,1,7112,14583,73,34532,8036,2,34452,0,0,132037,9727,10,33311,7992,20,33310,7573,19,32408,9090,16,32350,0,0,33290,8039,24,33301,4310,255,132105,0,0;
10779186000;7066956,44904,1,7111,14585,74,34532,8037,2,34452,0,0,132037,9725,11,33311,7991,20,33310,7574,19,32408,9088,16,32350,0,0,33290,8038,24,33301,4310,255,132105,0,0;
10875406600;7067053,44904,1,7113,14587,75,34532,8037,2,34452,0,0,132037,9724,11,33311,7992,20,33310,7572,19,32408,9088,16,32350,0,0,33290,8037,24,33301,4309,255,132105,0,0;
10976705600;7067155,44904,1,7113,14588,76,34532,8038,2,34452,0,0,132037,9729,11,33311,7992,20,33310,7574,19,32408,9087,16,32350,0,0,33290,8039,24,33301,4309,255,132105,0,0;
11076898400;7067255,44904,1,7111,14590,76,34532,8035,2,34452,0,0,132037,9728,10,33311,7991,20,33310,7574,19,32408,9085,16,32350,0,0,33290,8037,24,33301,4310,255,132105,0,0;
11177802900;7067355,44904,1,7112,14587,76,34532,8038,2,34452,0,0,132037,9725,10,33311,7991,20,33310,7574,19,32408,9087,16,32350,0,0,33290,8039,24,33301,4309,254,132105,0,0;
11274213700;7067451,44904,1,7113,14592,78,34532,8038,2,34452,0,0,132037,9726,10,33311,7992,20,33310,7575,20,32408,9085,16,32350,0,0,33290,8037,24,33301,4309,255,132105,0,0;
11377523600;7067554,44904,1,7110,14580,73,34532,8039,2,34452,0,0,132037,9725,10,33311,7989,20,33310,7575,20,32408,9089,16,32350,0,0,33290,8039,24,33301,4309,252,132105,0,0;
11477563200;7067655,44904,1,7110,14585,74,34532,8035,2,34452,0,0,132037,9728,10,33311,7990,20,33310,7573,20,32408,9087,16,32350,0,0,33290,8037,24,33301,4310,254,132105,0,0;
11577923000;7067755,44904,1,7111,14580,73,34532,8040,2,34452,0,0,132037,9729,10,33311,7990,20,33310,7573,20,32408,9090,16,32350,0,0,33290,8039,24,33301,4309,253,132105,0,0;
11673738400;7067851,44904,1,7112,14583,74,34532,8035,2,34452,0,0,132037,9725,10,33311,7991,21,33310,7574,20,32408,9089,16,32350,0,0,33290,8039,24,33301,4309,255,132105,0,0;
11774969300;7067952,44904,1,7112,14587,76,34532,8037,2,34452,0,0,132037,9725,10,33311,7991,21,33310,7572,20,32408,9087,16,32350,0,0,33290,8038,24,33301,4309,254,132105,0,0;
11877379000;7068055,44904,1,7112,14587,76,34532,8037,2,34452,0,0,132037,9727,10,33311,7991,20,33310,7573,20,32408,9087,16,32350,0,0,33290,8039,24,33301,4309,255,132105,0,0;
11976961100;7068154,44904,1,7113,14587,75,34532,8037,2,34452,0,0,132037,9725,10,33311,7992,20,33310,7571,20,32408,9088,16,32350,0,0,33290,8038,24,33301,4309,255,132105,0,0;
12077697500;7068255,44904,1,7113,14588,76,34532,8038,2,34452,0,0,132037,9725,10,33311,7992,21,33310,7573,20,32408,9087,16,32350,0,0,33290,8039,24,33301,4309,255,132105,0,0;
12173523900;7068351,44904,1,7111,14585,74,34532,8038,2,34452,0,0,132037,9724,10,33311,7991,20,33310,7577,20,32408,9088,16,32350,0,0,33290,8036,24,33301,4310,255,132105,0,0;
12276263300;7068454,44904,1,7113,14596,78,34532,8038,2,34452,0,0,132037,9726,10,33311,7993,21,33310,7575,20,32408,9084,16,32350,0,0,33290,8039,23,33301,4310,255,132105,0,0;
12375530700;7068553,44904,1,7110,14585,74,34532,8040,2,34452,0,0,132037,9724,10,33311,7990,20,33310,7572,20,32408,9087,16,32350,0,0,33290,8037,23,33301,4310,255,132105,0,0;
12477009100;7068655,44904,1,7111,14581,74,34532,8037,2,34452,0,0,132037,9726,10,33311,7990,20,33310,7576,20,32408,9089,16,32350,0,0,33290,8038,23,33301,4309,255,132105,0,0;
12577408000;7068755,44904,1,7111,14585,75,34532,8042,2,34452,0,0,132037,9725,10,33311,7990,20,33310,7576,20,32408,9087,16,32350,0,0,33290,8039,24,33301,4309,255,132105,0,0;
12679036400;7068856,44904,1,7112,14589,76,34532,8037,2,34452,0,0,132037,9725,10,33311,7991,20,33310,7574,19,32408,9086,16,32350,0,0,33290,8038,24,33301,4309,255,132105,0,0;
12772880300;7068951,44904,1,7112,14587,76,34532,8039,2,34452,0,0,132037,9727,10,33311,7991,20,33310,0,0,32408,9087,16,32350,0,0,33290,8038,23,33301,4309,255,132105,0,0;
12875293300;7069053,44904,1,7114,14587,75,34532,8036,2,34452,0,0,132037,9725,10,33311,7993,20,33310,7575,19,32408,9089,16,32350,0,0,33290,8038,24,33301,4309,255,132105,0,0;
12975619800;7069154,44904,1,7113,14587,75,34532,8039,2,34452,0,0,132037,9728,10,33311,7992,20,33310,7576,19,32408,9088,16,32350,0,0,33290,8037,24,33301,4309,255,132105,0,0;
13077803900;7069255,44904,1,7113,14587,75,34532,8037,2,34452,0,0,132037,9728,10,33311,7992,20,33310,7572,18,32408,9088,15,32350,0,0,33290,8038,24,33301,4309,255,132105,0,0;
13177862800;7069356,44904,1,7111,14587,76,34532,8036,2,34452,0,0,132037,9728,10,33311,7990,20,33310,7575,18,32408,9086,16,32350,0,0,33290,8037,24,33301,4309,255,132105,0,0;
13273654500;7069451,44904,1,7113,14590,77,34532,8036,2,34452,0,0,132037,9729,10,33311,7992,20,33310,7574,18,32408,9086,16,32350,0,0,33290,8038,24,33301,4309,255,132105,0,0;
13379183900;7069556,44904,1,7109,14583,75,34532,8035,2,34452,0,0,132037,9725,10,33311,7988,20,33310,7573,18,32408,9086,16,32350,0,0,33290,8038,24,33301,4309,255,132105,0,0;
13477253500;7069655,44904,1,7113,14590,77,34532,8036,2,34452,0,0,132037,9727,10,33311,7992,20,33310,7573,18,32408,9086,16,32350,0,0,33290,8040,24,33301,4309,255,132105,0,0;
13577349800;7069755,44904,1,7109,14582,74,34532,8037,2,34452,0,0,132037,9726,10,33311,7988,20,33310,7574,18,32408,9087,16,32350,0,0,33290,8039,24,33301,4309,255,132105,0,0;
13671880200;7069850,44904,1,7113,14592,78,34532,8038,2,34452,0,0,132037,9727,10,33311,7992,20,33310,7572,18,32408,9085,16,32350,0,0,33290,8038,24,33301,4309,255,132105,0,0;
13776916700;7069955,44904,1,7112,14590,77,34532,8036,2,34452,0,0,132037,9727,10,33311,7991,20,33310,7574,19,32408,9085,16,32350,0,0,33290,8039,24,33301,4309,255,132105,0,0;
13876023300;7070054,44904,1,7111,14589,77,34532,8036,2,34452,0,0,132037,9726,10,33311,7990,21,33310,7572,19,32408,9085,16,32350,0,0,33290,8038,24,33301,4309,255,132105,0,0;
13977531200;7070155,44904,1,7112,14587,76,34532,8037,2,34452,0,0,132037,9726,10,33311,7991,21,33310,7574,20,32408,9087,16,32350,0,0,33290,8038,24,33301,4309,255,132105,0,0;
14073049500;7070251,44904,1,7110,14583,75,34532,8035,2,34452,0,0,132037,9727,10,33311,7989,20,33310,7574,19,32408,9087,16,32350,0,0,33290,8038,24,33301,4309,255,132105,0,0;
14174735500;7070353,44904,1,7112,14583,74,34532,8036,2,34452,0,0,132037,9722,10,33311,7991,21,33310,7574,19,32408,9089,16,32350,0,0,33290,8038,24,33301,4309,254,132105,0,0;
14276849600;7070454,44904,1,7112,14585,75,34532,8037,2,34452,0,0,132037,9726,10,33311,7991,20,33310,7575,19,32408,9088,16,32350,0,0,33290,8038,24,33301,4309,253,132105,0,0;
14377895500;7070556,44904,1,7111,14583,74,34532,8037,2,34452,0,0,132037,9727,10,33311,7990,20,33310,7576,19,32408,9088,16,32350,0,0,33290,8036,24,33301,4309,255,132105,0,0;
14477533500;7070655,44904,1,7110,14591,78,34532,8038,2,34452,0,0,132037,9727,10,33311,7989,21,33310,7574,19,32408,9083,17,32350,0,0,33290,8038,24,33301,4309,255,132105,0,0;
14573590700;7070751,44904,1,7110,14591,78,34532,8037,2,34452,0,0,132037,9727,10,33311,7989,21,33310,7574,19,32408,9083,16,32350,0,0,33290,8038,24,33301,4309,255,132105,0,0;
14676229300;7070854,44904,1,7115,14594,78,34532,8036,2,34452,0,0,132037,9725,10,33311,7994,21,33310,7572,19,32408,9086,16,32350,0,0,33290,8039,24,33301,4309,255,132105,0,0;
14777486800;7070955,44904,1,7113,14588,76,34532,8038,2,34452,0,0,132037,9728,10,33311,7992,20,33310,7573,19,32408,9087,16,32350,0,0,33290,8040,24,33301,4309,255,132105,0,0;
14877177600;7071055,44904,1,7115,14592,77,34532,8038,2,34452,0,0,132037,9729,10,33311,7994,21,33310,7573,18,32408,9087,16,32350,0,0,33290,8040,24,33301,4309,255,132105,0,0;
14973384200;7071151,44904,1,7124,14587,101,34532,8036,2,34452,0,0,132037,9730,10,33311,7990,20,33310,7575,18,32408,9087,16,32350,0,0,33290,8038,24,33301,0,0,132105,0,0;
15075339300;7071253,44904,1,7110,14580,73,34532,8036,2,34452,0,0,132037,9727,10,33311,7989,20,33310,7573,18,32408,9089,16,32350,0,0,33290,8037,24,33301,4309,255,132105,0,0;
15175041800;7071353,44904,1,7109,14580,74,34532,8034,2,34452,0,0,132037,9729,10,33311,7988,20,33310,7574,18,32408,9088,16,32350,0,0,33290,8038,25,33301,4309,255,132105,0,0;
15276836200;7071455,44904,1,7114,14590,76,34532,8037,2,34452,0,0,132037,9725,10,33311,7993,20,33310,7574,18,32408,9087,16,32350,0,0,33290,8037,25,33301,4309,255,132105,0,0;
15378553200;7071556,44904,1,7111,14589,77,34532,8038,2,34452,0,0,132037,9727,10,33311,7990,20,33310,7572,18,32408,9085,16,32350,0,0,33290,8038,25,33301,4309,255,132105,0,0;
15472852300;7071651,44904,1,7113,14588,76,34532,8034,2,34452,0,0,132037,9725,10,33311,7992,20,33310,7571,18,32408,9087,16,32350,0,0,33290,8037,25,33301,4309,255,132105,0,0;
15574828200;7071753,44904,1,7111,14590,78,34532,8032,2,34452,0,0,132037,9730,10,33311,7990,20,33310,7573,18,32408,9084,16,32350,0,0,33290,8038,25,33301,4309,255,132105,0,0;
15674875600;7071853,44904,1,7112,14589,76,34532,8038,2,34452,0,0,132037,9727,10,33311,7991,20,33310,7572,18,32408,9086,16,32350,0,0,33290,8038,25,33301,4309,255,132105,0,0;
15777269200;7071955,44904,1,7111,14583,74,34532,8037,2,34452,0,0,132037,9727,10,33311,7990,20,33310,7573,19,32408,9088,16,32350,0,0,33290,8036,25,33301,4309,255,132105,0,0;
15877320000;7072056,44904,1,7112,14585,75,34532,8037,2,34452,0,0,132037,9729,10,33311,7991,20,33310,7576,19,32408,9088,15,32350,0,0,33290,8039,25,33301,4309,255,132105,0,0;
15978299800;7072156,44904,1,7110,14585,76,34532,8038,2,34452,0,0,132037,9730,10,33311,7989,20,33310,7574,19,32408,9086,15,32350,0,0,33290,8039,25,33301,4309,255,132105,0,0;
16073364900;7072252,44904,1,7113,14592,78,34532,8034,2,34452,0,0,132037,9727,10,33311,7992,20,33310,7574,19,32408,9085,15,32350,0,0,33290,8037,25,33301,4309,255,132105,0,0;
16176317800;7072354,44904,1,7112,14590,77,34532,8038,2,34452,0,0,132037,9725,10,33311,7991,20,33310,7573,19,32408,9085,15,32350,0,0,33290,8035,25,33301,4309,255,132105,0,0;
16276011700;7072454,44904,1,7113,14587,76,34532,8035,2,34452,0,0,132037,9729,10,33311,7992,20,33310,7574,19,32408,9088,15,32350,0,0,33290,8037,25,33301,4308,255,132105,0,0;
16371962300;7072550,44904,1,7111,14587,76,34532,8038,2,34452,0,0,132037,9728,10,33311,7990,20,33310,7573,20,32408,9086,15,32350,0,0,33290,8038,25,33301,4309,255,132105,0,0;
16477357900;7072656,44904,1,7112,14592,78,34532,8036,2,34452,0,0,132037,9728,10,33311,7991,20,33310,7574,20,32408,9084,15,32350,0,0,33290,8040,25,33301,4309,255,132105,0,0;
16575180700;7072754,44904,1,7111,14589,77,34532,8039,2,34452,0,0,132037,9730,10,33311,7990,20,33310,7573,20,32408,9085,15,32350,0,0,33290,8038,24,33301,4309,255,132105,0,0;
16677021300;7072855,44904,1,7113,14588,76,34532,8038,2,34452,0,0,132037,9728,10,33311,7992,20,33310,7574,20,32408,9087,15,32350,0,0,33290,8037,24,33301,4309,255,132105,0,0;
16772632900;7072950,44904,1,7112,14587,76,34532,8040,2,34452,0,0,132037,9727,10,33311,7991,20,33310,7572,21,32408,9087,14,32350,0,0,33290,8037,24,33301,4309,255,132105,0,0;
16875711500;7073054,44904,1,7112,14589,76,34532,8039,2,34452,0,0,132037,9730,10,33311,7991,20,33310,7572,21,32408,9086,14,32350,0,0,33290,8039,24,33301,4309,255,132105,0,0;
16975662000;7073154,44904,1,7112,14590,77,34532,8038,2,34452,0,0,132037,9725,10,33311,7991,20,33310,7572,21,32408,9085,15,32350,0,0,33290,8038,24,33301,4309,255,132105,0,0;
17077857900;7073256,44904,1,7112,14590,77,34532,8038,2,34452,0,0,132037,9726,10,33311,7991,20,33310,7573,20,32408,9085,14,32350,0,0,33290,8037,24,33301,4309,255,132105,0,0;
17177267100;7073355,44904,1,7113,14588,76,34532,8040,2,34452,0,0,132037,9728,10,33311,7992,20,33310,7574,21,32408,9087,15,32350,0,0,33290,8039,24,33301,4309,255,132105,0,0;
17279088400;7073457,44904,1,7112,14592,78,34532,8039,2,34452,0,0,132037,9729,10,33311,7991,20,33310,7573,21,32408,9084,15,32350,0,0,33290,8036,24,33301,4309,255,132105,0,0;
17374364600;7073553,44904,1,7113,14592,78,34532,8038,2,34452,0,0,132037,0,0,33311,7992,20,33310,7573,21,32408,9085,16,32350,0,0,33290,8038,24,33301,4309,255,132105,0,0;
17475148600;7073654,44904,1,7113,14592,78,34532,8038,2,34452,0,0,132037,9722,10,33311,7992,20,33310,7572,21,32408,9085,16,32350,0,0,33290,8037,24,33301,4309,255,132105,0,0;
17576664900;7073755,44904,1,7110,14585,77,34532,8039,2,34452,0,0,132037,9727,10,33311,7989,20,33310,7574,20,32408,9086,17,32350,0,0,33290,8036,24,33301,4308,255,132105,0,0;
17676808700;7073855,44904,1,7112,14589,76,34532,8038,2,34452,0,0,132037,9728,10,33311,7991,20,33310,7573,20,32408,9086,16,32350,0,0,33290,8037,24,33301,4309,255,132105,0,0;
17776984900;7073955,44904,1,7113,14587,75,34532,8039,2,34452,0,0,132037,9726,10,33311,7992,20,33310,7573,20,32408,9088,17,32350,0,0,33290,8038,24,33301,4309,255,132105,0,0;
17873348600;7074052,44904,1,7114,14592,77,34532,8039,2,34452,0,0,132037,9728,10,33311,7993,20,33310,7574,19,32408,9086,17,32350,0,0,33290,8038,24,33301,4309,255,132105,0,0;
17974764700;7074153,44904,1,7112,14585,75,34532,8039,2,34452,0,0,132037,9727,10,33311,7991,20,33310,0,0,32408,9088,17,32350,0,0,33290,8038,23,33301,4309,255,132105,0,0;
18076225600;7074254,44904,1,7112,14585,75,34532,8040,2,34452,0,0,132037,9726,10,33311,7991,20,33310,7572,19,32408,9088,17,32350,0,0,33290,8038,23,33301,4309,255,132105,0,0;
18177125700;7074355,44904,1,7121,14593,95,34532,8041,2,34452,0,0,132037,9726,10,33311,7992,20,33310,7573,19,32408,9085,17,32350,0,0,33290,8036,23,33301,0,0,132105,0,0;
18277506400;7074456,44904,1,7130,14588,113,34532,8040,2,34452,0,0,132037,9727,10,33311,7990,21,33310,7574,19,32408,9087,16,32350,0,0,33290,8038,23,33301,0,0,132105,0,0;
18376416900;7074554,44904,1,7113,14590,77,34532,8042,2,34452,0,0,132037,9727,10,33311,7992,20,33310,7571,19,32408,9086,16,32350,0,0,33290,8038,23,33301,4309,255,132105,0,0;
18478290700;7074656,44904,1,7113,14588,76,34532,8041,2,34452,0,0,132037,9727,10,33311,7992,20,33310,7574,19,32408,9087,16,32350,0,0,33290,8038,24,33301,4309,255,132105,0,0;
18571913200;7074751,44904,1,7111,14587,76,34532,8039,2,34452,0,0,132037,9727,10,33311,7990,21,33310,7573,19,32408,9086,17,32350,0,0,33290,8036,24,33301,4309,255,132105,0,0;
18674688600;7074853,44904,1,7113,14588,76,34532,8039,2,34452,0,0,132037,9727,10,33311,7992,21,33310,7572,19,32408,9087,16,32350,0,0,33290,8038,24,33301,4309,255,132105,0,0;
18776925000;7074955,44904,1,7112,14587,76,34532,8042,2,34452,0,0,132037,9727,10,33311,7991,21,33310,7573,19,32408,9087,16,32350,0,0,33290,8039,24,33301,4309,255,132105,0,0;
18871645500;7075051,44904,1,7112,14589,76,34532,8038,2,34452,0,0,132037,9727,10,33311,7991,20,33310,7572,19,32408,9086,16,32350,0,0,33290,8039,24,33301,4309,255,132105,0,0;
18974075700;7075153,44904,1,7109,14589,78,34532,8039,2,34452,0,0,132037,9728,10,33311,7988,21,33310,7572,19,32408,9083,16,32350,0,0,33290,8038,24,33301,4309,255,132105,0,0;
19074904900;7075254,44904,1,7110,14580,73,34532,8039,2,34452,0,0,132037,9725,10,33311,7989,21,33310,7571,19,32408,9089,16,32350,0,0,33290,8039,24,33301,4309,255,132105,0,0;
19176855500;7075355,44904,1,7110,14583,75,34532,8035,2,34452,0,0,132037,9728,10,33311,7989,21,33310,7573,19,32408,9087,16,32350,0,0,33290,8039,25,33301,4309,255,132105,0,0;
19271122100;7075450,44904,1,7114,14587,75,34532,8037,2,34452,0,0,132037,9727,10,33311,7993,21,33310,7572,19,32408,9089,16,32350,0,0,33290,8038,25,33301,4309,255,132105,0,0;
19374094200;7075553,44904,1,7113,14588,76,34532,8038,2,34452,0,0,132037,9728,10,33311,7992,20,33310,7572,20,32408,9087,16,32350,0,0,33290,8038,25,33301,4309,255,132105,0,0;
19482700900;7075655,44904,1,7113,14590,77,34532,8039,2,34452,0,0,132037,9726,11,33311,7992,21,33310,7572,20,32408,9086,16,32350,0,0,33290,8039,24,33301,4309,255,132105,0,0;
19575917600;7075754,44904,1,7112,14587,76,34532,8036,2,34452,0,0,132037,9730,11,33311,7991,21,33310,7572,20,32408,9087,17,32350,0,0,33290,8038,24,33301,4309,255,132105,0,0;
19671300700;7075850,44904,1,7111,14583,74,34532,8040,2,34452,0,0,132037,9726,11,33311,7990,21,33310,7572,20,32408,9088,17,32350,0,0,33290,8038,25,33301,4309,255,132105,0,0;
19774765700;7075953,44904,1,7112,14585,75,34532,8036,2,34452,0,0,132037,9727,11,33311,7991,21,33310,7574,20,32408,9088,17,32350,0,0,33290,8038,25,33301,4309,255,132105,0,0;
19875384900;7076055,44904,1,7113,14590,77,34532,8038,2,34452,0,0,132037,9729,10,33311,7992,20,33310,7573,19,32408,9086,17,32350,0,0,33290,8037,24,33301,4309,255,132105,0,0;
19976046000;7076154,44904,1,7108,14582,75,34532,8036,2,34452,0,0,132037,9727,11,33311,7987,21,33310,7571,20,32408,9086,17,32350,0,0,33290,8038,25,33301,4309,255,132105,0,0;
20084774800;7076263,44904,1,7113,14587,75,34532,8040,2,34452,0,0,132037,9724,10,33311,7992,21,33310,7573,20,32408,9088,16,32350,0,0,33290,8039,24,33301,4309,255,132105,0,0;
20174316500;7076353,44904,1,7115,14590,76,34532,8038,2,34452,0,0,132037,9726,11,33311,7994,21,33310,7572,20,32408,9088,17,32350,0,0,33290,8040,25,33301,4309,255,132105,0,0;
20275984000;7076454,44904,1,7113,14587,75,34532,8036,2,34452,0,0,132037,9724,11,33311,7992,20,33310,7574,20,32408,9088,16,32350,0,0,33290,8037,25,33301,4309,255,132105,0,0;
20374792500;7076553,44904,1,7112,14585,75,34532,8038,2,34452,0,0,132037,9728,11,33311,7991,21,33310,7573,20,32408,9088,16,32350,0,0,33290,8037,25,33301,4309,255,132105,0,0;
20476178900;7076654,44904,1,7112,14583,74,34532,8036,2,34452,0,0,132037,9731,10,33311,7991,20,33310,7573,20,32408,9089,16,32350,0,0,33290,8038,25,33301,4309,255,132105,0,0;
20571125800;7076751,44904,1,7112,14590,77,34532,8037,2,34452,0,0,132037,9725,11,33311,7991,21,33310,7571,20,32408,9085,16,32350,0,0,33290,8038,25,33301,4309,255,132105,0,0;
20672880300;7076852,44904,1,7113,14590,77,34532,8036,2,34452,0,0,132037,9728,11,33311,7992,21,33310,7572,20,32408,9086,16,32350,0,0,33290,8038,25,33301,4309,255,132105,0,0;
20774203000;7076953,44904,1,7113,14587,75,34532,8036,2,34452,0,0,132037,9726,10,33311,7992,21,33310,7572,20,32408,9088,16,32350,0,0,33290,8035,25,33301,4309,255,132105,0,0;
20875235600;7077054,44904,1,7114,14594,78,34532,8035,2,34452,0,0,132037,9728,11,33311,7993,21,33310,7572,20,32408,9085,16,32350,0,0,33290,8038,25,33301,4309,255,132105,0,0;
20976615300;7077155,44904,1,7112,14585,75,34532,8036,2,34452,0,0,132037,9725,10,33311,7991,21,33310,7573,20,32408,9088,16,32350,0,0,33290,8036,25,33301,4309,255,132105,0,0;
21071259200;7077250,44904,1,7115,14588,75,34532,8035,2,34452,0,0,132037,9728,10,33311,7994,21,33310,7573,20,32408,9089,16,32350,0,0,33290,8037,25,33301,4309,255,132105,0,0;
21174586100;7077353,44904,1,7112,14587,74,34532,8035,2,34452,0,0,132037,9727,10,33311,7992,21,33310,7572,20,32408,9088,16,32350,0,0,33290,8036,25,33301,4310,255,132105,0,0;
21275262500;7077454,44904,1,7114,14588,76,34532,8034,2,34452,0,0,132037,9727,10,33311,7993,21,33310,7573,20,32408,9088,17,32350,0,0,33290,8038,25,33301,4309,255,132105,0,0;
21375742200;7077555,44904,1,7114,14585,74,34532,8038,2,34452,0,0,132037,9725,10,33311,7993,21,33310,0,0,32408,9090,16,32350,0,0,33290,8034,25,33301,4309,255,132105,0,0;
21476523100;7077655,44904,1,7112,14587,76,34532,8037,2,34452,0,0,132037,9725,10,33311,7991,21,33310,0,0,32408,9087,16,32350,0,0,33290,8038,25,33301,4309,255,132105,0,0;
21576470500;7077755,44904,1,7113,14585,73,34532,8035,2,34452,0,0,132037,9729,10,33311,7993,21,33310,0,0,32408,9090,16,32350,0,0,33290,8038,25,33301,4310,255,132105,0,0;
21673166400;7077852,44904,1,7113,14587,75,34532,8036,2,34452,0,0,132037,9729,10,33311,7992,21,33310,0,0,32408,9088,16,32350,0,0,33290,8038,25,33301,4309,255,132105,0,0;
21775733600;7077955,44904,1,7114,14590,76,34532,8039,2,34452,0,0,132037,9726,10,33311,7993,21,33310,0,0,32408,9087,16,32350,0,0,33290,8039,25,33301,4309,255,132105,0,0;
21874641500;7078054,44904,1,7113,14587,75,34532,8035,2,34452,0,0,132037,9727,10,33311,7992,21,33310,0,0,32408,9088,16,32350,0,0,33290,8039,25,33301,4309,255,132105,0,0;
21973028300;7078152,44904,1,7113,14585,74,34532,8035,2,34452,0,0,132037,9730,10,33311,7992,21,33310,0,0,32408,9089,16,32350,0,0,33290,8038,25,33301,4309,255,132105,0,0;
22073957500;7078252,44904,1,7114,14588,76,34532,8032,2,34452,0,0,132037,9725,10,33311,7993,21,33310,0,0,32408,9088,16,32350,0,0,33290,8037,25,33301,4309,255,132105,0,0;
22174026300;7078354,44904,1,7110,14583,75,34532,8036,2,34452,0,0,132037,9727,10,33311,7989,21,33310,0,0,32408,9087,16,32350,0,0,33290,8037,25,33301,4309,255,132105,0,0;
22276567500;7078455,44904,1,7112,14587,76,34532,8036,2,34452,0,0,132037,9725,10,33311,7991,21,33310,0,0,32408,9087,16,32350,0,0,33290,8035,25,33301,4309,255,132105,0,0;
22370186000;7078549,44904,1,7111,14583,74,34532,8032,2,34452,0,0,132037,9725,10,33311,7990,21,33310,0,0,32408,9088,16,32350,0,0,33290,8036,25,33301,4309,255,132105,0,0;
22474407400;7078653,44904,1,7114,14590,76,34532,8036,2,34452,0,0,132037,9726,10,33311,7993,21,33310,0,0,32408,9087,16,32350,0,0,33290,8035,25,33301,4309,255,132105,0,0;
22574907600;7078754,44904,1,7133,14585,120,34532,8037,2,34452,0,0,132037,9728,10,33311,7989,21,33310,0,0,32408,9088,16,32350,0,0,33290,8038,25,33301,0,0,132105,0,0;
22675978800;7078855,44904,1,7112,14585,75,34532,8035,2,34452,0,0,132037,9728,10,33311,7991,21,33310,0,0,32408,9088,16,32350,0,0,33290,8038,25,33301,4309,255,132105,0,0;
22770595100;7078950,44904,1,7111,14583,74,34532,8036,2,34452,0,0,132037,9727,10,33311,7990,21,33310,0,0,32408,9088,16,32350,0,0,33290,8035,25,33301,4309,255,132105,0,0;
22873376000;7079052,44904,1,7109,14580,74,34532,8035,2,34452,0,0,132037,9729,10,33311,7988,21,33310,0,0,32408,9088,16,32350,0,0,33290,8036,25,33301,4309,255,132105,0,0;
22976283800;7079155,44904,1,7112,14587,76,34532,8035,2,34452,0,0,132037,9726,10,33311,7991,21,33310,0,0,32408,9087,16,32350,0,0,33290,8035,25,33301,4309,255,132105,0,0;
23074433500;7079254,44904,1,7112,14590,77,34532,0,0,34452,0,0,132037,9727,10,33311,7991,21,33310,0,0,32408,9085,16,32350,0,0,33290,8037,25,33301,4309,255,132105,0,0;
23175795600;7079355,44904,1,7111,14589,77,34532,8036,2,34452,0,0,132037,9728,10,33311,7990,21,33310,0,0,32408,9085,16,32350,0,0,33290,8036,25,33301,4309,255,132105,0,0;
23274236600;7079453,44904,1,7112,14587,76,34532,8035,2,34452,0,0,132037,9724,10,33311,7991,21,33310,0,0,32408,9087,16,32350,0,0,33290,8035,25,33301,4309,255,132105,0,0;
23376098200;7079555,44904,1,7110,14580,73,34532,8036,2,34452,0,0,132037,9729,10,33311,7989,21,33310,0,0,32408,9089,16,32350,0,0,33290,8037,25,33301,4309,255,132105,0,0;
23472965100;7079652,44904,1,7112,14587,76,34532,8036,2,34452,0,0,132037,9725,10,33311,7991,21,33310,0,0,32408,9087,16,32350,0,0,33290,8037,26,33301,4309,255,132105,0,0;
23574584600;7079754,44904,1,7113,14588,76,34532,8036,2,34452,0,0,132037,9725,10,33311,7992,21,33310,0,0,32408,9087,16,32350,0,0,33290,8037,25,33301,4309,255,132105,0,0;
23677213900;7079856,44904,1,7111,14585,74,34532,8035,2,34452,0,0,132037,9725,10,33311,7991,21,33310,0,0,32408,9088,16,32350,0,0,33290,8037,25,33301,4310,255,132105,0,0;
23776176000;7079955,44904,1,7111,14585,75,34532,8032,2,34452,0,0,132037,9727,10,33311,7990,21,33310,0,0,32408,9087,16,32350,0,0,33290,8038,25,33301,4309,255,132105,0,0;
23871172800;7080051,44904,1,7136,14589,125,34532,8036,2,34452,0,0,132037,9724,10,33311,7990,20,33310,0,0,32408,9087,17,32350,0,0,33290,8037,25,33301,0,0,132105,0,0;
23974336500;7080153,44904,1,7125,14592,101,34532,8036,2,34452,0,0,132037,9726,10,33311,7992,21,33310,0,0,32408,9086,17,32350,0,0,33290,8036,25,33301,0,0,132105,0,0;
24075311000;7080254,44904,1,7130,14587,111,34532,8035,2,34452,0,0,132037,9728,10,33311,7991,21,33310,0,0,32408,9088,17,32350,0,0,33290,8035,25,33301,0,0,132105,0,0;
24175316100;7080354,44904,1,7128,14589,106,34532,8036,2,34452,0,0,132037,9728,10,33311,7992,21,33310,0,0,32408,9088,17,32350,0,0,33290,8037,25,33301,0,0,132105,0,0;
24269758600;7080449,44904,1,7125,14590,102,34532,8037,2,34452,0,0,132037,9727,10,33311,7991,21,33310,0,0,32408,9086,16,32350,0,0,33290,8039,25,33301,0,0,132105,0,0;
24373419800;7080552,44904,1,7137,14585,126,34532,8037,2,34452,0,0,132037,9727,10,33311,7990,20,33310,0,0,32408,9089,16,32350,0,0,33290,8039,25,33301,0,0,132105,0,0;
24474265500;7080653,44904,1,7132,14586,116,34532,8036,2,34452,0,0,132037,9728,10,33311,7990,21,33310,0,0,32408,9088,16,32350,0,0,33290,8038,25,33301,0,0,132105,0,0;
24575067100;7080754,44904,1,7131,14586,118,34532,8036,2,34452,0,0,132037,9727,10,33311,7989,21,33310,0,0,32408,9087,17,32350,0,0,33290,8036,25,33301,0,0,132105,0,0;
24670091500;7080850,44904,1,7140,14587,132,34532,8038,2,34452,0,0,132037,9724,10,33311,7990,21,33310,0,0,32408,9088,16,32350,0,0,33290,8038,25,33301,0,0,132105,0,0;
24774173700;7080953,44904,1,7132,14588,117,34532,8035,2,34452,0,0,132037,9726,10,33311,7990,21,33310,0,0,32408,9087,17,32350,0,0,33290,8037,25,33301,0,0,132105,0,0;
24873773900;7081053,44904,1,7126,14587,103,34532,8039,2,34452,0,0,132037,9730,10,33311,7991,21,33310,0,0,32408,9088,17,32350,0,0,33290,8039,25,33301,0,0,132105,0,0;
24975186000;7081154,44904,1,7128,14587,107,34532,8037,2,34452,0,0,132037,9729,10,33311,7991,21,33310,0,0,32408,9088,17,32350,0,0,33290,8038,24,33301,0,0,132105,0,0;
25070140200;7081250,44904,1,7138,14587,123,34532,8040,2,34452,0,0,132037,9727,10,33311,7992,20,33310,0,0,32408,9090,17,32350,0,0,33290,8035,24,33301,0,0,132105,0,0;
25274707100;7081454,44904,1,7139,14584,131,34532,8038,2,34452,0,0,132037,9727,10,33311,7989,20,33310,7575,18,32408,9089,16,32350,0,0,33290,8036,24,33301,0,0,132105,0,0;
25374864100;7081554,44904,1,7132,14588,115,34532,8041,2,34452,0,0,132037,9727,10,33311,7991,20,33310,7574,18,32408,9088,17,32350,0,0,33290,8037,24,33301,0,0,132105,0,0;
25469575800;7081649,44904,1,7130,14588,113,34532,8037,2,34452,0,0,132037,9727,10,33311,7990,21,33310,7572,18,32408,9087,17,32350,0,0,33290,8038,24,33301,0,0,132105,0,0;
25571053000;7081751,44904,1,7133,14585,122,34532,8038,2,34452,0,0,132037,9727,10,33311,7988,21,33310,0,0,32408,9087,18,32350,0,0,33290,8037,24,33301,0,0,132105,0,0;
25672454400;7081852,44904,1,7132,14588,117,34532,8037,2,34452,0,0,132037,9726,10,33311,7990,21,33310,7572,18,32408,9087,17,32350,0,0,33290,8038,25,33301,0,0,132105,0,0;
25773043000;7081953,44904,1,7136,14582,128,34532,8036,2,34452,0,0,132037,9729,10,33311,7988,21,33310,7575,18,32408,9089,17,32350,0,0,33290,8040,25,33301,0,0,132105,0,0;
25874199800;7082054,44904,1,7143,14586,140,34532,8039,2,34452,0,0,132037,9723,10,33311,7989,21,33310,7575,19,32408,9088,17,32350,0,0,33290,8037,25,33301,0,0,132105,0,0;
25971946000;7082151,44904,1,7128,14588,111,34532,8036,2,34452,0,0,132037,9727,10,33311,7989,21,33310,0,0,32408,9086,17,32350,0,0,33290,8036,25,33301,0,0,132105,0,0;
26071940500;7082251,44904,1,7137,14584,129,34532,8036,2,34452,0,0,132037,9727,10,33311,7988,21,33310,7574,19,32408,9088,17,32350,0,0,33290,8037,24,33301,0,0,132105,0,0;
26173507100;7082353,44904,1,7129,14584,112,34532,8038,2,34452,0,0,132037,9730,10,33311,7989,21,33310,7572,19,32408,9088,18,32350,0,0,33290,8036,24,33301,0,0,132105,0,0;
26273921700;7082454,44904,1,7130,14589,112,34532,8041,2,34452,0,0,132037,9726,10,33311,7991,21,33310,0,0,32408,9087,17,32350,0,0,33290,8037,24,33301,0,0,132105,0,0;
26374716800;7082554,44904,1,7135,14591,118,34532,8036,2,34452,0,0,132037,9724,10,33311,7993,21,33310,7573,19,32408,9088,17,32350,0,0,33290,8039,24,33301,0,0,132105,0,0;
26475434500;7082655,44904,1,7125,14586,108,34532,8038,2,34452,0,0,132037,9729,10,33311,7988,21,33310,7575,19,32408,9086,17,32350,0,0,33290,8037,24,33301,0,0,132105,0,0;
26571141000;7082750,44904,1,7131,14587,120,34532,8037,2,34452,0,0,132037,9726,10,33311,7988,21,33310,7574,20,32408,9086,17,32350,0,0,33290,8038,23,33301,0,0,132105,0,0;
26673416200;7082853,44904,1,7126,14589,102,34532,8036,2,34452,0,0,132037,9729,10,33311,7992,21,33310,7574,20,32408,9088,17,32350,0,0,33290,8034,24,33301,0,0,132105,0,0;
26773928300;7082953,44904,1,7127,14586,112,34532,8038,2,34452,0,0,132037,9728,10,33311,7988,21,33310,7573,20,32408,9086,16,32350,0,0,33290,8037,24,33301,0,0,132105,0,0;
26875276300;7083054,44904,1,7144,14588,138,34532,8036,2,34452,0,0,132037,9723,10,33311,7991,21,33310,7572,20,32408,9089,16,32350,0,0,33290,8038,23,33301,0,0,132105,0,0;
26971507200;7083151,44904,1,7138,14582,134,34532,8039,2,34452,0,0,132037,9727,10,33311,7987,21,33310,7574,20,32408,9088,16,32350,0,0,33290,8038,23,33301,0,0,132105,0,0;
27072302900;7083252,44904,1,7121,14591,91,34532,8038,2,34452,0,0,132037,9729,10,33311,7993,21,33310,7574,21,32408,9087,16,32350,0,0,33290,8038,23,33301,0,0,132105,0,0;
27173225300;7083353,44904,1,7136,14590,124,34532,8041,2,34452,0,0,132037,9723,10,33311,7991,21,33310,7573,21,32408,9087,17,32350,0,0,33290,8037,23,33301,0,0,132105,0,0;
27275085000;7083454,44904,1,7130,14589,112,34532,8039,2,34452,0,0,132037,9726,10,33311,7991,21,33310,7575,21,32408,9087,16,32350,0,0,33290,8038,23,33301,0,0,132105,0,0;
27368689200;7083549,44904,1,7120,14588,92,34532,8041,2,34452,0,0,132037,9731,10,33311,7991,21,33310,7573,21,32408,9087,16,32350,0,0,33290,8040,23,33301,0,0,132105,0,0;
27472067200;7083652,44904,1,7137,14583,127,34532,8041,2,34452,0,0,132037,9728,10,33311,7989,21,33310,7574,21,32408,9089,17,32350,0,0,33290,8036,23,33301,0,0,132105,0,0;
27572548500;7083752,44904,1,7125,14586,108,34532,8041,2,34452,0,0,132037,9729,10,33311,7988,21,33310,7572,20,32408,9086,17,32350,0,0,33290,8036,23,33301,0,0,132105,0,0;
27675333200;7083854,44904,1,7130,14588,115,34532,8044,2,34452,0,0,132037,9726,10,33311,7989,21,33310,7573,20,32408,9086,17,32350,0,0,33290,8038,23,33301,0,0,132105,0,0;
27768618900;7083949,44904,1,7135,14585,126,34532,8040,2,34452,0,0,132037,9726,10,33311,7988,20,33310,7576,19,32408,9087,16,32350,0,0,33290,8038,22,33301,0,0,132105,0,0;
27873733700;7084053,44904,1,7127,14590,104,34532,8042,2,34452,0,0,132037,9727,10,33311,7992,21,33310,7573,20,32408,9087,16,32350,0,0,33290,8037,23,33301,0,0,132105,0,0;
27973549800;7084153,44904,1,7127,14592,105,34532,8041,2,34452,0,0,132037,9725,10,33311,7992,20,33310,7574,20,32408,9086,17,32350,0,0,33290,8038,22,33301,0,0,132105,0,0;
28072217100;7084252,44904,1,7129,14592,107,34532,8043,2,34452,0,0,132037,9725,10,33311,7993,21,33310,7574,20,32408,9087,17,32350,0,0,33290,8038,22,33301,0,0,132105,0,0;
28173801600;7084354,44904,1,7126,14587,107,34532,8044,1,34452,0,0,132037,9728,10,33311,7989,21,33310,7573,20,32408,9086,17,32350,0,0,33290,8037,22,33301,0,0,132105,0,0;
28269656000;7084449,44904,1,7128,14589,108,34532,8045,2,34452,0,0,132037,9727,10,33311,7991,21,33310,7574,20,32408,9087,17,32350,0,0,33290,8038,21,33301,0,0,132105,0,0;
28373301800;7084553,44904,1,7121,14590,94,34532,8045,2,34452,0,0,132037,9729,10,33311,7991,21,33310,7573,20,32408,9086,17,32350,0,0,33290,8037,22,33301,0,0,132105,0,0;
28472329500;7084652,44904,1,7124,14587,101,34532,8041,2,34452,0,0,132037,9730,10,33311,7990,21,33310,7575,19,32408,9087,17,32350,0,0,33290,8039,22,33301,0,0,132105,0,0;
28572717400;7084753,44904,1,7115,14592,83,34532,8037,2,34452,0,0,132037,9729,10,33311,7992,21,33310,7575,19,32408,9085,17,32350,0,0,33290,8040,23,33301,0,0,132105,0,0;
28673632300;7084853,44904,1,7130,14589,112,34532,8040,2,34452,0,0,132037,9726,10,33311,7991,21,33310,7574,19,32408,9087,17,32350,0,0,33290,8036,23,33301,0,0,132105,0,0;
28769546700;7084950,44904,1,7110,14583,75,34532,8040,2,34452,0,0,132037,9724,10,33311,7989,21,33310,7573,18,32408,9087,17,32350,0,0,33290,8040,24,33301,4309,255,132105,0,0;
28873350000;7085053,44904,1,7112,14585,73,34532,8039,2,34452,0,0,132037,9727,10,33311,7992,21,33310,7577,18,32408,9089,17,32350,0,0,33290,8038,24,33301,4310,255,132105,0,0;
28971153100;7085152,44904,1,7110,14583,75,34532,8039,2,34452,0,0,132037,9729,10,33311,7989,21,33310,7573,18,32408,9087,17,32350,0,0,33290,8039,24,33301,4309,254,132105,0,0;
29073230200;7085253,44904,1,7113,14588,76,34532,8040,2,34452,0,0,132037,9729,10,33311,7992,21,33310,7572,19,32408,9087,17,32350,0,0,33290,8038,24,33301,4309,253,132105,0,0;
29174110400;7085354,44904,1,7110,14583,75,34532,8039,2,34452,0,0,132037,9731,10,33311,7989,21,33310,7573,19,32408,9087,17,32350,0,0,33290,8039,24,33301,4309,255,132105,0,0;
29276215700;7085456,44904,1,7110,14587,76,34532,8037,2,34452,0,0,132037,9728,10,33311,7989,20,33310,7574,19,32408,9085,17,32350,0,0,33290,8038,24,33301,4309,253,132105,0,0;
29369896400;7085550,44904,1,7109,14578,73,34532,8041,2,34452,0,0,132037,9727,10,33311,7988,20,33310,7572,20,32408,9089,17,32350,0,0,33290,8037,24,33301,4309,255,132105,0,0;
29472951800;7085653,44904,1,7111,14585,75,34532,8040,2,34452,0,0,132037,9727,10,33311,7990,20,33310,7573,20,32408,9087,18,32350,0,0,33290,8037,23,33301,4309,255,132105,0,0;
29573206200;7085753,44904,1,7110,14585,76,34532,8042,2,34452,0,0,132037,9730,10,33311,7989,21,33310,7573,20,32408,9086,19,32350,0,0,33290,8039,23,33301,4309,255,132105,0,0;
29673474700;7085854,44904,1,7111,14585,75,34532,8038,2,34452,0,0,132037,9727,10,33311,7990,21,33310,7575,20,32408,9087,18,32350,0,0,33290,8038,23,33301,4309,255,132105,0,0;
29775112700;7085955,44904,1,7110,14591,78,34532,8043,2,34452,0,0,132037,9727,10,33311,7989,20,33310,7574,20,32408,9083,17,32350,0,0,33290,8037,23,33301,4309,255,132105,0,0;
29870984700;7086051,44904,1,7110,14585,76,34532,8045,2,34452,0,0,132037,9729,10,33311,7989,20,33310,7573,20,32408,9086,17,32350,0,0,33290,8038,22,33301,4309,255,132105,0,0;
29974408600;7086155,44904,1,7113,14588,76,34532,8044,2,34452,0,0,132037,9725,10,33311,7992,20,33310,7572,20,32408,9087,16,32350,0,0,33290,8038,22,33301,4309,255,132105,0,0;
30072483400;7086253,44904,1,7112,14589,76,34532,8041,2,34452,0,0,132037,9729,10,33311,7991,20,33310,7573,21,32408,9086,16,32350,0,0,33290,8038,22,33301,4309,255,132105,0,0;
30173804200;7086354,44904,1,7113,14590,77,34532,8041,2,34452,0,0,132037,9723,10,33311,7992,21,33310,7574,21,32408,9086,16,32350,0,0,33290,8037,22,33301,4309,255,132105,0,0;
30269970600;7086450,44904,1,7111,14589,75,34532,8043,2,34452,0,0,132037,9730,10,33311,7991,20,33310,7575,20,32408,9086,16,32350,0,0,33290,8038,22,33301,4310,255,132105,0,0;
30371421000;7086552,44904,1,7111,14581,72,34532,8041,2,34452,0,0,132037,9725,10,33311,7991,20,33310,7573,20,32408,9090,16,32350,0,0,33290,8039,23,33301,4310,255,132105,0,0;
30472297800;7086653,44904,1,7109,14583,74,34532,8039,2,34452,0,0,132037,9725,10,33311,7989,20,33310,7573,20,32408,9087,16,32350,0,0,33290,8039,23,33301,4310,255,132105,0,0;
30573338800;7086754,44904,1,7109,14580,74,34532,8039,2,34452,0,0,132037,9726,10,33311,7988,21,33310,7574,20,32408,9088,17,32350,0,0,33290,8037,23,33301,4309,255,132105,0,0;
30668833900;7086850,44904,1,7112,14587,76,34532,8035,2,34452,0,0,132037,9726,10,33311,7991,21,33310,7574,19,32408,9087,16,32350,0,0,33290,8038,24,33301,4309,255,132105,0,0;
30772554800;7086952,44904,1,7109,14583,75,34532,8037,2,34452,0,0,132037,9725,10,33311,7988,21,33310,7574,19,32408,9086,16,32350,0,0,33290,8037,24,33301,4309,255,132105,0,0;
30874203900;7087054,44904,1,7120,14590,96,34532,8039,2,34452,0,0,132037,9728,10,33311,7990,20,33310,7574,18,32408,9085,16,32350,0,0,33290,8038,24,33301,0,0,132105,0,0;
30975240100;7087155,44904,1,7114,14590,76,34532,8039,2,34452,0,0,132037,9728,10,33311,7993,21,33310,7576,19,32408,9087,16,32350,0,0,33290,8038,24,33301,4309,255,132105,0,0;
31068600700;7087249,44904,1,7112,14585,75,34532,8040,2,34452,0,0,132037,9727,10,33311,7991,21,33310,7574,18,32408,9088,15,32350,0,0,33290,8038,24,33301,4309,255,132105,0,0;
