901174400;6757383,44904,1,8460,19645,2,34532,0,0,34452,0,0,132037,6843,52,33311,11305,0,33310,0,0,32408,9769,6,32350,0,0,33290,12897,0,33301,7713,6,132105,0,0;
1001677400;6757483,44904,1,8456,19644,-1,34532,0,0,34452,0,0,132037,6843,52,33311,11307,0,33310,0,0,32408,9767,6,32350,0,0,33290,12898,1,33301,7714,7,132105,0,0;
1102354700;6757583,44904,1,8451,19641,-6,34532,0,0,34452,0,0,132037,6844,52,33311,11310,0,33310,0,0,32408,9764,6,32350,0,0,33290,12897,1,33301,7714,7,132105,0,0;
1207274500;6757688,44904,1,8459,19641,4,34532,0,0,34452,0,0,132037,6843,52,33311,11309,0,33310,0,0,32408,9767,6,32350,0,0,33290,12900,0,33301,7709,8,132105,0,0;
1301426900;6757783,44904,1,8458,19642,0,34532,0,0,34452,0,0,132037,6844,52,33311,11309,0,33310,0,0,32408,9768,6,32350,0,0,33290,12898,1,33301,7712,9,132105,0,0;
1401952600;6757883,44904,1,8459,19640,1,34532,0,0,34452,0,0,132037,6845,51,33311,11309,0,33310,0,0,32408,9768,6,32350,0,0,33290,12899,1,33301,7710,8,132105,0,0;
1501625200;6757983,44904,1,8460,19645,2,34532,0,0,34452,0,0,132037,6843,51,33311,11311,0,33310,0,0,32408,9769,6,32350,0,0,33290,12898,0,33301,7713,8,132105,0,0;
1601517800;6758083,44904,1,8459,19642,0,34532,0,0,34452,0,0,132037,6845,52,33311,11315,0,33310,0,0,32408,9769,6,32350,0,0,33290,12896,0,33301,7712,7,132105,0,0;
1700583600;6758182,44904,1,8461,19645,3,34532,0,0,34452,0,0,132037,6843,52,33311,11306,0,33310,0,0,32408,9770,6,32350,0,0,33290,12897,1,33301,7713,7,132105,0,0;
1800905300;6758282,44904,1,8459,19644,0,34532,0,0,34452,0,0,132037,6845,52,33311,11310,0,33310,0,0,32408,9770,6,32350,0,0,33290,12897,0,33301,7714,7,132105,0,0;
1901308600;6758382,44904,1,8458,19642,3,34532,0,0,34452,0,0,132037,6843,52,33311,11308,0,33310,0,0,32408,9767,6,32350,0,0,33290,12899,0,33301,7710,7,132105,0,0;
2001760600;6758483,44904,1,8458,19643,0,34532,0,0,34452,0,0,132037,6844,52,33311,11316,0,33310,0,0,32408,9768,6,32350,0,0,33290,12899,1,33301,7713,7,132105,0,0;
2100344600;6758582,44904,1,8455,19641,-3,34532,0,0,34452,0,0,132037,6844,52,33311,11322,0,33310,0,0,32408,9766,6,32350,0,0,33290,12899,0,33301,7713,7,132105,0,0;
2200629800;6758682,44904,1,8458,19642,3,34532,0,0,34452,0,0,132037,6843,52,33311,11318,0,33310,0,0,32408,9767,6,32350,0,0,33290,12901,0,33301,7710,7,132105,0,0;
2300159900;6758782,44904,1,8455,19641,-1,34532,0,0,34452,0,0,132037,6844,52,33311,11317,0,33310,0,0,32408,9766,6,32350,0,0,33290,12900,0,33301,7712,7,132105,0,0;
2400437400;6758882,44904,1,8452,19643,-5,34532,0,0,34452,0,0,132037,6843,52,33311,11311,0,33310,0,0,32408,9765,6,32350,0,0,33290,12904,1,33301,7715,8,132105,0,0;
2500934400;6758983,44904,1,8452,19640,-5,34532,0,0,34452,0,0,132037,6844,52,33311,11311,0,33310,0,0,32408,9764,6,32350,0,0,33290,12900,0,33301,7713,8,132105,0,0;
2600945500;6759083,44904,1,8458,19643,0,34532,0,0,34452,0,0,132037,6844,52,33311,11320,0,33310,0,0,32408,9768,6,32350,0,0,33290,12900,0,33301,7713,8,132105,0,0;
2700258600;6759182,44904,1,8452,19643,-5,34532,0,0,34452,0,0,132037,6843,51,33311,11322,0,33310,0,0,32408,9765,6,32350,0,0,33290,12901,0,33301,7715,7,132105,0,0;
2800720400;6759282,44904,1,8458,19642,3,34532,0,0,34452,0,0,132037,6843,52,33311,11315,0,33310,0,0,32408,9767,6,32350,0,0,33290,12901,0,33301,7710,7,132105,0,0;
2901287800;6759383,44904,1,8458,19647,0,34532,0,0,34452,0,0,132037,6842,51,33311,11319,0,33310,0,0,32408,9769,6,32350,0,0,33290,12904,0,33301,7716,6,132105,0,0;
3000119000;6759482,44904,1,8459,19643,2,34532,0,0,34452,0,0,132037,6843,52,33311,11317,0,33310,0,0,32408,9768,6,32350,0,0,33290,0,0,33301,7712,5,132105,0,0;
3101030700;6759582,44904,1,8459,19644,0,34532,0,0,34452,0,0,132037,6844,52,33311,11316,0,33310,0,0,32408,9769,6,32350,0,0,33290,12902,0,33301,7713,6,132105,0,0;
3201058900;6759683,44904,1,8459,19640,4,34532,0,0,34452,0,0,132037,6844,52,33311,11312,0,33310,0,0,32408,9767,6,32350,0,0,33290,12901,0,33301,7708,6,132105,0,0;
3300821100;6759782,44904,1,8465,19646,7,34532,0,0,34452,0,0,132037,6843,51,33311,11315,0,33310,0,0,32408,9772,7,32350,0,0,33290,12904,0,33301,7712,6,132105,0,0;
3400520600;6759882,44904,1,8462,19643,7,34532,0,0,34452,0,0,132037,6843,51,33311,11318,0,33310,0,0,32408,9769,6,32350,0,0,33290,12902,0,33301,7709,6,132105,0,0;
3501047700;6759983,44904,1,8456,19642,-1,34532,0,0,34452,0,0,132037,6844,51,33311,11316,0,33310,0,0,32408,9767,6,32350,0,0,33290,12902,0,33301,7713,6,132105,0,0;
3601182400;6760083,44904,1,8455,19643,-3,34532,0,0,34452,0,0,132037,6844,51,33311,11320,0,33310,0,0,32408,9767,6,32350,0,0,33290,12903,0,33301,7714,6,132105,0,0;
3700802300;6760182,44904,1,8459,19643,2,34532,0,0,34452,0,0,132037,6843,51,33311,11321,0,33310,0,0,32408,9768,6,32350,0,0,33290,12900,0,33301,7712,7,132105,0,0;
3800758400;6760282,44904,1,8460,19645,2,34532,0,0,34452,0,0,132037,6843,51,33311,11311,0,33310,0,0,32408,9769,6,32350,0,0,33290,12904,0,33301,7713,7,132105,0,0;
3906540500;6760388,44904,1,8459,19645,0,34532,0,0,34452,0,0,132037,6844,51,33311,11318,0,33310,0,0,32408,9770,6,32350,0,0,33290,12902,0,33301,7715,7,132105,0,0;
4000204900;6760482,44904,1,8456,19644,-2,34532,0,0,34452,0,0,132037,6844,51,33311,11311,0,33310,0,0,32408,9768,6,32350,0,0,33290,12904,0,33301,7715,7,132105,0,0;
4101019400;6760583,44904,1,8464,19645,7,34532,0,0,34452,0,0,132037,6843,51,33311,11311,0,33310,0,0,32408,9771,6,32350,0,0,33290,12904,0,33301,7711,7,132105,0,0;
4201874100;6760683,44904,1,8455,19646,-2,34532,0,0,34452,0,0,132037,6842,51,33311,11312,0,33310,0,0,32408,9767,6,32350,0,0,33290,12903,0,33301,7716,8,132105,0,0;
4306802400;6760788,44904,1,8453,19641,-4,34532,0,0,34452,0,0,132037,6844,51,33311,11315,0,33310,0,0,32408,9765,6,32350,0,0,33290,12905,0,33301,7713,8,132105,0,0;
4400658600;6760882,44904,1,8452,19640,-7,34532,0,0,34452,0,0,132037,6845,52,33311,11313,0,33310,0,0,32408,9765,6,32350,0,0,33290,12906,0,33301,7714,7,132105,0,0;
4501180600;6760983,44904,1,8453,19644,-6,34532,0,0,34452,0,0,132037,6843,51,33311,11315,0,33310,0,0,32408,9766,7,32350,0,0,33290,12907,0,33301,7717,7,132105,0,0;
4600100600;6761082,44904,1,8453,19644,-6,34532,0,0,34452,0,0,132037,6843,51,33311,11317,0,33310,0,0,32408,9766,6,32350,0,0,33290,12906,0,33301,7717,7,132105,0,0;
4699950800;6761182,44904,1,8460,19644,3,34532,0,0,34452,0,0,132037,6843,51,33311,11318,0,33310,0,0,32408,9769,6,32350,0,0,33290,12907,0,33301,7712,7,132105,0,0;
4806957400;6761288,44904,1,8456,19644,-1,34532,0,0,34452,0,0,132037,6843,51,33311,11315,0,33310,0,0,32408,9767,6,32350,0,0,33290,12906,0,33301,7714,7,132105,0,0;
4900727200;6761382,44904,1,8458,19644,2,34532,0,0,34452,0,0,132037,6842,51,33311,11324,0,33310,0,0,32408,9767,6,32350,0,0,33290,12904,0,33301,7712,6,132105,0,0;
5000134400;6761482,44904,1,8458,19647,0,34532,0,0,34452,0,0,132037,6842,51,33311,11321,0,33310,0,0,32408,9769,5,32350,0,0,33290,12902,0,33301,7716,6,132105,0,0;
5100599800;6761582,44904,1,8455,19642,-1,34532,0,0,34452,0,0,132037,6843,52,33311,11321,0,33310,12502,0,32408,9766,6,32350,0,0,33290,12900,0,33301,7713,7,132105,0,0;
5199467000;6761682,44904,1,8457,19643,0,34532,0,0,34452,0,0,132037,6843,51,33311,11321,0,33310,0,0,32408,9767,6,32350,0,0,33290,12903,0,33301,7712,8,132105,0,0;
5299374700;6761781,44904,1,8456,19644,-1,34532,0,0,34452,0,0,132037,6843,52,33311,11319,0,33310,0,0,32408,9767,6,32350,0,0,33290,12898,0,33301,7714,8,132105,0,0;
5399967100;6761881,44904,1,8455,19641,0,34532,0,0,34452,0,0,132037,6843,52,33311,11304,0,33310,0,0,32408,9765,6,32350,0,0,33290,12900,1,33301,7711,7,132105,0,0;
5499847100;6761981,44904,1,8455,19642,-1,34532,0,0,34452,0,0,132037,6843,52,33311,11310,0,33310,0,0,32408,9766,6,32350,0,0,33290,12897,0,33301,7713,6,132105,0,0;
5600883700;6762083,44904,1,8457,19641,0,34532,0,0,34452,0,0,132037,6844,52,33311,11305,0,33310,0,0,32408,9767,6,32350,0,0,33290,12896,0,33301,7711,6,132105,0,0;
5706303500;6762189,44904,1,8452,19645,-8,34532,0,0,34452,0,0,132037,6843,51,33311,11314,0,33310,0,0,32408,9766,6,32350,0,0,33290,12895,1,33301,7719,8,132105,0,0;
5804953700;6762287,44904,1,8454,19642,-2,34532,0,0,34452,0,0,132037,6843,52,33311,11305,0,33310,0,0,32408,9765,5,32350,0,0,33290,12899,1,33301,7713,7,132105,0,0;
5905702100;6762388,44904,1,8457,19645,-2,34532,0,0,34452,0,0,132037,6844,52,33311,11303,0,33310,0,0,32408,9769,6,32350,0,0,33290,12897,0,33301,7716,7,132105,0,0;
5999870800;6762483,44904,1,8456,19641,2,34532,0,0,34452,0,0,132037,6842,52,33311,11306,0,33310,12687,0,32408,9765,6,32350,0,0,33290,12897,1,33301,7710,7,132105,0,0;
6099625200;6762582,44904,1,8453,19643,-6,34532,0,0,34452,0,0,132037,6844,53,33311,11308,0,33310,0,0,32408,9766,5,32350,0,0,33290,12900,1,33301,7716,7,132105,0,0;
6200856100;6762682,44904,1,8454,19644,-5,34532,0,0,34452,0,0,132037,6844,52,33311,11321,0,33310,0,0,32408,9767,5,32350,0,0,33290,12898,0,33301,7716,5,132105,0,0;
6302146400;6762784,44904,1,8455,19644,-2,34532,0,0,34452,0,0,132037,6843,52,33311,11318,0,33310,12405,0,32408,9767,5,32350,0,0,33290,12900,0,33301,7715,7,132105,0,0;
6399623500;6762882,44904,1,8454,19642,-2,34532,0,0,34452,0,0,132037,6843,52,33311,11327,0,33310,0,0,32408,9765,5,32350,0,0,33290,12897,0,33301,7713,5,132105,0,0;
6500688800;6762983,44904,1,8454,19640,-3,34532,0,0,34452,0,0,132037,6844,52,33311,11328,0,33310,0,0,32408,9765,5,32350,0,0,33290,12897,0,33301,7712,5,132105,0,0;
6601633300;6763083,44904,1,8457,19643,0,34532,0,0,34452,0,0,132037,6843,50,33311,11324,0,33310,12977,0,32408,9767,5,32350,0,0,33290,12892,1,33301,7712,7,132105,0,0;
6705657600;6763188,44904,1,8454,19642,-2,34532,0,0,34452,0,0,132037,6843,50,33311,11322,0,33310,12700,0,32408,9765,5,32350,0,0,33290,12896,1,33301,7713,6,132105,0,0;
6800479900;6763283,44904,1,8455,19639,0,34532,0,0,34452,0,0,132037,6844,50,33311,11312,0,33310,0,0,32408,9765,5,32350,0,0,33290,12896,0,33301,7710,5,132105,0,0;
6901612500;6763384,44904,1,8457,19642,3,34532,0,0,34452,0,0,132037,6842,50,33311,11309,0,33310,12357,0,32408,9766,5,32350,0,0,33290,12899,0,33301,7710,4,132105,0,0;
7000549400;6763483,44904,1,8454,19641,-1,34532,0,0,34452,0,0,132037,6843,51,33311,11321,0,33310,0,0,32408,9765,5,32350,0,0,33290,12895,0,33301,7712,8,132105,0,0;
7105608900;6763587,44904,1,8456,19644,-1,34532,0,0,34452,0,0,132037,6843,51,33311,11317,0,33310,12616,0,32408,9767,6,32350,0,0,33290,12898,1,33301,7714,9,132105,0,0;
7201128800;6763684,44904,1,8454,19643,-3,34532,0,0,34452,0,0,132037,6843,52,33311,11316,0,33310,12514,0,32408,9766,6,32350,0,0,33290,12897,1,33301,7715,8,132105,0,0;
7304687700;6763787,44904,1,8454,19640,-3,34532,0,0,34452,0,0,132037,6844,52,33311,11319,0,33310,0,0,32408,9765,6,32350,0,0,33290,12902,0,33301,7712,6,132105,0,0;
7400303100;6763882,44904,1,8455,19641,0,34532,0,0,34452,0,0,132037,6843,52,33311,11317,0,33310,0,0,32408,9765,5,32350,0,0,33290,12906,0,33301,7711,6,132105,0,0;
7499445700;6763981,44904,1,8454,19643,-2,34532,0,0,34452,0,0,132037,6843,51,33311,11316,0,33310,0,0,32408,9766,5,32350,0,0,33290,12905,0,33301,7714,8,132105,0,0;
7605469700;6764088,44904,1,8455,19641,0,34532,0,0,34452,0,0,132037,6843,52,33311,11327,0,33310,0,0,32408,9765,5,32350,0,0,33290,12901,0,33301,7711,7,132105,0,0;
7699397700;6764181,44904,1,8459,19642,1,34532,0,0,34452,0,0,132037,6844,52,33311,11324,0,33310,0,0,32408,9768,6,32350,0,0,33290,12899,0,33301,7711,7,132105,0,0;
7799667200;6764282,44904,1,8458,19642,2,34532,0,0,34452,0,0,132037,6843,53,33311,11314,0,33310,0,0,32408,9767,6,32350,0,0,33290,12902,0,33301,7711,6,132105,0,0;
7899526800;6764382,44904,1,8454,19643,-2,34532,0,0,34452,0,0,132037,6843,52,33311,11315,0,33310,0,0,32408,9766,6,32350,0,0,33290,12900,0,33301,7714,6,132105,0,0;
7999817200;6764482,44904,1,8454,19640,-3,34532,0,0,34452,0,0,132037,6844,51,33311,11314,0,33310,0,0,32408,9765,6,32350,0,0,33290,12900,0,33301,7712,6,132105,0,0;
8099061900;6764581,44904,1,8456,19644,-1,34532,0,0,34452,0,0,132037,6843,51,33311,11319,0,33310,0,0,32408,9767,6,32350,0,0,33290,12900,0,33301,7714,6,132105,0,0;
8205649500;6764688,44904,1,8459,19643,2,34532,0,0,34452,0,0,132037,6843,51,33311,11336,0,33310,0,0,32408,9768,6,32350,0,0,33290,12901,0,33301,7712,6,132105,0,0;
8301404600;6764783,44904,1,8458,19645,-1,34532,0,0,34452,0,0,132037,6844,51,33311,11321,0,33310,0,0,32408,9769,6,32350,0,0,33290,12901,0,33301,7715,7,132105,0,0;
8400396200;6764883,44904,1,8452,19643,-7,34532,0,0,34452,0,0,132037,6844,51,33311,11328,0,33310,0,0,32408,9766,6,32350,0,0,33290,0,0,33301,7717,6,132105,0,0;
8499006800;6764981,44904,1,8460,19645,2,34532,0,0,34452,0,0,132037,6843,51,33311,11327,0,33310,0,0,32408,9769,6,32350,0,0,33290,12907,0,33301,7713,6,132105,0,0;
8599751700;6765082,44904,1,8457,19643,0,34532,0,0,34452,0,0,132037,6843,51,33311,11307,0,33310,0,0,32408,9767,6,32350,0,0,33290,12900,0,33301,7713,6,132105,0,0;
8700110700;6765182,44904,1,8458,19643,0,34532,0,0,34452,0,0,132037,6844,51,33311,11324,0,33310,0,0,32408,9768,6,32350,0,0,33290,12900,0,33301,7713,6,132105,0,0;
8808245900;6765290,44904,1,8454,19643,-7,34532,0,0,34452,0,0,132037,6845,52,33311,11307,0,33310,0,0,32408,9767,6,32350,0,0,33290,12901,0,33301,7716,6,132105,0,0;
8901080000;6765383,44904,1,8455,19642,-1,34532,0,0,34452,0,0,132037,6843,52,33311,11314,0,33310,0,0,32408,9766,6,32350,0,0,33290,12900,0,33301,7713,6,132105,0,0;
8999653100;6765482,44904,1,8451,19641,-5,34532,0,0,34452,0,0,132037,6843,51,33311,11313,0,33310,0,0,32408,9764,5,32350,0,0,33290,12899,0,33301,7714,6,132105,0,0;
9104455100;6765587,44904,1,8454,19642,-4,34532,0,0,34452,0,0,132037,6844,52,33311,11307,0,33310,0,0,32408,9766,6,32350,0,0,33290,12901,1,33301,7714,6,132105,0,0;
9201696200;6765684,44904,1,8454,19642,-2,34532,0,0,34452,0,0,132037,6843,52,33311,11316,0,33310,0,0,32408,9765,6,32350,0,0,33290,12898,1,33301,7713,6,132105,0,0;
9299745300;6765782,44904,1,8453,19640,-1,34532,0,0,34452,0,0,132037,6843,52,33311,11302,0,33310,0,0,32408,9764,6,32350,0,0,33290,12898,0,33301,7711,6,132105,0,0;
9399570800;6765882,44904,1,8461,19643,5,34532,0,0,34452,0,0,132037,6843,52,33311,11314,0,33310,0,0,32408,9769,6,32350,0,0,33290,12898,1,33301,7710,6,132105,0,0;
9499755400;6765982,44904,1,8457,19643,-1,34532,0,0,34452,0,0,132037,6844,53,33311,11308,0,33310,0,0,32408,9768,6,32350,0,0,33290,12898,0,33301,7714,7,132105,0,0;
9604906300;6766088,44904,1,8451,19640,-4,34532,0,0,34452,0,0,132037,6843,52,33311,11316,0,33310,0,0,32408,9763,6,32350,0,0,33290,12897,0,33301,7712,6,132105,0,0;
9699259200;6766182,44904,1,8457,19644,1,34532,0,0,34452,0,0,132037,6842,53,33311,11314,0,33310,0,0,32408,9767,6,32350,0,0,33290,12901,0,33301,7713,7,132105,0,0;
9799819500;6766282,44904,1,8458,19646,0,34532,0,0,34452,0,0,132037,6843,52,33311,11313,0,33310,0,0,32408,9769,6,32350,0,0,33290,12899,0,33301,7715,7,132105,0,0;
9899985900;6766383,44904,1,8457,19643,-1,34532,0,0,34452,0,0,132037,6844,51,33311,11313,0,33310,0,0,32408,9768,6,32350,0,0,33290,12904,0,33301,7714,6,132105,0,0;
10000044800;6766483,44904,1,8456,19642,0,34532,0,0,34452,0,0,132037,6843,52,33311,11326,0,33310,0,0,32408,9766,6,32350,0,0,33290,12901,0,33301,7712,7,132105,0,0;
10104561200;6766587,44904,1,8455,19641,-1,34532,0,0,34452,0,0,132037,6844,52,33311,11316,0,33310,0,0,32408,9766,6,32350,0,0,33290,12898,0,33301,7712,7,132105,0,0;
10198913800;6766681,44904,1,8453,19642,-3,34532,0,0,34452,0,0,132037,6843,52,33311,11313,0,33310,0,0,32408,9765,6,32350,0,0,33290,12902,0,33301,7714,7,132105,0,0;
10298249900;6766781,44904,1,8457,19639,1,34532,0,0,34452,0,0,132037,6844,53,33311,11324,0,33310,0,0,32408,9766,6,32350,0,0,33290,12902,0,33301,7709,7,132105,0,0;
10398114300;6766881,44904,1,8462,19642,8,34532,0,0,34452,0,0,132037,6843,52,33311,11332,0,33310,0,0,32408,9769,6,32350,0,0,33290,12900,0,33301,7708,7,132105,0,0;
10499406900;6766982,44904,1,8454,19642,-2,34532,0,0,34452,0,0,132037,6843,52,33311,11312,0,33310,0,0,32408,9765,6,32350,0,0,33290,12896,0,33301,7713,7,132105,0,0;
10598139800;6767081,44904,1,8457,19643,-1,34532,0,0,34452,0,0,132037,6844,52,33311,11315,0,33310,0,0,32408,9768,6,32350,0,0,33290,12902,0,33301,7714,7,132105,0,0;
10700002900;6767182,44904,1,8458,19643,0,34532,0,0,34452,0,0,132037,6844,53,33311,11310,0,33310,0,0,32408,9768,6,32350,0,0,33290,0,0,33301,7713,7,132105,0,0;
10798259600;6767281,44904,1,8456,19644,-4,34532,0,0,34452,0,0,132037,6844,53,33311,11319,0,33310,0,0,32408,9768,6,32350,0,0,33290,12900,0,33301,7716,7,132105,0,0;
10899139400;6767381,44904,1,8455,19642,0,34532,0,0,34452,0,0,132037,6842,52,33311,11319,0,33310,0,0,32408,9765,6,32350,0,0,33290,12900,0,33301,7712,8,132105,0,0;
10999858300;6767483,44904,1,8453,19642,-5,34532,0,0,34452,0,0,132037,6844,52,33311,11315,0,33310,0,0,32408,9766,6,32350,0,0,33290,12900,0,33301,7715,9,132105,0,0;
11098364200;6767581,44904,1,8455,19643,-4,34532,0,0,34452,0,0,132037,6844,53,33311,11312,0,33310,0,0,32408,9767,6,32350,0,0,33290,12900,0,33301,7715,9,132105,0,0;
11199324000;6767682,44904,1,8461,19642,4,34532,0,0,34452,0,0,132037,6844,52,33311,11315,0,33310,0,0,32408,9769,6,32350,0,0,33290,12899,0,33301,7710,8,132105,0,0;
11299840600;6767783,44904,1,8453,19642,-3,34532,0,0,34452,0,0,132037,6843,53,33311,11314,0,33310,0,0,32408,9765,6,32350,0,0,33290,12899,0,33301,7714,7,132105,0,0;
11398429600;6767881,44904,1,8451,19644,-7,34532,0,0,34452,0,0,132037,6843,53,33311,11324,0,33310,0,0,32408,9765,6,32350,0,0,33290,12899,0,33301,7717,8,132105,0,0;
11499075500;6767982,44904,1,8457,19641,0,34532,0,0,34452,0,0,132037,6844,53,33311,11314,0,33310,0,0,32408,9767,6,32350,0,0,33290,12901,0,33301,7711,9,132105,0,0;
11598483400;6768082,44904,1,8456,19644,-2,34532,0,0,34452,0,0,132037,6844,52,33311,11315,0,33310,0,0,32408,9768,6,32350,0,0,33290,12898,0,33301,7715,8,132105,0,0;
11699075400;6768182,44904,1,8454,19642,-2,34532,0,0,34452,0,0,132037,6843,53,33311,11319,0,33310,0,0,32408,9765,6,32350,0,0,33290,12900,1,33301,7713,8,132105,0,0;
11799867500;6768282,44904,1,8451,19642,-7,34532,0,0,34452,0,0,132037,6844,53,33311,11321,0,33310,0,0,32408,9765,5,32350,0,0,33290,12897,0,33301,7716,8,132105,0,0;
11898330100;6768381,44904,1,8453,19640,-2,34532,0,0,34452,0,0,132037,6843,53,33311,11317,0,33310,0,0,32408,9764,5,32350,0,0,33290,12898,1,33301,7712,8,132105,0,0;
11999669200;6768482,44904,1,8455,19642,-1,34532,0,0,34452,0,0,132037,6843,53,33311,11314,0,33310,0,0,32408,9766,5,32350,0,0,33290,12899,0,33301,7713,8,132105,0,0;
12098946600;6768582,44904,1,8455,19641,-3,34532,0,0,34452,0,0,132037,6844,52,33311,11327,0,33310,0,0,32408,9766,6,32350,0,0,33290,12898,1,33301,7713,8,132105,0,0;
12199514100;6768682,44904,1,8455,19645,-3,34532,0,0,34452,0,0,132037,6843,52,33311,11330,0,33310,0,0,32408,9767,6,32350,0,0,33290,12897,1,33301,7716,9,132105,0,0;
12304114600;6768788,44904,1,8458,19644,1,34532,0,0,34452,0,0,132037,6843,52,33311,11330,0,33310,0,0,32408,9768,6,32350,0,0,33290,12897,0,33301,7713,8,132105,0,0;
12399552800;6768883,44904,1,8454,19643,-3,34532,0,0,34452,0,0,132037,6843,52,33311,11317,0,33310,0,0,32408,9766,6,32350,0,0,33290,12898,0,33301,7715,8,132105,0,0;
12498865900;6768981,44904,1,8455,19645,-3,34532,0,0,34452,0,0,132037,6843,52,33311,11336,0,33310,0,0,32408,9767,6,32350,0,0,33290,12897,0,33301,7716,8,132105,0,0;
12599101700;6769082,44904,1,8460,19643,3,34532,0,0,34452,0,0,132037,6844,52,33311,11319,0,33310,0,0,32408,9769,6,32350,0,0,33290,12898,0,33301,7711,8,132105,0,0;
12701145300;6769184,44904,1,8456,19641,0,34532,0,0,34452,0,0,132037,6843,52,33311,11329,0,33310,0,0,32408,9766,6,32350,0,0,33290,12898,0,33301,7711,8,132105,0,0;
12799194400;6769282,44904,1,8456,19644,-4,34532,0,0,34452,0,0,132037,6844,52,33311,11333,0,33310,0,0,32408,9768,6,32350,0,0,33290,12900,0,33301,7716,8,132105,0,0;
12898045200;6769381,44904,1,8456,19641,0,34532,0,0,34452,0,0,132037,6843,52,33311,11342,0,33310,0,0,32408,9766,6,32350,0,0,33290,12899,0,33301,7711,8,132105,0,0;
13105539200;6769589,44904,1,8456,19642,0,34532,0,0,34452,0,0,132037,6843,51,33311,11331,0,33310,0,0,32408,9766,6,32350,0,0,33290,12900,0,33301,7712,7,132105,0,0;
13203235000;6769687,44904,1,8456,19642,0,34532,0,0,34452,0,0,132037,6843,52,33311,11330,0,33310,0,0,32408,9766,6,32350,0,0,33290,12899,0,33301,7712,7,132105,0,0;
13298388600;6769781,44904,1,8458,19644,1,34532,0,0,34452,0,0,132037,6843,52,33311,11327,0,33310,0,0,32408,9768,6,32350,0,0,33290,12901,0,33301,7713,7,132105,0,0;
13397493400;6769881,44904,1,8453,19643,-6,34532,0,0,34452,0,0,132037,6844,52,33311,11327,0,33310,0,0,32408,9766,6,32350,0,0,33290,12897,0,33301,7716,8,132105,0,0;
13498924100;6769982,44904,1,8453,19642,-3,34532,0,0,34452,0,0,132037,6843,52,33311,11326,0,33310,0,0,32408,9765,5,32350,0,0,33290,12898,0,33301,7714,8,132105,0,0;
13597365500;6770081,44904,1,8455,19643,-3,34532,0,0,34452,0,0,132037,6844,52,33311,11330,0,33310,0,0,32408,9767,5,32350,0,0,33290,12897,0,33301,7714,8,132105,0,0;
13697869900;6770181,44904,1,8457,19644,0,34532,0,0,34452,0,0,132037,6843,52,33311,11327,0,33310,0,0,32408,9768,5,32350,0,0,33290,12897,0,33301,7714,8,132105,0,0;
13798460300;6770282,44904,1,8454,19642,-2,34532,0,0,34452,0,0,132037,6843,52,33311,11333,0,33310,0,0,32408,9765,6,32350,0,0,33290,12896,0,33301,7713,8,132105,0,0;
13898327400;6770381,44904,1,8457,19642,0,34532,0,0,34452,0,0,132037,6844,52,33311,11339,0,33310,0,0,32408,9767,6,32350,0,0,33290,12899,1,33301,7712,8,132105,0,0;
14002918400;6770487,44904,1,8454,19643,-3,34532,0,0,34452,0,0,132037,6843,52,33311,11323,0,33310,0,0,32408,9766,6,32350,0,0,33290,12898,1,33301,7715,8,132105,0,0;
14099366700;6770583,44904,1,8465,19644,9,34532,0,0,34452,0,0,132037,6843,51,33311,11336,0,33310,0,0,32408,9771,6,32350,0,0,33290,12896,1,33301,7709,8,132105,0,0;
14202861000;6770687,44904,1,8458,19642,0,34532,0,0,34452,0,0,132037,6844,52,33311,11335,0,33310,0,0,32408,9768,6,32350,0,0,33290,12897,0,33301,7712,7,132105,0,0;
14298746400;6770781,44904,1,8461,19646,2,34532,0,0,34452,0,0,132037,6843,52,33311,11352,0,33310,0,0,32408,9770,6,32350,0,0,33290,12899,0,33301,7714,7,132105,0,0;
14404327700;6770888,44904,1,8452,19640,-5,34532,0,0,34452,0,0,132037,6844,52,33311,11334,0,33310,0,0,32408,9764,7,32350,0,0,33290,12896,0,33301,7713,7,132105,0,0;
14498855800;6770982,44904,1,8454,19643,-2,34532,0,0,34452,0,0,132037,6843,52,33311,11338,0,33310,0,0,32408,9766,6,32350,0,0,33290,12896,0,33301,7714,7,132105,0,0;
14598473400;6771082,44904,1,8458,19642,2,34532,0,0,34452,0,0,132037,6843,52,33311,11337,0,33310,0,0,32408,9767,5,32350,0,0,33290,12898,0,33301,7711,7,132105,0,0;
14698388200;6771182,44904,1,8457,19643,0,34532,0,0,34452,0,0,132037,6843,51,33311,11339,0,33310,0,0,32408,9767,5,32350,0,0,33290,12895,0,33301,7712,7,132105,0,0;
14803772200;6771287,44904,1,8452,19641,-5,34532,0,0,34452,0,0,132037,6844,51,33311,11340,0,33310,0,0,32408,9765,5,32350,0,0,33290,12899,0,33301,7714,7,132105,0,0;
14897790900;6771381,44904,1,8455,19643,-4,34532,0,0,34452,0,0,132037,6844,50,33311,11340,0,33310,0,0,32408,9767,5,32350,0,0,33290,12898,0,33301,7715,6,132105,0,0;
14998529300;6771482,44904,1,8457,19643,0,34532,0,0,34452,0,0,132037,6843,50,33311,11321,0,33310,0,0,32408,9767,6,32350,0,0,33290,12898,0,33301,7713,7,132105,0,0;
15103733500;6771587,44904,1,8456,19640,0,34532,0,0,34452,0,0,132037,6844,51,33311,11326,0,33310,0,0,32408,9766,6,32350,0,0,33290,12902,0,33301,7711,7,132105,0,0;
15198188400;6771681,44904,1,8454,19643,-3,34532,0,0,34452,0,0,132037,6843,51,33311,11331,0,33310,0,0,32408,9766,6,32350,0,0,33290,12899,0,33301,7715,7,132105,0,0;
15299348000;6771783,44904,1,8455,19644,0,34532,0,0,34452,0,0,132037,6842,50,33311,11344,0,33310,0,0,32408,9766,6,32350,0,0,33290,12899,0,33301,7714,8,132105,0,0;
15398715800;6771882,44904,1,8453,19642,-3,34532,0,0,34452,0,0,132037,6843,51,33311,11331,0,33310,0,0,32408,9765,6,32350,0,0,33290,12901,0,33301,7714,7,132105,0,0;
15504021000;6771987,44904,1,8464,19645,8,34532,0,0,34452,0,0,132037,6843,51,33311,11339,0,33310,0,0,32408,9771,7,32350,0,0,33290,12900,0,33301,7710,7,132105,0,0;
15598299300;6772081,44904,1,8456,19640,0,34532,0,0,34452,0,0,132037,6844,51,33311,11327,0,33310,0,0,32408,9766,7,32350,0,0,33290,12902,1,33301,7711,8,132105,0,0;
15702836100;6772186,44904,1,8453,19640,-6,34532,0,0,34452,0,0,132037,6845,51,33311,11330,0,33310,0,0,32408,9765,6,32350,0,0,33290,12899,0,33301,7713,8,132105,0,0;
15797299100;6772281,44904,1,8455,19644,-2,34532,0,0,34452,0,0,132037,6843,51,33311,11341,0,33310,0,0,32408,9767,6,32350,0,0,33290,12898,0,33301,7715,7,132105,0,0;
15897031300;6772381,44904,1,8458,19645,-1,34532,0,0,34452,0,0,132037,6844,51,33311,11327,0,33310,0,0,32408,9769,7,32350,0,0,33290,12901,0,33301,7715,7,132105,0,0;
15996805300;6772481,44904,1,8453,19644,-4,34532,0,0,34452,0,0,132037,6843,52,33311,11319,0,33310,0,0,32408,9766,6,32350,0,0,33290,12899,0,33301,7716,7,132105,0,0;
16097834300;6772581,44904,1,8455,19646,-2,34532,0,0,34452,0,0,132037,6842,51,33311,11318,0,33310,0,0,32408,9767,6,32350,0,0,33290,12898,0,33301,7716,6,132105,0,0;
16197312900;6772681,44904,1,8456,19643,1,34532,0,0,34452,0,0,132037,6842,51,33311,11314,0,33310,0,0,32408,9766,6,32350,0,0,33290,12897,0,33301,7712,6,132105,0,0;
16297835100;6772781,44904,1,8457,19641,2,34532,0,0,34452,0,0,132037,6843,52,33311,11315,0,33310,0,0,32408,9766,7,32350,0,0,33290,12899,0,33301,7710,6,132105,0,0;
16397869300;6772881,44904,1,8457,19642,-2,34532,0,0,34452,0,0,132037,6845,52,33311,11308,0,33310,0,0,32408,9768,6,32350,0,0,33290,12900,0,33301,7713,5,132105,0,0;
16496930100;6772980,44904,1,8464,19645,5,34532,0,0,34452,0,0,132037,6844,52,33311,11316,0,33310,0,0,32408,9772,6,32350,0,0,33290,12899,0,33301,7712,5,132105,0,0;
16598369200;6773081,44904,1,8461,19644,4,34532,0,0,34452,0,0,132037,6843,51,33311,11324,0,33310,0,0,32408,9769,6,32350,0,0,33290,12899,0,33301,7711,5,132105,0,0;
16698346100;6773182,44904,1,8458,19642,2,34532,0,0,34452,0,0,132037,6843,52,33311,11327,0,33310,0,0,32408,9767,6,32350,0,0,33290,12898,0,33301,7711,5,132105,0,0;
16798155300;6773282,44904,1,8461,19644,4,34532,0,0,34452,0,0,132037,6843,51,33311,11317,0,33310,0,0,32408,9769,7,32350,0,0,33290,12900,0,33301,7711,5,132105,0,0;
16897998600;6773382,44904,1,8457,19641,0,34532,0,0,34452,0,0,132037,6844,52,33311,11323,0,33310,0,0,32408,9767,7,32350,0,0,33290,12898,0,33301,7711,6,132105,0,0;
16997038800;6773481,44904,1,8457,19644,0,34532,0,0,34452,0,0,132037,6843,52,33311,11324,0,33310,0,0,32408,9768,7,32350,0,0,33290,12899,0,33301,7714,6,132105,0,0;
17097680900;6773581,44904,1,8458,19644,1,34532,0,0,34452,0,0,132037,6843,53,33311,11318,0,33310,0,0,32408,9768,7,32350,0,0,33290,12895,0,33301,7713,7,132105,0,0;
17201710200;6773686,44904,1,8451,19642,-7,34532,0,0,34452,0,0,132037,6844,52,33311,11324,0,33310,0,0,32408,9765,7,32350,0,0,33290,12895,0,33301,7716,8,132105,0,0;
17298031900;6773781,44904,1,8455,19645,-3,34532,0,0,34452,0,0,132037,6843,53,33311,11322,0,33310,0,0,32408,9767,7,32350,0,0,33290,12898,1,33301,7716,8,132105,0,0;
17397912700;6773881,44904,1,8454,19640,-3,34532,0,0,34452,0,0,132037,6844,52,33311,11329,0,33310,0,0,32408,9765,6,32350,0,0,33290,12896,1,33301,7712,7,132105,0,0;
17497403100;6773981,44904,1,8453,19642,-5,34532,0,0,34452,0,0,132037,6844,54,33311,11317,0,33310,0,0,32408,9766,7,32350,0,0,33290,12893,1,33301,7715,8,132105,0,0;
17597077700;6774080,44904,1,8456,19645,-2,34532,0,0,34452,0,0,132037,6843,53,33311,11312,0,33310,0,0,32408,9768,6,32350,0,0,33290,12895,1,33301,7716,7,132105,0,0;
17696858500;6774181,44904,1,8455,19641,-1,34532,0,0,34452,0,0,132037,6844,54,33311,11319,0,33310,0,0,32408,9766,6,32350,0,0,33290,12897,1,33301,7712,7,132105,0,0;
17796997600;6774281,44904,1,8458,19643,0,34532,0,0,34452,0,0,132037,6844,54,33311,11320,0,33310,0,0,32408,9768,6,32350,0,0,33290,12895,0,33301,7713,7,132105,0,0;
17898302700;6774381,44904,1,8453,19641,-4,34532,0,0,34452,0,0,132037,6844,53,33311,11315,0,33310,0,0,32408,9765,5,32350,0,0,33290,12897,0,33301,7713,7,132105,0,0;
17997991600;6774482,44904,1,8458,19644,1,34532,0,0,34452,0,0,132037,6843,53,33311,11320,0,33310,0,0,32408,9768,5,32350,0,0,33290,12897,1,33301,7713,7,132105,0,0;
18098212600;6774582,44904,1,8456,19641,0,34532,0,0,34452,0,0,132037,6843,53,33311,11319,0,33310,0,0,32408,9766,6,32350,0,0,33290,12896,1,33301,7711,7,132105,0,0;
18197888900;6774682,44904,1,8457,19643,0,34532,0,0,34452,0,0,132037,6843,53,33311,11314,0,33310,0,0,32408,9767,6,32350,0,0,33290,12894,0,33301,7713,7,132105,0,0;
18296970300;6774781,44904,1,8456,19642,0,34532,0,0,34452,0,0,132037,6843,51,33311,11332,0,33310,0,0,32408,9766,5,32350,0,0,33290,12897,0,33301,7712,6,132105,0,0;
18397813200;6774882,44904,1,8454,19642,-4,34532,0,0,34452,0,0,132037,6844,52,33311,11332,0,33310,0,0,32408,9766,6,32350,0,0,33290,12899,0,33301,7714,5,132105,0,0;
18497174500;6774981,44904,1,8457,19643,-1,34532,0,0,34452,0,0,132037,6844,52,33311,11327,0,33310,0,0,32408,9768,6,32350,0,0,33290,12897,0,33301,7714,5,132105,0,0;
18597025800;6775081,44904,1,8462,19643,4,34532,0,0,34452,0,0,132037,6844,52,33311,11317,0,33310,0,0,32408,9770,6,32350,0,0,33290,12899,0,33301,7711,5,132105,0,0;
18696279300;6775180,44904,1,8458,19644,1,34532,0,0,34452,0,0,132037,6843,52,33311,11321,0,33310,0,0,32408,9768,7,32350,0,0,33290,12897,0,33301,7713,5,132105,0,0;
18803722500;6775288,44904,1,8454,19642,-2,34532,0,0,34452,0,0,132037,6843,52,33311,11334,0,33310,0,0,32408,9765,7,32350,0,0,33290,12899,0,33301,7713,5,132105,0,0;
18897250400;6775381,44904,1,8461,19644,3,34532,0,0,34452,0,0,132037,6844,52,33311,11327,0,33310,0,0,32408,9770,6,32350,0,0,33290,12894,0,33301,7712,5,132105,0,0;
18996677300;6775480,44904,1,8457,19643,0,34532,0,0,34452,0,0,132037,6843,52,33311,11320,0,33310,0,0,32408,9767,7,32350,0,0,33290,12898,1,33301,7712,4,132105,0,0;
19096453800;6775580,44904,1,8455,19642,0,34532,0,0,34452,0,0,132037,6842,52,33311,11332,0,33310,0,0,32408,9765,7,32350,0,0,33290,0,0,33301,7712,5,132105,0,0;
19198007400;6775682,44904,1,8456,19641,-3,34532,0,0,34452,0,0,132037,6845,52,33311,11326,0,33310,0,0,32408,9767,6,32350,0,0,33290,12898,0,33301,7713,5,132105,0,0;
19296339700;6775780,44904,1,8456,19642,-1,34532,0,0,34452,0,0,132037,6844,52,33311,11336,0,33310,0,0,32408,9767,6,32350,0,0,33290,12898,0,33301,7713,5,132105,0,0;
19403105000;6775887,44904,1,8459,19645,1,34532,0,0,34452,0,0,132037,6843,52,33311,11327,0,33310,0,0,32408,9769,6,32350,0,0,33290,12896,1,33301,7714,5,132105,0,0;
19496335800;6775980,44904,1,8456,19641,0,34532,0,0,34452,0,0,132037,6843,53,33311,11326,0,33310,0,0,32408,9766,6,32350,0,0,33290,12897,1,33301,7711,5,132105,0,0;
19602318400;6776086,44904,1,8454,19643,-2,34532,0,0,34452,0,0,132037,6843,53,33311,11325,0,33310,0,0,32408,9766,6,32350,0,0,33290,12898,0,33301,7714,5,132105,0,0;
19696109600;6776180,44904,1,8458,19643,0,34532,0,0,34452,0,0,132037,6844,53,33311,11316,0,33310,0,0,32408,9768,6,32350,0,0,33290,12896,1,33301,7713,5,132105,0,0;
19802433500;6776286,44904,1,8456,19644,-1,34532,0,0,34452,0,0,132037,6843,52,33311,11325,0,33310,0,0,32408,9767,6,32350,0,0,33290,12897,1,33301,7714,5,132105,0,0;
19896841700;6776381,44904,1,8455,19644,-2,34532,0,0,34452,0,0,132037,6843,53,33311,11321,0,33310,0,0,32408,9767,6,32350,0,0,33290,12896,1,33301,7715,5,132105,0,0;
19997806000;6776481,44904,1,8456,19642,-1,34532,0,0,34452,0,0,132037,6844,53,33311,11323,0,33310,0,0,32408,9767,6,32350,0,0,33290,12897,0,33301,7713,4,132105,0,0;
20096830100;6776581,44904,1,8455,19645,-3,34532,0,0,34452,0,0,132037,6843,53,33311,11321,0,33310,0,0,32408,9767,6,32350,0,0,33290,12899,1,33301,7716,5,132105,0,0;
20196673900;6776680,44904,1,8464,19647,4,34532,0,0,34452,0,0,132037,6843,53,33311,11325,0,33310,0,0,32408,9772,6,32350,0,0,33290,12898,0,33301,7714,5,132105,0,0;
20302685400;6776786,44904,1,8458,19644,1,34532,0,0,34452,0,0,132037,6843,53,33311,11321,0,33310,0,0,32408,9768,6,32350,0,0,33290,12897,1,33301,7713,5,132105,0,0;
20401811000;6776886,44904,1,8460,19642,4,34532,0,0,34452,0,0,132037,6843,53,33311,11328,0,33310,0,0,32408,9768,6,32350,0,0,33290,12898,0,33301,7710,6,132105,0,0;
20501589700;6776986,44904,1,8453,19645,-8,34532,0,0,34452,0,0,132037,6844,53,33311,11326,0,33310,0,0,32408,9767,6,32350,0,0,33290,0,0,33301,7719,6,132105,0,0;
20597530300;6777081,44904,1,8457,19641,0,34532,0,0,34452,0,0,132037,6844,53,33311,11319,0,33310,0,0,32408,9767,6,32350,0,0,33290,12898,1,33301,7711,6,132105,0,0;
20697359800;6777182,44904,1,8452,19640,-4,34532,0,0,34452,0,0,132037,6844,52,33311,11327,0,33310,0,0,32408,9764,6,32350,0,0,33290,12896,1,33301,7712,7,132105,0,0;
20797484400;6777281,44904,1,8455,19643,-3,34532,0,0,34452,0,0,132037,6844,52,33311,11327,0,33310,0,0,32408,9767,6,32350,0,0,33290,12899,1,33301,7714,7,132105,0,0;
20896793100;6777381,44904,1,8459,19643,3,34532,0,0,34452,0,0,132037,6843,52,33311,11335,0,33310,0,0,32408,9768,5,32350,0,0,33290,12895,1,33301,7711,7,132105,0,0;
20996526500;6777481,44904,1,8455,19643,-4,34532,0,0,34452,0,0,132037,6844,52,33311,11328,0,33310,0,0,32408,9767,6,32350,0,0,33290,12898,0,33301,7715,7,132105,0,0;
21097075400;6777581,44904,1,8455,19644,-2,34532,0,0,34452,0,0,132037,6843,52,33311,11336,0,33310,0,0,32408,9767,6,32350,0,0,33290,12897,1,33301,7715,8,132105,0,0;
21197609500;6777681,44904,1,8451,19641,-9,34532,0,0,34452,0,0,132037,6845,53,33311,11336,0,33310,0,0,32408,9765,6,32350,0,0,33290,12897,1,33301,7716,8,132105,0,0;
21295565700;6777780,44904,1,8452,19641,-5,34532,0,0,34452,0,0,132037,6844,52,33311,11329,0,33310,0,0,32408,9765,5,32350,0,0,33290,12895,1,33301,7714,8,132105,0,0;
21396128400;6777880,44904,1,8455,19641,-1,34532,0,0,34452,0,0,132037,6844,52,33311,11334,0,33310,0,0,32408,9766,5,32350,0,0,33290,12898,1,33301,7712,8,132105,0,0;
21497176100;6777981,44904,1,8452,19645,-7,34532,0,0,34452,0,0,132037,6843,52,33311,11326,0,33310,0,0,32408,9766,6,32350,0,0,33290,12897,1,33301,7718,8,132105,0,0;
21596403500;6778080,44904,1,8455,19645,-3,34532,0,0,34452,0,0,132037,6843,52,33311,11324,0,33310,0,0,32408,9767,5,32350,0,0,33290,12896,1,33301,7716,7,132105,0,0;
21701924100;6778186,44904,1,8454,19643,-3,34532,0,0,34452,0,0,132037,6843,52,33311,11326,0,33310,0,0,32408,9766,5,32350,0,0,33290,12894,0,33301,7715,7,132105,0,0;
21796568000;6778281,44904,1,8456,19642,-1,34532,0,0,34452,0,0,132037,6844,52,33311,11331,0,33310,0,0,32408,9767,5,32350,0,0,33290,12894,1,33301,7713,7,132105,0,0;
21896247900;6778381,44904,1,8457,19643,0,34532,0,0,34452,0,0,132037,6843,52,33311,11321,0,33310,0,0,32408,9767,6,32350,0,0,33290,12896,1,33301,7712,7,132105,0,0;
21995352200;6778480,44904,1,8452,19645,-5,34532,0,0,34452,0,0,132037,6842,53,33311,11329,0,33310,0,0,32408,9765,6,32350,0,0,33290,12899,1,33301,7717,7,132105,0,0;
22096419100;6778580,44904,1,8459,19643,2,34532,0,0,34452,0,0,132037,6843,53,33311,11326,0,33310,0,0,32408,9768,6,32350,0,0,33290,12897,0,33301,7712,7,132105,0,0;
22197176600;6778681,44904,1,8453,19644,-4,34532,0,0,34452,0,0,132037,6843,53,33311,11322,0,33310,0,0,32408,9766,6,32350,0,0,33290,12897,1,33301,7716,7,132105,0,0;
22296354600;6778781,44904,1,8455,19646,-4,34532,0,0,34452,0,0,132037,6843,53,33311,11327,0,33310,0,0,32408,9768,6,32350,0,0,33290,12898,0,33301,7718,7,132105,0,0;
22396228100;6778880,44904,1,8455,19639,0,34532,0,0,34452,0,0,132037,6844,53,33311,11330,0,33310,0,0,32408,9765,6,32350,0,0,33290,12894,1,33301,7710,7,132105,0,0;
22495574700;6778980,44904,1,8457,19645,-1,34532,0,0,34452,0,0,132037,6843,53,33311,11321,0,33310,0,0,32408,9768,6,32350,0,0,33290,12897,1,33301,7715,7,132105,0,0;
22602045800;6779086,44904,1,8453,19640,-6,34532,0,0,34452,0,0,132037,6845,53,33311,11327,0,33310,0,0,32408,9765,6,32350,0,0,33290,12897,1,33301,7713,8,132105,0,0;
22695628900;6779180,44904,1,8456,19641,0,34532,0,0,34452,0,0,132037,6843,53,33311,11330,0,33310,0,0,32408,9766,5,32350,0,0,33290,12897,1,33301,7711,8,132105,0,0;
22796919300;6779281,44904,1,8452,19643,-5,34532,0,0,34452,0,0,132037,6843,53,33311,11329,0,33310,0,0,32408,9765,6,32350,0,0,33290,12898,1,33301,7715,9,132105,0,0;
22896300700;6779380,44904,1,8449,19641,-7,34532,0,0,34452,0,0,132037,6843,52,33311,11332,0,33310,0,0,32408,9763,5,32350,0,0,33290,12896,1,33301,7715,9,132105,0,0;
22996217500;6779481,44904,1,8455,19643,-4,34532,0,0,34452,0,0,132037,6844,53,33311,11328,0,33310,0,0,32408,9767,6,32350,0,0,33290,12899,1,33301,7715,8,132105,0,0;
23102801100;6779587,44904,1,8456,19644,-1,34532,0,0,34452,0,0,132037,6843,52,33311,11332,0,33310,0,0,32408,9767,6,32350,0,0,33290,12897,1,33301,7714,9,132105,0,0;
23195815000;6779680,44904,1,8455,19644,0,34532,0,0,34452,0,0,132037,6842,53,33311,11329,0,33310,0,0,32408,9766,5,32350,0,0,33290,12895,1,33301,7714,9,132105,0,0;
23296337600;6779781,44904,1,8452,19643,-6,34532,0,0,34452,0,0,132037,6843,53,33311,11342,0,33310,0,0,32408,9765,6,32350,0,0,33290,12896,1,33301,7716,9,132105,0,0;
23396747500;6779881,44904,1,8456,19641,0,34532,0,0,34452,0,0,132037,6843,53,33311,11325,0,33310,0,0,32408,9766,6,32350,0,0,33290,12899,1,33301,7711,9,132105,0,0;
23497850900;6779982,44904,1,8452,19643,-6,34532,0,0,34452,0,0,132037,6843,53,33311,11327,0,33310,0,0,32408,9765,6,32350,0,0,33290,12895,1,33301,7716,9,132105,0,0;
23596477000;6780081,44904,1,8452,19643,-6,34532,0,0,34452,0,0,132037,6843,53,33311,11330,0,33310,0,0,32408,9765,6,32350,0,0,33290,12898,1,33301,7716,9,132105,0,0;
23696193600;6780181,44904,1,8454,19646,-6,34532,0,0,34452,0,0,132037,6843,52,33311,11332,0,33310,0,0,32408,9767,6,32350,0,0,33290,12896,1,33301,7718,9,132105,0,0;
23796873100;6780281,44904,1,8455,19644,-2,34532,0,0,34452,0,0,132037,6843,53,33311,11326,0,33310,0,0,32408,9767,6,32350,0,0,33290,12899,1,33301,7715,9,132105,0,0;
23896248100;6780381,44904,1,8452,19642,-6,34532,0,0,34452,0,0,132037,6844,53,33311,11324,0,33310,0,0,32408,9765,6,32350,0,0,33290,12895,1,33301,7715,9,132105,0,0;
23995940700;6780480,44904,1,8453,19644,-4,34532,0,0,34452,0,0,132037,6843,53,33311,11321,0,33310,0,0,32408,9766,6,32350,0,0,33290,12894,0,33301,7716,10,132105,0,0;
24102050300;6780586,44904,1,8454,19642,-4,34532,0,0,34452,0,0,132037,6844,53,33311,11322,0,33310,0,0,32408,9766,6,32350,0,0,33290,12897,0,33301,7714,10,132105,0,0;
24195478000;6780680,44904,1,8453,19642,-3,34532,0,0,34452,0,0,132037,6843,53,33311,11322,0,33310,0,0,32408,9765,6,32350,0,0,33290,12895,1,33301,7714,10,132105,0,0;
24295985100;6780780,44904,1,8456,19646,-3,34532,0,0,34452,0,0,132037,6843,52,33311,11336,0,33310,0,0,32408,9768,6,32350,0,0,33290,12896,0,33301,7717,10,132105,0,0;
24395596600;6780880,44904,1,8450,19645,-9,34532,0,0,34452,0,0,132037,6843,52,33311,11326,0,33310,0,0,32408,9765,6,32350,0,0,33290,12898,1,33301,7719,10,132105,0,0;
24500399200;6780985,44904,1,8455,19644,-2,34532,0,0,34452,0,0,132037,6843,52,33311,11321,0,33310,0,0,32408,9767,5,32350,0,0,33290,12897,0,33301,7715,10,132105,0,0;
24595743200;6781080,44904,1,8454,19643,-3,34532,0,0,34452,0,0,132037,6843,52,33311,11325,0,33310,0,0,32408,9766,6,32350,0,0,33290,12899,1,33301,7715,10,132105,0,0;
24695722700;6781180,44904,1,8451,19644,-7,34532,0,0,34452,0,0,132037,6843,52,33311,11322,0,33310,0,0,32408,9765,6,32350,0,0,33290,12896,1,33301,7717,9,132105,0,0;
24801185400;6781286,44904,1,8451,19644,-8,34532,0,0,34452,0,0,132037,6843,52,33311,11327,0,33310,0,0,32408,9765,6,32350,0,0,33290,12895,1,33301,7718,9,132105,0,0;
24895773200;6781380,44904,1,8455,19645,-3,34532,0,0,34452,0,0,132037,6843,52,33311,11327,0,33310,0,0,32408,9767,6,32350,0,0,33290,12897,1,33301,7716,10,132105,0,0;
25002053800;6781487,44904,1,8460,19646,1,34532,0,0,34452,0,0,132037,6843,52,33311,11319,0,33310,0,0,32408,9770,6,32350,0,0,33290,12895,1,33301,7715,9,132105,0,0;
25095846700;6781581,44904,1,8452,19643,-6,34532,0,0,34452,0,0,132037,6843,52,33311,11325,0,33310,0,0,32408,9765,5,32350,0,0,33290,12892,1,33301,7716,9,132105,0,0;
25201826500;6781686,44904,1,8454,19642,-4,34532,0,0,34452,0,0,132037,6844,52,33311,11322,0,33310,0,0,32408,9766,5,32350,0,0,33290,12894,0,33301,7714,8,132105,0,0;
25295479700;6781780,44904,1,8455,19645,-3,34532,0,0,34452,0,0,132037,6843,52,33311,11324,0,33310,0,0,32408,9767,5,32350,0,0,33290,12898,1,33301,7716,8,132105,0,0;
25396631900;6781881,44904,1,8451,19644,-8,34532,0,0,34452,0,0,132037,6843,52,33311,11321,0,33310,0,0,32408,9765,5,32350,0,0,33290,12895,1,33301,7718,8,132105,0,0;
25495765600;6781980,44904,1,8455,19645,-3,34532,0,0,34452,0,0,132037,6843,52,33311,11320,0,33310,0,0,32408,9767,5,32350,0,0,33290,12897,1,33301,7716,9,132105,0,0;
25600555000;6782085,44904,1,8451,19644,-8,34532,0,0,34452,0,0,132037,6843,52,33311,11321,0,33310,0,0,32408,9765,5,32350,0,0,33290,12898,1,33301,7718,8,132105,0,0;
25695333900;6782181,44904,1,8455,19645,-3,34532,0,0,34452,0,0,132037,6843,52,33311,11325,0,33310,0,0,32408,9767,6,32350,0,0,33290,12896,1,33301,7716,8,132105,0,0;
25795532600;6782280,44904,1,8454,19645,-4,34532,0,0,34452,0,0,132037,6843,52,33311,11327,0,33310,0,0,32408,9767,6,32350,0,0,33290,12895,1,33301,7717,9,132105,0,0;
25895446400;6782380,44904,1,8455,19643,-4,34532,0,0,34452,0,0,132037,6844,52,33311,11323,0,33310,0,0,32408,9767,5,32350,0,0,33290,12893,1,33301,7715,9,132105,0,0;
25996605800;6782481,44904,1,8454,19644,-5,34532,0,0,34452,0,0,132037,6844,52,33311,11325,0,33310,0,0,32408,9767,5,32350,0,0,33290,12896,1,33301,7716,10,132105,0,0;
26095240100;6782580,44904,1,8457,19644,-4,34532,0,0,34452,0,0,132037,6845,52,33311,11318,0,33310,0,0,32408,9769,6,32350,0,0,33290,12893,1,33301,7716,9,132105,0,0;
26200763700;6782685,44904,1,8452,19642,-6,34532,0,0,34452,0,0,132037,6844,52,33311,11332,0,33310,0,0,32408,9765,5,32350,0,0,33290,12896,1,33301,7715,9,132105,0,0;
26295327800;6782780,44904,1,8453,19644,-4,34532,0,0,34452,0,0,132037,6843,52,33311,11331,0,33310,0,0,32408,9766,5,32350,0,0,33290,12895,1,33301,7716,9,132105,0,0;
26395122000;6782880,44904,1,8456,19644,-1,34532,0,0,34452,0,0,132037,6843,52,33311,11334,0,33310,0,0,32408,9767,5,32350,0,0,33290,12895,1,33301,7714,9,132105,0,0;
26496028600;6782981,44904,1,8452,19642,-8,34532,0,0,34452,0,0,132037,6845,53,33311,11324,0,33310,0,0,32408,9766,5,32350,0,0,33290,12893,1,33301,7716,10,132105,0,0;
26595775500;6783080,44904,1,8454,19643,-2,34532,0,0,34452,0,0,132037,6843,52,33311,11331,0,33310,0,0,32408,9766,5,32350,0,0,33290,12898,1,33301,7714,9,132105,0,0;
26695986400;6783182,44904,1,8455,19644,-2,34532,0,0,34452,0,0,132037,6843,52,33311,11330,0,33310,0,0,32408,9767,5,32350,0,0,33290,12895,1,33301,7715,8,132105,0,0;
26796059600;6783281,44904,1,8454,19642,-2,34532,0,0,34452,0,0,132037,6843,52,33311,11323,0,33310,0,0,32408,9765,5,32350,0,0,33290,12895,1,33301,7713,8,132105,0,0;
26894950400;6783380,44904,1,8454,19644,-5,34532,0,0,34452,0,0,132037,6844,52,33311,11329,0,33310,0,0,32408,9767,5,32350,0,0,33290,12896,1,33301,7716,9,132105,0,0;
26994986000;6783479,44904,1,8451,19642,-7,34532,0,0,34452,0,0,132037,6844,52,33311,11323,0,33310,0,0,32408,9765,6,32350,0,0,33290,12896,1,33301,7716,9,132105,0,0;
27094646700;6783579,44904,1,8452,19644,-8,34532,0,0,34452,0,0,132037,6844,52,33311,11326,0,33310,0,0,32408,9766,6,32350,0,0,33290,12893,1,33301,7718,10,132105,0,0;
27194753700;6783680,44904,1,8450,19643,-10,34532,0,0,34452,0,0,132037,6844,52,33311,11313,0,33310,0,0,32408,9765,6,32350,0,0,33290,12895,1,33301,7718,10,132105,0,0;
27295179300;6783780,44904,1,8453,19643,-6,34532,0,0,34452,0,0,132037,6844,52,33311,11322,0,33310,0,0,32408,9766,6,32350,0,0,33290,12895,1,33301,7716,10,132105,0,0;
27395871900;6783880,44904,1,8456,19642,-1,34532,0,0,34452,0,0,132037,6844,52,33311,11317,0,33310,0,0,32408,9767,6,32350,0,0,33290,12894,1,33301,7713,9,132105,0,0;
27495315800;6783980,44904,1,8450,19643,-10,34532,0,0,34452,0,0,132037,6844,52,33311,11327,0,33310,0,0,32408,9765,6,32350,0,0,33290,12895,1,33301,7718,10,132105,0,0;
27594502300;6784080,44904,1,8454,19645,-4,34532,0,0,34452,0,0,132037,6843,52,33311,11322,0,33310,0,0,32408,9767,6,32350,0,0,33290,12893,1,33301,7717,10,132105,0,0;
27694878000;6784179,44904,1,8458,19645,-1,34532,0,0,34452,0,0,132037,6844,51,33311,11323,0,33310,0,0,32408,9769,6,32350,0,0,33290,12898,1,33301,7715,11,132105,0,0;
27794983400;6784280,44904,1,8455,19648,-4,34532,0,0,34452,0,0,132037,6842,52,33311,11317,0,33310,0,0,32408,9768,6,32350,0,0,33290,12895,1,33301,7719,11,132105,0,0;
27895544500;6784380,44904,1,8460,19648,-1,34532,0,0,34452,0,0,132037,6843,52,33311,11319,0,33310,0,0,32408,9771,6,32350,0,0,33290,12895,1,33301,7718,11,132105,0,0;
27995120200;6784480,44904,1,8455,19645,-3,34532,0,0,34452,0,0,132037,6843,52,33311,11332,0,33310,0,0,32408,9767,7,32350,0,0,33290,12895,1,33301,7716,11,132105,0,0;
28095458600;6784581,44904,1,8454,19646,-6,34532,0,0,34452,0,0,132037,6843,51,33311,11322,0,33310,0,0,32408,9767,7,32350,0,0,33290,12897,1,33301,7718,10,132105,0,0;
28199301900;6784684,44904,1,8458,19645,-1,34532,0,0,34452,0,0,132037,6844,51,33311,11331,0,33310,0,0,32408,9769,6,32350,0,0,33290,12898,1,33301,7715,9,132105,0,0;
28295272600;6784780,44904,1,8458,19647,0,34532,0,0,34452,0,0,132037,6842,51,33311,11332,0,33310,0,0,32408,9769,6,32350,0,0,33290,12899,1,33301,7716,10,132105,0,0;
28394908200;6784880,44904,1,8453,19642,-5,34532,0,0,34452,0,0,132037,6844,51,33311,11333,0,33310,0,0,32408,9766,6,32350,0,0,33290,12898,1,33301,7715,10,132105,0,0;
28494911500;6784979,44904,1,8454,19643,-2,34532,0,0,34452,0,0,132037,6843,51,33311,11332,0,33310,0,0,32408,9766,6,32350,0,0,33290,12896,1,33301,7714,9,132105,0,0;
28595169300;6785080,44904,1,8455,19641,-3,34532,0,0,34452,0,0,132037,6844,51,33311,11322,0,33310,0,0,32408,9766,6,32350,0,0,33290,12896,1,33301,7713,9,132105,0,0;
28695124900;6785181,44904,1,8457,19647,-2,34532,0,0,34452,0,0,132037,6843,52,33311,11331,0,33310,0,0,32408,9769,6,32350,0,0,33290,12896,1,33301,7717,9,132105,0,0;
28795353500;6785280,44904,1,8454,19644,-5,34532,0,0,34452,0,0,132037,6844,51,33311,11331,0,33310,0,0,32408,9767,6,32350,0,0,33290,12896,1,33301,7716,9,132105,0,0;
28895465300;6785380,44904,1,8461,19644,4,34532,0,0,34452,0,0,132037,6843,52,33311,11330,0,33310,0,0,32408,9769,6,32350,0,0,33290,12897,1,33301,7711,9,132105,0,0;
28994114000;6785480,44904,1,8457,19643,0,34532,0,0,34452,0,0,132037,6843,51,33311,11326,0,33310,0,0,32408,9767,7,32350,0,0,33290,12895,1,33301,7713,9,132105,0,0;
29094950600;6785581,44904,1,8451,19644,-8,34532,0,0,34452,0,0,132037,6843,52,33311,11328,0,33310,0,0,32408,9765,7,32350,0,0,33290,12896,1,33301,7718,9,132105,0,0;
29194674800;6785680,44904,1,8459,19647,0,34532,0,0,34452,0,0,132037,6843,52,33311,11333,0,33310,0,0,32408,9770,7,32350,0,0,33290,12895,1,33301,7716,9,132105,0,0;
29300292900;6785785,44904,1,8459,19645,0,34532,0,0,34452,0,0,132037,6844,52,33311,11331,0,33310,0,0,32408,9770,7,32350,0,0,33290,12896,1,33301,7715,9,132105,0,0;
29395504300;6785881,44904,1,8457,19643,0,34532,0,0,34452,0,0,132037,6843,51,33311,11329,0,33310,0,0,32408,9767,7,32350,0,0,33290,12898,1,33301,7712,8,132105,0,0;
29500284700;6785985,44904,1,8456,19644,-2,34532,0,0,34452,0,0,132037,6844,52,33311,11320,0,33310,0,0,32408,9768,6,32350,0,0,33290,12897,0,33301,7715,8,132105,0,0;
29594283400;6786080,44904,1,8456,19644,-1,34532,0,0,34452,0,0,132037,6843,52,33311,11322,0,33310,0,0,32408,9767,6,32350,0,0,33290,12896,1,33301,7714,8,132105,0,0;
29693564800;6786179,44904,1,8453,19642,-5,34532,0,0,34452,0,0,132037,6844,52,33311,11325,0,33310,0,0,32408,9766,6,32350,0,0,33290,12896,1,33301,7715,7,132105,0,0;
29793278800;6786279,44904,1,8456,19642,-1,34532,0,0,34452,0,0,132037,6844,52,33311,11323,0,33310,0,0,32408,9767,6,32350,0,0,33290,12898,1,33301,7713,7,132105,0,0;
29894413100;6786379,44904,1,8456,19645,0,34532,0,0,34452,0,0,132037,6842,52,33311,11327,0,33310,0,0,32408,9767,6,32350,0,0,33290,12897,1,33301,7715,8,132105,0,0;
30000929000;6786486,44904,1,8456,19645,-2,34532,0,0,34452,0,0,132037,6843,52,33311,11329,0,33310,0,0,32408,9768,6,32350,0,0,33290,12896,1,33301,7716,8,132105,0,0;
30095034700;6786581,44904,1,8454,19643,-7,34532,0,0,34452,0,0,132037,6845,52,33311,11333,0,33310,0,0,32408,9767,6,32350,0,0,33290,12895,1,33301,7716,8,132105,0,0;
30193767100;6786679,44904,1,8453,19642,-3,34532,0,0,34452,0,0,132037,6843,52,33311,11324,0,33310,0,0,32408,9765,6,32350,0,0,33290,12897,1,33301,7714,7,132105,0,0;
30294028100;6786779,44904,1,8463,19643,8,34532,0,0,34452,0,0,132037,6843,52,33311,11333,0,33310,0,0,32408,9770,6,32350,0,0,33290,12896,1,33301,7709,7,132105,0,0;
30400838100;6786886,44904,1,8455,19642,-1,34532,0,0,34452,0,0,132037,6843,52,33311,11328,0,33310,0,0,32408,9766,6,32350,0,0,33290,12899,1,33301,7713,7,132105,0,0;
30501688700;6786987,44904,1,8457,19644,1,34532,0,0,34452,0,0,132037,6842,52,33311,11317,0,33310,0,0,32408,9767,6,32350,0,0,33290,12897,1,33301,7713,7,132105,0,0;
30593807400;6787079,44904,1,8459,19647,-1,34532,0,0,34452,0,0,132037,6843,51,33311,11331,0,33310,0,0,32408,9770,6,32350,0,0,33290,12898,1,33301,7717,7,132105,0,0;
30694014600;6787179,44904,1,8456,19644,-1,34532,0,0,34452,0,0,132037,6843,52,33311,11326,0,33310,0,0,32408,9767,6,32350,0,0,33290,12897,1,33301,7714,8,132105,0,0;
30794412500;6787280,44904,1,8458,19642,0,34532,0,0,34452,0,0,132037,6844,51,33311,11322,0,33310,0,0,32408,9768,6,32350,0,0,33290,12898,1,33301,7712,8,132105,0,0;
30894349600;6787380,44904,1,8451,19640,-4,34532,0,0,34452,0,0,132037,6843,52,33311,11319,0,33310,0,0,32408,9763,6,32350,0,0,33290,12897,1,33301,7712,9,132105,0,0;
