849127000;6523609,44904,1,8404,18899,9,34532,0,0,34452,0,0,132037,7196,49,33311,10819,0,33310,0,0,32408,9624,11,32350,0,0,33290,12201,2,33301,7071,27,132105,0,0;
951258600;6523710,44904,1,8408,18901,13,34532,0,0,34452,0,0,132037,7196,48,33311,10817,0,33310,0,0,32408,9627,11,32350,0,0,33290,12200,2,33301,7071,27,132105,0,0;
1050831100;6523810,44904,1,8409,18902,14,34532,0,0,34452,0,0,132037,7195,49,33311,10812,0,33310,0,0,32408,9627,11,32350,0,0,33290,12202,2,33301,7071,26,132105,0,0;
1150327300;6523910,44904,1,8413,18904,17,34532,0,0,34452,0,0,132037,7195,48,33311,10813,0,33310,0,0,32408,9630,11,32350,0,0,33290,12201,2,33301,7071,26,132105,0,0;
1250221900;6524010,44904,1,8412,18900,16,34532,0,0,34452,0,0,132037,7197,49,33311,10806,0,33310,0,0,32408,9629,10,32350,0,0,33290,12201,2,33301,7069,26,132105,0,0;
1349885900;6524110,44904,1,8406,18899,12,34532,0,0,34452,0,0,132037,7196,48,33311,10806,1,33310,0,0,32408,9625,10,32350,0,0,33290,12201,2,33301,7070,26,132105,0,0;
1449948100;6524210,44904,1,8410,18901,15,34532,0,0,34452,0,0,132037,7196,48,33311,10800,1,33310,0,0,32408,9628,10,32350,0,0,33290,12203,2,33301,7070,26,132105,0,0;
1550817800;6524310,44904,1,8414,18902,15,34532,0,0,34452,0,0,132037,7197,48,33311,10797,1,33310,0,0,32408,9631,10,32350,0,0,33290,12201,2,33301,7071,26,132105,0,0;
1649945300;6524410,44904,1,8411,18902,16,34532,0,0,34452,0,0,132037,7195,47,33311,10801,1,33310,0,0,32408,9628,10,32350,0,0,33290,12202,2,33301,7070,26,132105,0,0;
1750721100;6524510,44904,1,8411,18900,18,34532,0,0,34452,0,0,132037,7195,48,33311,10797,1,33310,0,0,32408,9627,10,32350,0,0,33290,12203,2,33301,7068,26,132105,0,0;
1849919000;6524609,44904,1,8411,18900,16,34532,0,0,34452,0,0,132037,7196,48,33311,10801,1,33310,0,0,32408,9628,10,32350,0,0,33290,12204,2,33301,7069,26,132105,0,0;
1948913900;6524709,44904,1,8408,18902,13,34532,0,0,34452,0,0,132037,7195,48,33311,10799,1,33310,0,0,32408,9627,11,32350,0,0,33290,12203,2,33301,7072,26,132105,0,0;
2052286800;6524812,44904,1,8409,18900,15,34532,0,0,34452,0,0,132037,7195,49,33311,10796,1,33310,0,0,32408,9626,10,32350,0,0,33290,12203,2,33301,7069,25,132105,0,0;
2154415800;6524913,44904,1,8413,18904,16,34532,0,0,34452,0,0,132037,7195,49,33311,10793,1,33310,0,0,32408,9630,10,32350,0,0,33290,12201,2,33301,7072,25,132105,0,0;
2248717600;6525008,44904,1,8409,18901,15,34532,0,0,34452,0,0,132037,7195,49,33311,10809,1,33310,0,0,32408,9627,10,32350,0,0,33290,12200,2,33301,7070,25,132105,0,0;
2351450300;6525111,44904,1,8415,18906,19,34532,0,0,34452,0,0,132037,7194,49,33311,10810,1,33310,0,0,32408,9631,10,32350,0,0,33290,12200,2,33301,7072,25,132105,0,0;
2451606600;6525211,44904,1,8409,18900,15,34532,0,0,34452,0,0,132037,7195,48,33311,10802,1,33310,0,0,32408,9626,10,32350,0,0,33290,12203,2,33301,7069,25,132105,0,0;
2553713900;6525313,44904,1,8412,18902,19,34532,0,0,34452,0,0,132037,7194,48,33311,10811,1,33310,0,0,32408,9628,10,32350,0,0,33290,12201,2,33301,7069,25,132105,0,0;
2646480600;6525407,44904,1,8410,18902,15,34532,0,0,34452,0,0,132037,7195,48,33311,10802,1,33310,0,0,32408,9628,10,32350,0,0,33290,12200,2,33301,7071,25,132105,0,0;
2749218400;6525509,44904,1,8409,18900,12,34532,0,0,34452,0,0,132037,7197,47,33311,10805,1,33310,0,0,32408,9628,10,32350,0,0,33290,12199,2,33301,7071,26,132105,0,0;
2848750900;6525609,44904,1,8409,18900,14,34532,0,0,34452,0,0,132037,7196,47,33311,10800,1,33310,0,0,32408,9627,10,32350,0,0,33290,0,0,33301,7070,26,132105,0,0;
2948883900;6525709,44904,1,8407,18901,15,34532,0,0,34452,0,0,132037,7194,47,33311,10797,1,33310,0,0,32408,9625,10,32350,0,0,33290,12200,2,33301,7070,26,132105,0,0;
3051587700;6525812,44904,1,8411,18902,15,34532,0,0,34452,0,0,132037,7196,48,33311,10794,1,33310,0,0,32408,9629,10,32350,0,0,33290,12201,2,33301,7071,25,132105,0,0;
3152994500;6525913,44904,1,8409,18902,14,34532,0,0,34452,0,0,132037,7195,48,33311,10796,1,33310,0,0,32408,9627,10,32350,0,0,33290,12198,2,33301,7071,25,132105,0,0;
3254240800;6526014,44904,1,8410,18903,14,34532,0,0,34452,0,0,132037,7195,48,33311,10799,0,33310,0,0,32408,9628,10,32350,0,0,33290,12200,2,33301,7072,25,132105,0,0;
3348802500;6526109,44904,1,8414,18903,19,34532,0,0,34452,0,0,132037,7195,48,33311,10804,1,33310,0,0,32408,9630,11,32350,0,0,33290,12200,2,33301,7070,24,132105,0,0;
3450377900;6526210,44904,1,8411,18902,15,34532,0,0,34452,0,0,132037,7196,48,33311,10793,0,33310,0,0,32408,9629,11,32350,0,0,33290,12198,2,33301,7071,24,132105,0,0;
3552019900;6526312,44904,1,8413,18902,17,34532,0,0,34452,0,0,132037,7196,48,33311,10805,1,33310,0,0,32408,9630,11,32350,0,0,33290,12200,2,33301,7070,25,132105,0,0;
3647812500;6526407,44904,1,8409,18901,16,34532,0,0,34452,0,0,132037,7194,48,33311,10800,1,33310,0,0,32408,9626,11,32350,0,0,33290,12199,2,33301,7070,25,132105,0,0;
3748912200;6526509,44904,1,8414,18902,18,34532,0,0,34452,0,0,132037,7196,48,33311,10801,1,33310,0,0,32408,9630,11,32350,0,0,33290,12199,2,33301,7069,26,132105,0,0;
3849245500;6526610,44904,1,8411,18902,16,34532,0,0,34452,0,0,132037,7195,47,33311,10799,1,33310,0,0,32408,9628,11,32350,0,0,33290,12200,2,33301,7070,26,132105,0,0;
3948672100;6526709,44904,1,8405,18899,12,34532,0,0,34452,0,0,132037,7195,48,33311,10797,1,33310,0,0,32408,9624,11,32350,0,0,33290,12200,2,33301,7070,26,132105,0,0;
4048868300;6526809,44904,1,8411,18901,18,34532,0,0,34452,0,0,132037,7195,47,33311,10800,1,33310,0,0,32408,9628,11,32350,0,0,33290,12198,2,33301,7069,26,132105,0,0;
4149158800;6526909,44904,1,8410,18903,16,34532,0,0,34452,0,0,132037,7194,48,33311,10799,1,33310,0,0,32408,9627,11,32350,0,0,33290,12199,2,33301,7071,26,132105,0,0;
4249511700;6527010,44904,1,8410,18901,15,34532,0,0,34452,0,0,132037,7196,47,33311,10801,1,33310,0,0,32408,9628,11,32350,0,0,33290,12198,2,33301,7070,26,132105,0,0;
4349215400;6527110,44904,1,8409,18900,17,34532,0,0,34452,0,0,132037,7195,48,33311,10803,1,33310,0,0,32408,9626,11,32350,0,0,33290,12198,2,33301,7068,26,132105,0,0;
4551625600;6527312,44904,1,8410,18901,15,34532,0,0,34452,0,0,132037,7196,48,33311,10805,1,33310,0,0,32408,9628,11,32350,0,0,33290,12200,2,33301,7070,25,132105,0,0;
4651636900;6527411,44904,1,8413,18904,17,34532,0,0,34452,0,0,132037,7195,48,33311,10800,1,33310,0,0,32408,9630,11,32350,0,0,33290,12199,2,33301,7071,25,132105,0,0;
4750897300;6527511,44904,1,8404,18898,11,34532,0,0,34452,0,0,132037,7196,48,33311,10801,1,33310,0,0,32408,9624,11,32350,0,0,33290,12199,2,33301,7070,25,132105,0,0;
4845997700;6527607,44904,1,8408,18901,13,34532,0,0,34452,0,0,132037,7196,47,33311,10800,1,33310,0,0,32408,9627,11,32350,0,0,33290,12200,2,33301,7071,25,132105,0,0;
4951049000;6527711,44904,1,8414,18903,20,34532,0,0,34452,0,0,132037,7195,47,33311,10803,1,33310,0,0,32408,9630,11,32350,0,0,33290,12201,2,33301,7069,25,132105,0,0;
5047902800;6527808,44904,1,8408,18902,15,34532,0,0,34452,0,0,132037,7194,48,33311,10799,1,33310,0,0,32408,9626,11,32350,0,0,33290,12201,2,33301,7071,26,132105,0,0;
5148570800;6527909,44904,1,8411,18902,16,34532,0,0,34452,0,0,132037,7195,48,33311,10800,1,33310,0,0,32408,9628,11,32350,0,0,33290,12202,2,33301,7070,26,132105,0,0;
5248121600;6528009,44904,1,8417,18905,19,34532,0,0,34452,0,0,132037,7196,48,33311,10800,1,33310,0,0,32408,9633,11,32350,0,0,33290,12201,2,33301,7071,26,132105,0,0;
5348462900;6528109,44904,1,8411,18902,16,34532,0,0,34452,0,0,132037,7195,49,33311,10801,1,33310,0,0,32408,9628,11,32350,0,0,33290,12202,2,33301,7070,26,132105,0,0;
5448302900;6528209,44904,1,8412,18902,16,34532,0,0,34452,0,0,132037,7196,48,33311,10796,1,33310,0,0,32408,9629,11,32350,0,0,33290,0,0,33301,7070,26,132105,0,0;
5550750100;6528311,44904,1,8415,18903,19,34532,0,0,34452,0,0,132037,7196,48,33311,10800,1,33310,0,0,32408,9631,12,32350,0,0,33290,12201,2,33301,7069,25,132105,0,0;
5646687000;6528408,44904,1,8412,18903,15,34532,0,0,34452,0,0,132037,7196,48,33311,10791,1,33310,0,0,32408,9630,11,32350,0,0,33290,12200,2,33301,7072,25,132105,0,0;
5748899300;6528509,44904,1,8410,18903,16,34532,0,0,34452,0,0,132037,7194,48,33311,10794,1,33310,0,0,32408,9627,11,32350,0,0,33290,12200,2,33301,7071,24,132105,0,0;
5851135100;6528611,44904,1,8411,18900,18,34532,0,0,34452,0,0,132037,7195,48,33311,10789,1,33310,0,0,32408,9627,11,32350,0,0,33290,12199,2,33301,7068,24,132105,0,0;
5952828100;6528713,44904,1,8414,18905,19,34532,0,0,34452,0,0,132037,7194,48,33311,10789,1,33310,0,0,32408,9630,11,32350,0,0,33290,12200,2,33301,7071,25,132105,0,0;
6050953700;6528811,44904,1,8409,18901,15,34532,0,0,34452,0,0,132037,7195,48,33311,10793,1,33310,0,0,32408,9627,11,32350,0,0,33290,12200,2,33301,7070,25,132105,0,0;
6146718600;6528907,44904,1,8417,18903,20,34532,0,0,34452,0,0,132037,7196,48,33311,10789,1,33310,0,0,32408,9632,12,32350,0,0,33290,12199,2,33301,7069,25,132105,0,0;
6248356400;6529009,44904,1,8409,18901,15,34532,0,0,34452,0,0,132037,7195,48,33311,10794,1,33310,0,0,32408,9627,11,32350,0,0,33290,12201,2,33301,7070,25,132105,0,0;
6350425900;6529111,44904,1,8411,18900,16,34532,0,0,34452,0,0,132037,7196,48,33311,10799,1,33310,0,0,32408,9628,12,32350,0,0,33290,12201,2,33301,7069,25,132105,0,0;
6451236500;6529211,44904,1,8411,18900,16,34532,0,0,34452,0,0,132037,7196,48,33311,10801,1,33310,0,0,32408,9628,11,32350,0,0,33290,12199,2,33301,7069,25,132105,0,0;
6545771000;6529306,44904,1,8413,18902,17,34532,0,0,34452,0,0,132037,7196,48,33311,10798,1,33310,0,0,32408,9630,12,32350,0,0,33290,12199,2,33301,7070,25,132105,0,0;
6650252800;6529411,44904,1,8411,18903,17,34532,0,0,34452,0,0,132037,7194,48,33311,10799,1,33310,0,0,32408,9628,12,32350,0,0,33290,12200,2,33301,7071,25,132105,0,0;
6748660400;6529509,44904,1,8412,18903,18,34532,0,0,34452,0,0,132037,7194,48,33311,10802,1,33310,0,0,32408,9628,12,32350,0,0,33290,12202,2,33301,7070,25,132105,0,0;
6850926700;6529611,44904,1,8414,18902,18,34532,0,0,34452,0,0,132037,7196,48,33311,10797,1,33310,0,0,32408,9630,12,32350,0,0,33290,12201,2,33301,7069,25,132105,0,0;
6945650100;6529706,44904,1,8411,18902,18,34532,0,0,34452,0,0,132037,7194,48,33311,10801,1,33310,0,0,32408,9627,12,32350,0,0,33290,12201,2,33301,7069,25,132105,0,0;
7048918000;6529809,44904,1,8414,18904,20,34532,0,0,34452,0,0,132037,7194,47,33311,10798,1,33310,0,0,32408,9630,12,32350,0,0,33290,12200,2,33301,7070,25,132105,0,0;
7148901800;6529909,44904,1,8408,18901,13,34532,0,0,34452,0,0,132037,7196,47,33311,10805,1,33310,0,0,32408,9627,11,32350,0,0,33290,12201,2,33301,7071,25,132105,0,0;
7249037400;6530009,44904,1,8417,18905,22,34532,0,0,34452,0,0,132037,7194,48,33311,10798,1,33310,0,0,32408,9631,11,32350,0,0,33290,12199,2,33301,7069,26,132105,0,0;
7348610100;6530110,44904,1,8407,18900,13,34532,0,0,34452,0,0,132037,7195,48,33311,10800,1,33310,0,0,32408,9625,11,32350,0,0,33290,12200,3,33301,7070,26,132105,0,0;
7445513200;6530206,44904,1,8411,18901,18,34532,0,0,34452,0,0,132037,7195,48,33311,10805,1,33310,0,0,32408,9628,11,32350,0,0,33290,12199,3,33301,7069,25,132105,0,0;
7548768700;6530309,44904,1,8409,18900,14,34532,0,0,34452,0,0,132037,7196,48,33311,10804,1,33310,0,0,32408,9627,11,32350,0,0,33290,12198,3,33301,7070,25,132105,0,0;
7649635300;6530410,44904,1,8410,18902,15,34532,0,0,34452,0,0,132037,7195,48,33311,10804,1,33310,0,0,32408,9628,11,32350,0,0,33290,12200,2,33301,7071,25,132105,0,0;
7750596700;6530511,44904,1,8410,18901,15,34532,0,0,34452,0,0,132037,7196,48,33311,10800,1,33310,0,0,32408,9628,11,32350,0,0,33290,12198,3,33301,7070,25,132105,0,0;
7845348200;6530606,44904,1,8411,18901,14,34532,0,0,34452,0,0,132037,7197,48,33311,10803,1,33310,0,0,32408,9629,10,32350,0,0,33290,12198,3,33301,7070,24,132105,0,0;
7949853500;6530711,44904,1,8413,18902,19,34532,0,0,34452,0,0,132037,7195,49,33311,10799,1,33310,0,0,32408,9629,10,32350,0,0,33290,12199,3,33301,7069,25,132105,0,0;
8050566700;6530811,44904,1,8408,18902,15,34532,0,0,34452,0,0,132037,7194,49,33311,10800,1,33310,0,0,32408,9626,10,32350,0,0,33290,12197,3,33301,7071,25,132105,0,0;
8147639500;6530908,44904,1,8412,18903,16,34532,0,0,34452,0,0,132037,7195,49,33311,10800,1,33310,0,0,32408,9629,11,32350,0,0,33290,12198,3,33301,7071,26,132105,0,0;
8251053400;6531011,44904,1,8409,18900,14,34532,0,0,34452,0,0,132037,7196,50,33311,10799,1,33310,0,0,32408,9627,11,32350,0,0,33290,12199,3,33301,7070,27,132105,0,0;
8348900800;6531109,44904,1,8410,18902,15,34532,0,0,34452,0,0,132037,7195,50,33311,10792,1,33310,0,0,32408,9628,11,32350,0,0,33290,12198,3,33301,7071,26,132105,0,0;
8447388600;6531208,44904,1,8411,18902,16,34532,0,0,34452,0,0,132037,7195,51,33311,10799,1,33310,0,0,32408,9628,11,32350,0,0,33290,12198,3,33301,7070,26,132105,0,0;
8547297800;6531308,44904,1,8415,18903,19,34532,0,0,34452,0,0,132037,7196,50,33311,10797,1,33310,0,0,32408,9631,11,32350,0,0,33290,12200,3,33301,7069,26,132105,0,0;
8648434700;6531409,44904,1,8407,18901,13,34532,0,0,34452,0,0,132037,7195,50,33311,10799,1,33310,0,0,32408,9626,11,32350,0,0,33290,12199,3,33301,7071,26,132105,0,0;
8748758700;6531509,44904,1,8412,18903,16,34532,0,0,34452,0,0,132037,7195,49,33311,10801,1,33310,0,0,32408,9629,11,32350,0,0,33290,12199,3,33301,7071,26,132105,0,0;
8847958300;6531609,44904,1,8414,18903,19,34532,0,0,34452,0,0,132037,7195,49,33311,10799,1,33310,0,0,32408,9630,12,32350,0,0,33290,12200,3,33301,7070,26,132105,0,0;
8948351500;6531709,44904,1,8410,18902,15,34532,0,0,34452,0,0,132037,7195,49,33311,10797,1,33310,0,0,32408,9628,12,32350,0,0,33290,12199,2,33301,7071,26,132105,0,0;
9051195500;6531812,44904,1,8414,18902,20,34532,0,0,34452,0,0,132037,7195,48,33311,10802,1,33310,0,0,32408,9629,12,32350,0,0,33290,12200,2,33301,7068,25,132105,0,0;
9147140300;6531908,44904,1,8409,18898,15,34532,0,0,34452,0,0,132037,7197,48,33311,10802,1,33310,0,0,32408,9627,12,32350,0,0,33290,12200,3,33301,7068,26,132105,0,0;
9247604800;6532008,44904,1,8413,18903,16,34532,0,0,34452,0,0,132037,7196,49,33311,10795,1,33310,0,0,32408,9630,12,32350,0,0,33290,12200,3,33301,7071,26,132105,0,0;
9348119200;6532109,44904,1,8411,18901,18,34532,0,0,34452,0,0,132037,7195,48,33311,10803,1,33310,0,0,32408,9628,12,32350,0,0,33290,12197,3,33301,7069,26,132105,0,0;
9447604400;6532208,44904,1,8414,18905,17,34532,0,0,34452,0,0,132037,7195,48,33311,10805,1,33310,0,0,32408,9631,12,32350,0,0,33290,12199,3,33301,7072,26,132105,0,0;
9547968700;6532309,44904,1,8413,18901,17,34532,0,0,34452,0,0,132037,7197,48,33311,10797,1,33310,0,0,32408,9630,11,32350,0,0,33290,12199,3,33301,7069,26,132105,0,0;
9647982500;6532409,44904,1,8411,18904,15,34532,0,0,34452,0,0,132037,7195,48,33311,10797,1,33310,0,0,32408,9629,11,32350,0,0,33290,12199,3,33301,7072,26,132105,0,0;
9748498500;6532509,44904,1,8412,18901,17,34532,0,0,34452,0,0,132037,7196,48,33311,10795,1,33310,0,0,32408,9629,11,32350,0,0,33290,12197,3,33301,7069,26,132105,0,0;
9845195700;6532606,44904,1,8414,18902,18,34532,0,0,34452,0,0,132037,7196,48,33311,10803,1,33310,0,0,32408,9630,11,32350,0,0,33290,12198,3,33301,7069,25,132105,0,0;
9948006300;6532709,44904,1,8406,18899,12,34532,0,0,34452,0,0,132037,7196,48,33311,10800,1,33310,0,0,32408,9625,11,32350,0,0,33290,12197,2,33301,7070,23,132105,0,0;
10049071100;6532810,44904,1,8411,18902,15,34532,0,0,34452,0,0,132037,7196,48,33311,10799,1,33310,0,0,32408,9629,11,32350,0,0,33290,12198,2,33301,7071,24,132105,0,0;
10147870900;6532909,44904,1,8413,18902,19,34532,0,0,34452,0,0,132037,7195,48,33311,10796,1,33310,0,0,32408,9629,11,32350,0,0,33290,12199,3,33301,7069,26,132105,0,0;
10250420800;6533011,44904,1,8409,18901,15,34532,0,0,34452,0,0,132037,7195,48,33311,10799,1,33310,0,0,32408,9627,11,32350,0,0,33290,12197,3,33301,7070,27,132105,0,0;
10344913300;6533107,44904,1,8415,18904,20,34532,0,0,34452,0,0,132037,7195,48,33311,10800,1,33310,0,0,32408,9631,10,32350,0,0,33290,12198,3,33301,7070,27,132105,0,0;
10447878700;6533209,44904,1,8413,18902,19,34532,0,0,34452,0,0,132037,7195,48,33311,10802,1,33310,0,0,32408,9629,10,32350,0,0,33290,12198,3,33301,7069,27,132105,0,0;
10548992500;6533310,44904,1,8413,18902,19,34532,0,0,34452,0,0,132037,7195,47,33311,10801,1,33310,0,0,32408,9629,11,32350,0,0,33290,12199,2,33301,7069,27,132105,0,0;
10646315000;6533408,44904,1,8411,18903,17,34532,0,0,34452,0,0,132037,7194,47,33311,10803,1,33310,0,0,32408,9628,11,32350,0,0,33290,12197,3,33301,7071,26,132105,0,0;
10749593500;6533511,44904,1,8411,18900,17,34532,0,0,34452,0,0,132037,7196,47,33311,10810,1,33310,0,0,32408,9628,11,32350,0,0,33290,12198,3,33301,7068,27,132105,0,0;
10845563500;6533606,44904,1,8407,18898,12,34532,0,0,34452,0,0,132037,7197,47,33311,10809,1,33310,0,0,32408,9626,11,32350,0,0,33290,12198,3,33301,7069,27,132105,0,0;
10946499100;6533708,44904,1,8409,18899,13,34532,0,0,34452,0,0,132037,7197,47,33311,10812,1,33310,0,0,32408,9627,11,32350,0,0,33290,12200,3,33301,7069,26,132105,0,0;
11048945100;6533810,44904,1,8409,18901,17,34532,0,0,34452,0,0,132037,7194,47,33311,10809,1,33310,0,0,32408,9626,11,32350,0,0,33290,12232,2,33301,7069,27,132105,0,0;
11144899300;6533906,44904,1,8410,18901,17,34532,0,0,34452,0,0,132037,7195,47,33311,10809,1,33310,0,0,32408,9627,10,32350,0,0,33290,12199,3,33301,7069,27,132105,0,0;
11247084400;6534008,44904,1,8404,18898,11,34532,0,0,34452,0,0,132037,7196,48,33311,10808,1,33310,0,0,32408,9624,10,32350,0,0,33290,12198,3,33301,7070,26,132105,0,0;
11347309000;6534108,44904,1,8403,18897,9,34532,0,0,34452,0,0,132037,7196,47,33311,10801,1,33310,0,0,32408,9623,10,32350,0,0,33290,12198,2,33301,7070,26,132105,0,0;
11447440400;6534208,44904,1,8410,18901,17,34532,0,0,34452,0,0,132037,7195,48,33311,10805,1,33310,0,0,32408,9627,10,32350,0,0,33290,12196,2,33301,7069,26,132105,0,0;
11548027600;6534309,44904,1,8411,18900,16,34532,0,0,34452,0,0,132037,7196,48,33311,10803,1,33310,0,0,32408,9628,10,32350,0,0,33290,12198,3,33301,7069,26,132105,0,0;
11647659300;6534409,44904,1,8409,18902,14,34532,0,0,34452,0,0,132037,7195,48,33311,10806,1,33310,0,0,32408,9627,10,32350,0,0,33290,12197,2,33301,7071,26,132105,0,0;
11747614300;6534509,44904,1,8409,18898,15,34532,0,0,34452,0,0,132037,7197,48,33311,10805,1,33310,0,0,32408,9627,11,32350,0,0,33290,12198,3,33301,7068,26,132105,0,0;
11848565100;6534609,44904,1,8411,18902,16,34532,0,0,34452,0,0,132037,7195,48,33311,10802,1,33310,0,0,32408,9628,11,32350,0,0,33290,12199,2,33301,7070,26,132105,0,0;
11947087200;6534708,44904,1,8414,18903,19,34532,0,0,34452,0,0,132037,7195,48,33311,10796,1,33310,0,0,32408,9630,11,32350,0,0,33290,12197,3,33301,7070,26,132105,0,0;
12047022000;6534808,44904,1,8406,18899,10,34532,0,0,34452,0,0,132037,7197,48,33311,10802,1,33310,0,0,32408,9626,11,32350,0,0,33290,12200,3,33301,7071,26,132105,0,0;
12147420900;6534909,44904,1,8414,18904,20,34532,0,0,34452,0,0,132037,7194,47,33311,10797,1,33310,0,0,32408,9630,10,32350,0,0,33290,12199,2,33301,7070,26,132105,0,0;
12247924900;6535009,44904,1,8409,18902,14,34532,0,0,34452,0,0,132037,7195,47,33311,10797,1,33310,0,0,32408,9627,10,32350,0,0,33290,12200,2,33301,7071,26,132105,0,0;
12347065700;6535108,44904,1,8412,18903,18,34532,0,0,34452,0,0,132037,7195,47,33311,10800,1,33310,0,0,32408,9629,11,32350,0,0,33290,12200,2,33301,7070,26,132105,0,0;
12449146400;6535210,44904,1,8409,18900,14,34532,0,0,34452,0,0,132037,7196,47,33311,10794,1,33310,0,0,32408,9627,10,32350,0,0,33290,12199,2,33301,7070,25,132105,0,0;
12546255800;6535307,44904,1,8411,18901,14,34532,0,0,34452,0,0,132037,7197,47,33311,10798,1,33310,0,0,32408,9629,10,32350,0,0,33290,12201,2,33301,7070,25,132105,0,0;
12646893500;6535408,44904,1,8408,18898,11,34532,0,0,34452,0,0,132037,7198,47,33311,10799,1,33310,0,0,32408,9627,10,32350,0,0,33290,12198,2,33301,7070,25,132105,0,0;
12746908400;6535508,44904,1,8409,18902,14,34532,0,0,34452,0,0,132037,7195,47,33311,10797,1,33310,0,0,32408,9627,9,32350,0,0,33290,12200,2,33301,7071,26,132105,0,0;
12843741100;6535605,44904,1,8404,18897,9,34532,0,0,34452,0,0,132037,7197,48,33311,10798,1,33310,0,0,32408,9624,9,32350,0,0,33290,12200,2,33301,7070,27,132105,0,0;
12947288300;6535708,44904,1,8412,18904,14,34532,0,0,34452,0,0,132037,7196,48,33311,10797,1,33310,0,0,32408,9630,9,32350,0,0,33290,12201,2,33301,7073,26,132105,0,0;
13047992000;6535809,44904,1,8410,18899,16,34532,0,0,34452,0,0,132037,7196,48,33311,10800,1,33310,0,0,32408,9627,9,32350,0,0,33290,12200,2,33301,7068,26,132105,0,0;
13147880500;6535909,44904,1,8408,18901,13,34532,0,0,34452,0,0,132037,7196,48,33311,10799,1,33310,0,0,32408,9627,9,32350,0,0,33290,12198,2,33301,7071,26,132105,0,0;
13245164600;6536007,44904,1,8410,18901,15,34532,0,0,34452,0,0,132037,7196,47,33311,10801,1,33310,0,0,32408,9628,9,32350,0,0,33290,12199,2,33301,7070,25,132105,0,0;
13346933300;6536108,44904,1,8417,18903,20,34532,0,0,34452,0,0,132037,7196,47,33311,10799,1,33310,0,0,32408,9632,9,32350,0,0,33290,12198,2,33301,7069,25,132105,0,0;
13448889000;6536210,44904,1,8410,18901,12,34532,0,0,34452,0,0,132037,7197,48,33311,10805,1,33310,0,0,32408,9629,9,32350,0,0,33290,12197,2,33301,7072,25,132105,0,0;
13546680200;6536308,44904,1,8408,18901,11,34532,0,0,34452,0,0,132037,7196,48,33311,10805,1,33310,0,0,32408,9627,9,32350,0,0,33290,12195,3,33301,7072,26,132105,0,0;
13646628300;6536408,44904,1,8412,18902,14,34532,0,0,34452,0,0,132037,7197,48,33311,10807,1,33310,0,0,32408,9630,9,32350,0,0,33290,12198,3,33301,7071,26,132105,0,0;
13748623800;6536510,44904,1,8410,18903,14,34532,0,0,34452,0,0,132037,7195,48,33311,10802,1,33310,0,0,32408,9628,9,32350,0,0,33290,12197,3,33301,7072,25,132105,0,0;
13850265500;6536611,44904,1,8406,18897,13,34532,0,0,34452,0,0,132037,7196,47,33311,10803,1,33310,0,0,32408,9624,9,32350,0,0,33290,12199,2,33301,7068,25,132105,0,0;
13946315800;6536708,44904,1,8410,18901,14,34532,0,0,34452,0,0,132037,7196,48,33311,10805,1,33310,0,0,32408,9628,9,32350,0,0,33290,12198,2,33301,7071,26,132105,0,0;
14048945900;6536811,44904,1,8414,18900,18,34532,0,0,34452,0,0,132037,7197,47,33311,10812,1,33310,0,0,32408,9630,9,32350,0,0,33290,12198,2,33301,7068,25,132105,0,0;
14144359300;6536905,44904,1,8406,18899,13,34532,0,0,34452,0,0,132037,7195,47,33311,10806,1,33310,0,0,32408,9624,9,32350,0,0,33290,12198,2,33301,7069,25,132105,0,0;
14245721200;6537008,44904,1,8409,18899,13,34532,0,0,34452,0,0,132037,7197,48,33311,10807,1,33310,0,0,32408,9627,9,32350,0,0,33290,12200,2,33301,7069,26,132105,0,0;
14346674900;6537108,44904,1,8408,18902,13,34532,0,0,34452,0,0,132037,7195,48,33311,10807,1,33310,0,0,32408,9627,9,32350,0,0,33290,12199,2,33301,7072,26,132105,0,0;
14447027500;6537208,44904,1,8405,18899,12,34532,0,0,34452,0,0,132037,7195,48,33311,10804,1,33310,0,0,32408,9624,9,32350,0,0,33290,12197,2,33301,7070,26,132105,0,0;
14546008300;6537308,44904,1,8409,18902,13,34532,0,0,34452,0,0,132037,7196,48,33311,10801,1,33310,0,0,32408,9628,9,32350,0,0,33290,12199,2,33301,7072,26,132105,0,0;
14647996800;6537410,44904,1,8408,18898,12,34532,0,0,34452,0,0,132037,7198,47,33311,10801,1,33310,0,0,32408,9627,9,32350,0,0,33290,12199,2,33301,7069,25,132105,0,0;
14746935200;6537509,44904,1,8408,18898,17,34532,0,0,34452,0,0,132037,7195,47,33311,10808,1,33310,0,0,32408,9625,9,32350,0,0,33290,12201,2,33301,7067,26,132105,0,0;
14846375600;6537608,44904,1,8409,18900,15,34532,0,0,34452,0,0,132037,7196,47,33311,10805,1,33310,0,0,32408,9627,9,32350,0,0,33290,12199,2,33301,7069,26,132105,0,0;
14946787000;6537708,44904,1,8409,18900,15,34532,0,0,34452,0,0,132037,7196,47,33311,10800,1,33310,0,0,32408,9627,9,32350,0,0,33290,12200,2,33301,7069,26,132105,0,0;
15047468800;6537809,44904,1,8410,18898,13,34532,0,0,34452,0,0,132037,7198,47,33311,10805,1,33310,0,0,32408,9628,9,32350,0,0,33290,12199,2,33301,7069,26,132105,0,0;
15146826300;6537908,44904,1,8419,18905,23,34532,0,0,34452,0,0,132037,7195,46,33311,10796,1,33310,0,0,32408,9633,9,32350,0,0,33290,12200,2,33301,7069,26,132105,0,0;
15246577800;6538008,44904,1,8408,18902,13,34532,0,0,34452,0,0,132037,7195,47,33311,10802,1,33310,0,0,32408,9627,9,32350,0,0,33290,12199,2,33301,7072,26,132105,0,0;
15344610200;6538106,44904,1,8405,18898,10,34532,0,0,34452,0,0,132037,7197,46,33311,10810,1,33310,0,0,32408,9625,9,32350,0,0,33290,12201,2,33301,7070,25,132105,0,0;
15446404900;6538208,44904,1,8410,18899,15,34532,0,0,34452,0,0,132037,7197,48,33311,10800,1,33310,0,0,32408,9628,9,32350,0,0,33290,12199,2,33301,7069,25,132105,0,0;
15546443100;6538308,44904,1,8416,18902,22,34532,0,0,34452,0,0,132037,7196,49,33311,10802,1,33310,0,0,32408,9631,10,32350,0,0,33290,12200,2,33301,7067,25,132105,0,0;
15649388700;6538412,44904,1,8408,18900,14,34532,0,0,34452,0,0,132037,7195,48,33311,10801,1,33310,0,0,32408,9626,10,32350,0,0,33290,12200,2,33301,7070,25,132105,0,0;
15748521000;6538510,44904,1,8409,18900,14,34532,0,0,34452,0,0,132037,7196,49,33311,10804,1,33310,0,0,32408,9627,10,32350,0,0,33290,12199,2,33301,7070,25,132105,0,0;
15845053000;6538607,44904,1,8413,18902,17,34532,0,0,34452,0,0,132037,7196,48,33311,10805,1,33310,0,0,32408,9630,10,32350,0,0,33290,12201,2,33301,7070,24,132105,0,0;
15946651400;6538708,44904,1,8408,18900,14,34532,0,0,34452,0,0,132037,7195,47,33311,10804,1,33310,0,0,32408,9626,10,32350,0,0,33290,0,0,33301,7070,25,132105,0,0;
16048633100;6538810,44904,1,8412,18899,20,34532,0,0,34452,0,0,132037,7195,47,33311,10802,1,33310,0,0,32408,9627,10,32350,0,0,33290,12199,2,33301,7066,25,132105,0,0;
16148124700;6538910,44904,1,8410,18901,14,34532,0,0,34452,0,0,132037,7196,47,33311,10802,1,33310,0,0,32408,9628,10,32350,0,0,33290,12198,2,33301,7071,25,132105,0,0;
16243685800;6539006,44904,1,8408,18900,14,34532,0,0,34452,0,0,132037,7195,46,33311,10803,1,33310,0,0,32408,9626,10,32350,0,0,33290,12200,2,33301,7070,25,132105,0,0;
16345554000;6539107,44904,1,8411,18901,12,34532,0,0,34452,0,0,132037,7198,48,33311,10800,1,33310,0,0,32408,9630,10,32350,0,0,33290,12198,2,33301,7072,26,132105,0,0;
16445876600;6539207,44904,1,8411,18900,18,34532,0,0,34452,0,0,132037,7195,48,33311,10798,1,33310,0,0,32408,9627,10,32350,0,0,33290,12199,2,33301,7068,26,132105,0,0;
16549377300;6539311,44904,1,8404,18899,9,34532,0,0,34452,0,0,132037,7196,48,33311,10800,1,33310,0,0,32408,9624,10,32350,0,0,33290,12201,3,33301,7071,25,132105,0,0;
16644443300;6539406,44904,1,8407,18900,12,34532,0,0,34452,0,0,132037,7196,48,33311,10795,1,33310,0,0,32408,9626,11,32350,0,0,33290,12197,3,33301,7071,25,132105,0,0;
16745486700;6539507,44904,1,8406,18900,10,34532,0,0,34452,0,0,132037,7196,48,33311,10795,1,33310,0,0,32408,9626,11,32350,0,0,33290,0,0,33301,7072,26,132105,0,0;
16845665200;6539608,44904,1,8410,18901,15,34532,0,0,34452,0,0,132037,7196,48,33311,10801,1,33310,0,0,32408,9628,10,32350,0,0,33290,12200,3,33301,7070,26,132105,0,0;
16946126500;6539708,44904,1,8409,18902,14,34532,0,0,34452,0,0,132037,7195,48,33311,10799,1,33310,0,0,32408,9627,10,32350,0,0,33290,12199,3,33301,7071,26,132105,0,0;
17045190000;6539808,44904,1,8408,18900,11,34532,0,0,34452,0,0,132037,7197,47,33311,10801,1,33310,0,0,32408,9627,10,32350,0,0,33290,12199,3,33301,7071,26,132105,0,0;
17144955800;6539907,44904,1,8411,18903,14,34532,0,0,34452,0,0,132037,7196,48,33311,10803,1,33310,0,0,32408,9629,10,32350,0,0,33290,12198,3,33301,7072,26,132105,0,0;
17247926900;6540010,44904,1,8407,18901,13,34532,0,0,34452,0,0,132037,7195,48,33311,10800,1,33310,0,0,32408,9626,10,32350,0,0,33290,12198,3,33301,7071,25,132105,0,0;
17346361800;6540108,44904,1,8411,18900,16,34532,0,0,34452,0,0,132037,7196,47,33311,10797,1,33310,0,0,32408,9628,10,32350,0,0,33290,12198,3,33301,7069,26,132105,0,0;
17446328400;6540208,44904,1,8409,18901,15,34532,0,0,34452,0,0,132037,7195,47,33311,10800,1,33310,0,0,32408,9627,10,32350,0,0,33290,12198,3,33301,7070,26,132105,0,0;
17548403700;6540310,44904,1,8410,18900,13,34532,0,0,34452,0,0,132037,7197,47,33311,10802,1,33310,0,0,32408,9628,10,32350,0,0,33290,12199,3,33301,7070,25,132105,0,0;
17643236100;6540405,44904,1,8412,18902,13,34532,0,0,34452,0,0,132037,7197,47,33311,10802,1,33310,0,0,32408,9630,10,32350,0,0,33290,12198,3,33301,7072,25,132105,0,0;
17746546100;6540508,44904,1,8412,18903,18,34532,0,0,34452,0,0,132037,7195,47,33311,10802,1,33310,0,0,32408,9629,10,32350,0,0,33290,12199,3,33301,7070,25,132105,0,0;
17846545600;6540609,44904,1,8409,18902,14,34532,0,0,34452,0,0,132037,7195,47,33311,10796,1,33310,0,0,32408,9627,10,32350,0,0,33290,12198,3,33301,7071,25,132105,0,0;
17946827800;6540709,44904,1,8406,18898,13,34532,0,0,34452,0,0,132037,7196,47,33311,10800,1,33310,0,0,32408,9625,9,32350,0,0,33290,12200,3,33301,7069,25,132105,0,0;
18048564000;6540810,44904,1,8407,18899,8,34532,0,0,34452,0,0,132037,7198,47,33311,10796,1,33310,0,0,32408,9627,9,32350,0,0,33290,12200,3,33301,7072,25,132105,0,0;
18143089500;6540905,44904,1,8410,18901,14,34532,0,0,34452,0,0,132037,7196,46,33311,10795,1,33310,0,0,32408,9628,9,32350,0,0,33290,0,0,33301,7071,25,132105,0,0;
18246234900;6541008,44904,1,8404,18898,12,34532,0,0,34452,0,0,132037,7195,45,33311,10798,1,33310,0,0,32408,9623,8,32350,0,0,33290,12199,2,33301,7069,25,132105,0,0;
18346005900;6541108,44904,1,8407,18900,12,34532,0,0,34452,0,0,132037,7196,46,33311,10801,1,33310,0,0,32408,9626,8,32350,0,0,33290,12200,2,33301,7071,26,132105,0,0;
18442488900;6541205,44904,1,8409,18900,14,34532,0,0,34452,0,0,132037,7196,46,33311,10801,1,33310,0,0,32408,9627,9,32350,0,0,33290,12199,2,33301,7070,25,132105,0,0;
18545892800;6541308,44904,1,8406,18899,10,34532,0,0,34452,0,0,132037,7197,46,33311,10801,1,33310,0,0,32408,9626,9,32350,0,0,33290,12198,2,33301,7071,26,132105,0,0;
18646513600;6541409,44904,1,8408,18899,12,34532,0,0,34452,0,0,132037,7197,46,33311,10801,1,33310,0,0,32408,9627,9,32350,0,0,33290,12198,2,33301,7070,26,132105,0,0;
18746362000;6541508,44904,1,8409,18900,15,34532,0,0,34452,0,0,132037,7196,46,33311,10800,1,33310,0,0,32408,9627,9,32350,0,0,33290,12198,3,33301,7069,26,132105,0,0;
18845999800;6541608,44904,1,8409,18900,14,34532,0,0,34452,0,0,132037,7196,47,33311,10804,1,33310,0,0,32408,9627,10,32350,0,0,33290,12198,2,33301,7070,26,132105,0,0;
18945015300;6541707,44904,1,8415,18904,19,34532,0,0,34452,0,0,132037,7195,47,33311,10804,1,33310,0,0,32408,9631,9,32350,0,0,33290,12198,3,33301,7071,26,132105,0,0;
19045518400;6541807,44904,1,8410,18901,12,34532,0,0,34452,0,0,132037,7197,47,33311,10800,1,33310,0,0,32408,9629,9,32350,0,0,33290,12199,3,33301,7072,26,132105,0,0;
19147968100;6541910,44904,1,8409,18900,15,34532,0,0,34452,0,0,132037,7196,47,33311,10804,1,33310,0,0,32408,9627,9,32350,0,0,33290,12197,3,33301,7069,25,132105,0,0;
19243500900;6542006,44904,1,8406,18900,10,34532,0,0,34452,0,0,132037,7196,47,33311,10802,1,33310,0,0,32408,9626,9,32350,0,0,33290,12196,3,33301,7072,25,132105,0,0;
19447492900;6542210,44904,1,8409,18900,15,34532,0,0,34452,0,0,132037,7195,47,33311,10800,1,33310,0,0,32408,9626,9,32350,0,0,33290,12198,3,33301,7069,25,132105,0,0;
19547427400;6542310,44904,1,8409,18900,14,34532,0,0,34452,0,0,132037,7196,47,33311,10794,1,33310,0,0,32408,9627,9,32350,0,0,33290,12197,3,33301,7070,25,132105,0,0;
19648504600;6542411,44904,1,8411,18902,15,34532,0,0,34452,0,0,132037,7196,47,33311,10798,1,33310,0,0,32408,9629,9,32350,0,0,33290,12197,3,33301,7071,25,132105,0,0;
19743816600;6542506,44904,1,8408,18899,12,34532,0,0,34452,0,0,132037,7197,48,33311,10796,1,33310,0,0,32408,9627,9,32350,0,0,33290,12195,3,33301,7070,25,132105,0,0;
19847372600;6542609,44904,1,8405,18899,12,34532,0,0,34452,0,0,132037,7195,47,33311,10795,1,33310,0,0,32408,9624,9,32350,0,0,33290,12196,3,33301,7070,25,132105,0,0;
19946146800;6542709,44904,1,8410,18901,14,34532,0,0,34452,0,0,132037,7196,47,33311,10793,1,33310,0,0,32408,9628,8,32350,0,0,33290,12195,3,33301,7071,25,132105,0,0;
20046893500;6542809,44904,1,8403,18898,7,34532,0,0,34452,0,0,132037,7197,48,33311,10793,1,33310,0,0,32408,9624,9,32350,0,0,33290,12196,3,33301,7072,25,132105,0,0;
20148571200;6542911,44904,1,8408,18901,11,34532,0,0,34452,0,0,132037,7196,48,33311,10796,1,33310,0,0,32408,9627,9,32350,0,0,33290,12195,3,33301,7072,25,132105,0,0;
20249237400;6543012,44904,1,8407,18899,13,34532,0,0,34452,0,0,132037,7196,48,33311,10798,1,33310,0,0,32408,9626,9,32350,0,0,33290,12197,3,33301,7070,25,132105,0,0;
20345373200;6543107,44904,1,8412,18903,16,34532,0,0,34452,0,0,132037,7195,47,33311,10795,1,33310,0,0,32408,9629,9,32350,0,0,33290,12197,3,33301,7071,24,132105,0,0;
20446559300;6543209,44904,1,8408,18901,13,34532,0,0,34452,0,0,132037,7196,47,33311,10798,1,33310,0,0,32408,9627,9,32350,0,0,33290,12197,3,33301,7071,24,132105,0,0;
20547268900;6543309,44904,1,8407,18899,13,34532,0,0,34452,0,0,132037,7196,47,33311,10792,1,33310,0,0,32408,9626,8,32350,0,0,33290,12194,3,33301,7070,24,132105,0,0;
20648229800;6543410,44904,1,8409,18901,17,34532,0,0,34452,0,0,132037,7194,47,33311,10793,1,33310,0,0,32408,9626,8,32350,0,0,33290,12197,3,33301,7069,25,132105,0,0;
20745524000;6543508,44904,1,8406,18899,12,34532,0,0,34452,0,0,132037,7196,47,33311,10792,1,33310,0,0,32408,9625,8,32350,0,0,33290,12195,3,33301,7070,26,132105,0,0;
20842650500;6543605,44904,1,8409,18898,15,34532,0,0,34452,0,0,132037,7197,48,33311,10790,1,33310,0,0,32408,9627,8,32350,0,0,33290,12196,3,33301,7068,25,132105,0,0;
20945782800;6543708,44904,1,8410,18902,15,34532,0,0,34452,0,0,132037,7195,48,33311,10792,1,33310,0,0,32408,9628,8,32350,0,0,33290,12231,3,33301,7071,24,132105,0,0;
21049063600;6543811,44904,1,8405,18899,12,34532,0,0,34452,0,0,132037,7195,48,33311,10796,1,33310,0,0,32408,9624,8,32350,0,0,33290,12198,3,33301,7070,24,132105,0,0;
21146473300;6543909,44904,1,8406,18899,12,34532,0,0,34452,0,0,132037,7196,48,33311,10796,1,33310,0,0,32408,9625,8,32350,0,0,33290,12197,3,33301,7070,25,132105,0,0;
21241928100;6544005,44904,1,8409,18900,15,34532,0,0,34452,0,0,132037,7196,48,33311,10794,1,33310,0,0,32408,9627,8,32350,0,0,33290,12197,3,33301,7069,25,132105,0,0;
21345869600;6544108,44904,1,8406,18900,12,34532,0,0,34452,0,0,132037,7195,47,33311,10794,1,33310,0,0,32408,9625,8,32350,0,0,33290,12198,3,33301,7071,25,132105,0,0;
21446217400;6544209,44904,1,8407,18900,12,34532,0,0,34452,0,0,132037,7196,47,33311,10793,1,33310,0,0,32408,9626,8,32350,0,0,33290,12195,3,33301,7071,25,132105,0,0;
21547113900;6544309,44904,1,8406,18900,10,34532,0,0,34452,0,0,132037,7196,48,33311,10792,1,33310,0,0,32408,9626,8,32350,0,0,33290,12197,3,33301,7072,25,132105,0,0;
21645080800;6544407,44904,1,8410,18902,15,34532,0,0,34452,0,0,132037,7195,48,33311,10790,1,33310,0,0,32408,9628,8,32350,0,0,33290,12198,3,33301,7071,26,132105,0,0;
21748663200;6544511,44904,1,8409,18900,15,34532,0,0,34452,0,0,132037,7195,47,33311,10791,1,33310,0,0,32408,9626,8,32350,0,0,33290,12198,3,33301,7069,25,132105,0,0;
21843187900;6544605,44904,1,8408,18902,13,34532,0,0,34452,0,0,132037,7195,48,33311,10794,1,33310,0,0,32408,9627,8,32350,0,0,33290,12198,3,33301,7072,25,132105,0,0;
21945605200;6544708,44904,1,8410,18900,13,34532,0,0,34452,0,0,132037,7197,48,33311,10793,1,33310,0,0,32408,9628,9,32350,0,0,33290,12199,2,33301,7070,25,132105,0,0;
22047439200;6544810,44904,1,8408,18900,14,34532,0,0,34452,0,0,132037,7195,47,33311,10798,1,33310,0,0,32408,9626,9,32350,0,0,33290,12197,3,33301,7070,25,132105,0,0;
22145078600;6544907,44904,1,8406,18897,13,34532,0,0,34452,0,0,132037,7196,48,33311,10791,1,33310,0,0,32408,9624,9,32350,0,0,33290,12197,3,33301,7068,26,132105,0,0;
22245453300;6545008,44904,1,8406,18900,12,34532,0,0,34452,0,0,132037,7195,47,33311,10792,1,33310,0,0,32408,9625,9,32350,0,0,33290,12198,2,33301,7071,26,132105,0,0;
22345615300;6545108,44904,1,8412,18902,16,34532,0,0,34452,0,0,132037,7196,47,33311,10793,1,33310,0,0,32408,9629,9,32350,0,0,33290,12196,3,33301,7070,26,132105,0,0;
22447323200;6545210,44904,1,8407,18899,13,34532,0,0,34452,0,0,132037,7196,47,33311,10795,1,33310,0,0,32408,9626,9,32350,0,0,33290,12196,3,33301,7070,27,132105,0,0;
22542575000;6545305,44904,1,8407,18900,12,34532,0,0,34452,0,0,132037,7196,47,33311,10793,1,33310,0,0,32408,9626,9,32350,0,0,33290,12198,3,33301,7071,28,132105,0,0;
22644554200;6545407,44904,1,8414,18902,18,34532,0,0,34452,0,0,132037,7196,47,33311,10794,1,33310,0,0,32408,9630,9,32350,0,0,33290,12198,2,33301,7069,27,132105,0,0;
22744741100;6545507,44904,1,8405,18899,10,34532,0,0,34452,0,0,132037,7196,47,33311,10789,1,33310,0,0,32408,9625,9,32350,0,0,33290,12196,3,33301,7071,25,132105,0,0;
22846552800;6545609,44904,1,8407,18900,12,34532,0,0,34452,0,0,132037,7196,48,33311,10792,1,33310,0,0,32408,9626,9,32350,0,0,33290,12198,3,33301,7071,24,132105,0,0;
22947599400;6545710,44904,1,8401,18897,7,34532,0,0,34452,0,0,132037,7196,47,33311,10791,1,33310,0,0,32408,9622,10,32350,0,0,33290,12197,3,33301,7071,24,132105,0,0;
23042461600;6545805,44904,1,8408,18901,13,34532,0,0,34452,0,0,132037,7196,47,33311,10797,1,33310,0,0,32408,9627,9,32350,0,0,33290,12197,2,33301,7071,25,132105,0,0;
23145016800;6545908,44904,1,8409,18900,15,34532,0,0,34452,0,0,132037,7195,47,33311,10791,1,33310,0,0,32408,9626,9,32350,0,0,33290,12198,2,33301,7069,26,132105,0,0;
23242006700;6546005,44904,1,8409,18900,15,34532,0,0,34452,0,0,132037,7196,48,33311,10793,1,33310,0,0,32408,9627,9,32350,0,0,33290,12199,2,33301,7069,27,132105,0,0;
23345059900;6546107,44904,1,8408,18902,13,34532,0,0,34452,0,0,132037,7195,47,33311,10798,1,33310,0,0,32408,9627,10,32350,0,0,33290,12198,2,33301,7072,25,132105,0,0;
23445493400;6546208,44904,1,8409,18899,13,34532,0,0,34452,0,0,132037,7197,48,33311,10799,1,33310,0,0,32408,9627,10,32350,0,0,33290,12198,2,33301,7069,26,132105,0,0;
23541881600;6546305,44904,1,8411,18900,16,34532,0,0,34452,0,0,132037,7196,47,33311,10799,1,33310,0,0,32408,9628,10,32350,0,0,33290,0,0,33301,7069,25,132105,0,0;
23645122300;6546407,44904,1,8408,18899,14,34532,0,0,34452,0,0,132037,7196,48,33311,10799,1,33310,0,0,32408,9626,10,32350,0,0,33290,12200,2,33301,7069,26,132105,0,0;
23741971100;6546505,44904,1,8405,18900,9,34532,0,0,34452,0,0,132037,7196,47,33311,10803,1,33310,0,0,32408,9625,10,32350,0,0,33290,12200,2,33301,7072,25,132105,0,0;
23844839500;6546607,44904,1,8408,18902,13,34532,0,0,34452,0,0,132037,7195,47,33311,10799,1,33310,0,0,32408,9627,10,32350,0,0,33290,12200,2,33301,7072,26,132105,0,0;
23944945600;6546708,44904,1,8415,18904,19,34532,0,0,34452,0,0,132037,7195,47,33311,10802,1,33310,0,0,32408,9631,10,32350,0,0,33290,12200,2,33301,7071,26,132105,0,0;
24045268900;6546808,44904,1,8407,18900,12,34532,0,0,34452,0,0,132037,7196,48,33311,10802,1,33310,0,0,32408,9626,10,32350,0,0,33290,12199,2,33301,7071,26,132105,0,0;
24145283200;6546908,44904,1,8408,18898,11,34532,0,0,34452,0,0,132037,7198,47,33311,10803,1,33310,0,0,32408,9627,10,32350,0,0,33290,12198,2,33301,7070,26,132105,0,0;
24242956100;6547005,44904,1,8413,18901,17,34532,0,0,34452,0,0,132037,7197,47,33311,10804,1,33310,0,0,32408,9630,10,32350,0,0,33290,12199,2,33301,7069,25,132105,0,0;
24344975100;6547108,44904,1,8404,18897,10,34532,0,0,34452,0,0,132037,7197,47,33311,10805,1,33310,0,0,32408,9624,10,32350,0,0,33290,12198,2,33301,7069,25,132105,0,0;
24445424100;6547208,44904,1,8413,18903,16,34532,0,0,34452,0,0,132037,7196,47,33311,10800,1,33310,0,0,32408,9630,11,32350,0,0,33290,12198,2,33301,7071,25,132105,0,0;
24546667700;6547309,44904,1,8411,18900,16,34532,0,0,34452,0,0,132037,7196,47,33311,10801,1,33310,0,0,32408,9628,11,32350,0,0,33290,12199,3,33301,7069,25,132105,0,0;
24647286500;6547411,44904,1,8410,18901,17,34532,0,0,34452,0,0,132037,7195,47,33311,10804,1,33310,0,0,32408,9627,10,32350,0,0,33290,12200,2,33301,7069,24,132105,0,0;
24743110700;6547506,44904,1,8407,18899,13,34532,0,0,34452,0,0,132037,7196,46,33311,10800,0,33310,0,0,32408,9626,10,32350,0,0,33290,12198,2,33301,7070,25,132105,0,0;
24845590300;6547609,44904,1,8442,18915,39,34532,0,0,34452,0,0,132037,7196,46,33311,10807,1,33310,0,0,32408,0,0,32350,0,0,33290,12198,3,33301,7069,25,132105,0,0;
24946163600;6547709,44904,1,8411,18903,17,34532,0,0,34452,0,0,132037,7194,47,33311,10807,1,33310,0,0,32408,9628,10,32350,0,0,33290,12197,3,33301,7071,25,132105,0,0;
25047159700;6547809,44904,1,8408,18901,13,34532,0,0,34452,0,0,132037,7196,47,33311,10803,1,33310,0,0,32408,9627,10,32350,0,0,33290,12196,3,33301,7071,25,132105,0,0;
25146879800;6547910,44904,1,8408,18901,11,34532,0,0,34452,0,0,132037,7196,47,33311,10803,1,33310,0,0,32408,9627,10,32350,0,0,33290,12198,3,33301,7072,25,132105,0,0;
25244279000;6548007,44904,1,8409,18900,15,34532,0,0,34452,0,0,132037,7196,47,33311,10805,1,33310,0,0,32408,9627,10,32350,0,0,33290,12196,3,33301,7069,25,132105,0,0;
25344773400;6548108,44904,1,8411,18901,18,34532,0,0,34452,0,0,132037,7195,47,33311,10804,0,33310,0,0,32408,9628,10,32350,0,0,33290,12196,3,33301,7069,24,132105,0,0;
25445871400;6548209,44904,1,8411,18902,15,34532,0,0,34452,0,0,132037,7196,46,33311,10811,1,33310,0,0,32408,9629,10,32350,0,0,33290,12199,3,33301,7071,24,132105,0,0;
25546354900;6548309,44904,1,8407,18900,12,34532,0,0,34452,0,0,132037,7196,47,33311,10804,1,33310,0,0,32408,9626,10,32350,0,0,33290,12196,3,33301,7071,25,132105,0,0;
25642097100;6548405,44904,1,8409,18901,15,34532,0,0,34452,0,0,132037,7195,47,33311,10809,1,33310,0,0,32408,9627,10,32350,0,0,33290,12199,3,33301,7070,25,132105,0,0;
25743976500;6548507,44904,1,8411,18902,15,34532,0,0,34452,0,0,132037,7196,47,33311,10805,1,33310,0,0,32408,9629,10,32350,0,0,33290,12198,2,33301,7071,25,132105,0,0;
25845492900;6548609,44904,1,8409,18901,17,34532,0,0,34452,0,0,132037,7194,47,33311,10804,1,33310,0,0,32408,9626,10,32350,0,0,33290,12197,2,33301,7069,25,132105,0,0;
25945570700;6548709,44904,1,8408,18902,13,34532,0,0,34452,0,0,132037,7195,47,33311,10808,1,33310,0,0,32408,9627,10,32350,0,0,33290,12197,3,33301,7072,25,132105,0,0;
26041272500;6548804,44904,1,8407,18899,13,34532,0,0,34452,0,0,132037,7196,47,33311,10803,1,33310,0,0,32408,9626,10,32350,0,0,33290,12199,2,33301,7070,25,132105,0,0;
26143235600;6548906,44904,1,8408,18899,14,34532,0,0,34452,0,0,132037,7196,47,33311,10804,1,33310,0,0,32408,9626,10,32350,0,0,33290,12198,2,33301,7069,25,132105,0,0;
26244596300;6549007,44904,1,8410,18901,14,34532,0,0,34452,0,0,132037,7196,47,33311,10806,1,33310,0,0,32408,9628,10,32350,0,0,33290,12197,3,33301,7071,26,132105,0,0;
26344615000;6549107,44904,1,8408,18902,13,34532,0,0,34452,0,0,132037,7195,46,33311,10800,0,33310,0,0,32408,9627,10,32350,0,0,33290,12198,3,33301,7072,26,132105,0,0;
26440872000;6549204,44904,1,8406,18902,11,34532,0,0,34452,0,0,132037,7195,46,33311,10801,1,33310,0,0,32408,9626,10,32350,0,0,33290,12196,2,33301,7073,27,132105,0,0;
26544439100;6549307,44904,1,8414,18903,20,34532,0,0,34452,0,0,132037,7194,47,33311,10804,0,33310,0,0,32408,9629,10,32350,0,0,33290,12198,3,33301,7069,27,132105,0,0;
26644570300;6549407,44904,1,8413,18902,19,34532,0,0,34452,0,0,132037,7195,47,33311,10803,1,33310,0,0,32408,9629,10,32350,0,0,33290,12196,3,33301,7069,26,132105,0,0;
26744676500;6549507,44904,1,8409,18900,14,34532,0,0,34452,0,0,132037,7196,47,33311,10805,0,33310,0,0,32408,9627,10,32350,0,0,33290,12197,2,33301,7070,26,132105,0,0;
26840852500;6549604,44904,1,8409,18900,14,34532,0,0,34452,0,0,132037,7196,47,33311,10801,1,33310,12281,0,32408,9627,9,32350,0,0,33290,12197,2,33301,7070,25,132105,0,0;
26944373000;6549707,44904,1,8407,18899,13,34532,0,0,34452,0,0,132037,7196,48,33311,10801,1,33310,0,0,32408,9626,9,32350,0,0,33290,12197,2,33301,7070,24,132105,0,0;
27045180300;6549809,44904,1,8411,18902,16,34532,0,0,34452,0,0,132037,7195,47,33311,10802,1,33310,12225,0,32408,9628,9,32350,0,0,33290,12197,2,33301,7070,24,132105,0,0;
27145573000;6549909,44904,1,8409,18902,11,34532,0,0,34452,0,0,132037,7196,48,33311,10804,1,33310,11627,0,32408,9628,9,32350,0,0,33290,12199,2,33301,7073,24,132105,0,0;
27245493000;6550009,44904,1,8411,18902,15,34532,0,0,34452,0,0,132037,7196,48,33311,10807,1,33310,11636,0,32408,9629,9,32350,0,0,33290,12197,2,33301,7071,24,132105,0,0;
27343436800;6550107,44904,1,8403,18897,11,34532,0,0,34452,0,0,132037,7195,48,33311,10801,1,33310,12208,0,32408,9622,9,32350,0,0,33290,12200,2,33301,7069,24,132105,0,0;
27443290400;6550207,44904,1,8409,18902,13,34532,0,0,34452,0,0,132037,7196,48,33311,10811,1,33310,12185,0,32408,9628,9,32350,0,0,33290,12197,2,33301,7072,24,132105,0,0;
27544731100;6550309,44904,1,8412,18904,18,34532,0,0,34452,0,0,132037,7194,48,33311,10807,1,33310,11641,0,32408,9629,9,32350,0,0,33290,12198,2,33301,7071,24,132105,0,0;
27645601700;6550408,44904,1,8405,18900,9,34532,0,0,34452,0,0,132037,7196,48,33311,10809,1,33310,11636,0,32408,9625,9,32350,0,0,33290,12199,2,33301,7072,25,132105,0,0;
27741292100;6550504,44904,1,8416,18904,18,34532,0,0,34452,0,0,132037,7196,48,33311,10811,1,33310,11624,0,32408,9632,9,32350,0,0,33290,12198,2,33301,7071,25,132105,0,0;
27842747300;6550606,44904,1,8409,18901,17,34532,0,0,34452,0,0,132037,7194,48,33311,10812,1,33310,11622,0,32408,9626,9,32350,0,0,33290,12197,2,33301,7069,25,132105,0,0;
27944508100;6550708,44904,1,8413,18903,16,34532,0,0,34452,0,0,132037,7196,47,33311,10813,1,33310,11613,0,32408,9630,8,32350,0,0,33290,12197,2,33301,7071,25,132105,0,0;
28045291600;6550808,44904,1,8405,18899,10,34532,0,0,34452,0,0,132037,7196,48,33311,10808,1,33310,11602,0,32408,9625,9,32350,0,0,33290,12198,2,33301,7071,25,132105,0,0;
28145883500;6550909,44904,1,8409,18900,15,34532,0,0,34452,0,0,132037,7195,48,33311,10807,0,33310,11603,0,32408,9626,9,32350,0,0,33290,12199,3,33301,7069,25,132105,0,0;
28242913700;6551007,44904,1,8407,18901,13,34532,0,0,34452,0,0,132037,7195,48,33311,10802,1,33310,11592,0,32408,9626,9,32350,0,0,33290,12198,3,33301,7071,26,132105,0,0;
28342670600;6551106,44904,1,8407,18898,12,34532,0,0,34452,0,0,132037,7197,48,33311,10809,1,33310,11618,0,32408,9626,9,32350,0,0,33290,12199,2,33301,7069,26,132105,0,0;
28446513300;6551210,44904,1,8407,18901,13,34532,0,0,34452,0,0,132037,7195,48,33311,10802,1,33310,11624,0,32408,9626,10,32350,0,0,33290,12197,3,33301,7071,25,132105,0,0;
28541666700;6551305,44904,1,8407,18900,13,34532,0,0,34452,0,0,132037,7195,48,33311,10805,1,33310,11635,0,32408,9625,10,32350,0,0,33290,12196,2,33301,7070,25,132105,0,0;
28642606500;6551406,44904,1,8407,18901,12,34532,0,0,34452,0,0,132037,7195,48,33311,10800,1,33310,12045,0,32408,9626,10,32350,0,0,33290,12198,3,33301,7072,25,132105,0,0;
28744622400;6551508,44904,1,8408,18901,13,34532,0,0,34452,0,0,132037,7196,49,33311,10799,1,33310,11626,0,32408,9627,10,32350,0,0,33290,12195,3,33301,7071,25,132105,0,0;
28844481900;6551608,44904,1,8410,18902,17,34532,0,0,34452,0,0,132037,7194,49,33311,10802,1,33310,11656,0,32408,9627,10,32350,0,0,33290,12196,3,33301,7070,25,132105,0,0;
28943710100;6551707,44904,1,8406,18900,14,34532,0,0,34452,0,0,132037,7194,49,33311,10798,1,33310,11657,0,32408,9624,10,32350,0,0,33290,12196,3,33301,7070,26,132105,0,0;
29044992300;6551809,44904,1,8407,18901,15,34532,0,0,34452,0,0,132037,7194,49,33311,10798,1,33310,0,0,32408,9625,10,32350,0,0,33290,12199,3,33301,7070,25,132105,0,0;
29145494000;6551909,44904,1,8413,18902,19,34532,0,0,34452,0,0,132037,7195,49,33311,10803,1,33310,0,0,32408,9629,10,32350,0,0,33290,12196,3,33301,7069,25,132105,0,0;
29241973200;6552006,44904,1,8410,18902,17,34532,0,0,34452,0,0,132037,7194,49,33311,10796,1,33310,0,0,32408,9627,10,32350,0,0,33290,12195,3,33301,7070,25,132105,0,0;
29344527000;6552108,44904,1,8412,18903,18,34532,0,0,34452,0,0,132037,7195,49,33311,10802,1,33310,0,0,32408,9629,10,32350,0,0,33290,12197,3,33301,7070,24,132105,0,0;
29445246700;6552209,44904,1,8414,18902,18,34532,0,0,34452,0,0,132037,7196,49,33311,10803,1,33310,12249,0,32408,9630,10,32350,0,0,33290,12198,3,33301,7069,24,132105,0,0;
29540712900;6552304,44904,1,8412,18903,16,34532,0,0,34452,0,0,132037,7195,48,33311,10798,1,33310,12216,0,32408,9629,10,32350,0,0,33290,12197,2,33301,7071,23,132105,0,0;
29643250700;6552407,44904,1,8410,18901,15,34532,0,0,34452,0,0,132037,7196,49,33311,10800,1,33310,12208,0,32408,9628,10,32350,0,0,33290,12198,3,33301,7070,23,132105,0,0;
29744193800;6552508,44904,1,8408,18902,13,34532,0,0,34452,0,0,132037,7195,48,33311,10798,1,33310,11625,0,32408,9627,10,32350,0,0,33290,12196,3,33301,7072,23,132105,0,0;
29844540800;6552608,44904,1,8411,18903,17,34532,0,0,34452,0,0,132037,7194,48,33311,10801,1,33310,0,0,32408,9628,10,32350,0,0,33290,12195,3,33301,7071,23,132105,0,0;
29940363600;6552704,44904,1,8407,18900,13,34532,0,0,34452,0,0,132037,7195,48,33311,10795,1,33310,11593,0,32408,9625,10,32350,0,0,33290,12196,3,33301,7070,23,132105,0,0;
30043676200;6552807,44904,1,8411,18902,16,34532,0,0,34452,0,0,132037,7195,48,33311,10797,1,33310,0,0,32408,9628,10,32350,0,0,33290,12197,3,33301,7070,23,132105,0,0;
30144625900;6552908,44904,1,8409,18902,13,34532,0,0,34452,0,0,132037,7196,48,33311,10799,1,33310,0,0,32408,9628,10,32350,0,0,33290,12230,3,33301,7072,23,132105,0,0;
30243709800;6553008,44904,1,8411,18902,16,34532,0,0,34452,0,0,132037,7195,47,33311,10799,1,33310,0,0,32408,9628,11,32350,0,0,33290,12196,3,33301,7070,24,132105,0,0;
30443261100;6553207,44904,1,8410,18903,16,34532,0,0,34452,0,0,132037,7194,48,33311,10797,1,33310,0,0,32408,9627,10,32350,0,0,33290,12195,3,33301,7071,24,132105,0,0;
30544144900;6553308,44904,1,8407,18900,12,34532,0,0,34452,0,0,132037,7196,48,33311,10796,1,33310,0,0,32408,9626,10,32350,0,0,33290,12197,3,33301,7071,24,132105,0,0;
30644746700;6553408,44904,1,8408,18901,13,34532,0,0,34452,0,0,132037,7196,49,33311,10803,1,33310,0,0,32408,9627,10,32350,0,0,33290,12196,3,33301,7071,24,132105,0,0;
30745813600;6553510,44904,1,8409,18902,14,34532,0,0,34452,0,0,132037,7195,49,33311,10804,1,33310,0,0,32408,9627,11,32350,0,0,33290,12197,3,33301,7071,24,132105,0,0;
30841739700;6553605,44904,1,8409,18902,14,34532,0,0,34452,0,0,132037,7195,49,33311,10809,1,33310,0,0,32408,9627,11,32350,0,0,33290,12195,3,33301,7071,24,132105,0,0;
30944065800;6553708,44904,1,8409,18902,13,34532,0,0,34452,0,0,132037,7196,49,33311,10805,1,33310,0,0,32408,9628,11,32350,0,0,33290,12197,3,33301,7072,24,132105,0,0;
31044336600;6553808,44904,1,8411,18902,16,34532,0,0,34452,0,0,132037,7195,48,33311,10803,1,33310,0,0,32408,9628,11,32350,0,0,33290,0,0,33301,7070,25,132105,0,0;
