6987341300;7187543,44904,1,8290,17337,69,34532,0,0,34452,0,0,132037,8093,30,33311,9867,4,33310,10065,0,32408,9493,8,32350,0,0,33290,10783,5,33301,5781,59,132105,0,0;
7089491100;7187644,44904,1,8288,17337,67,34532,0,0,34452,0,0,132037,8093,30,33311,9867,4,33310,10066,0,32408,9492,8,32350,0,0,33290,10785,5,33301,5782,59,132105,0,0;
7181467800;7187737,44904,1,8290,17339,70,34532,0,0,34452,0,0,132037,8091,29,33311,9869,4,33310,10081,0,32408,9492,8,32350,0,0,33290,10786,5,33301,5781,58,132105,0,0;
7284962600;7187841,44904,1,8286,17337,65,34532,0,0,34452,0,0,132037,8093,30,33311,9865,4,33310,10066,0,32408,9491,9,32350,0,0,33290,10786,5,33301,5783,59,132105,0,0;
7388358500;7187943,44904,1,8283,17335,63,34532,0,0,34452,0,0,132037,8093,30,33311,9867,4,33310,10076,0,32408,9489,9,32350,0,0,33290,10785,5,33301,5783,59,132105,0,0;
7488298600;7188043,44904,1,8338,17292,201,34532,0,0,34452,0,0,132037,8093,30,33311,9867,4,33310,0,0,32408,9491,9,32350,0,0,33290,10786,5,33301,0,0,132105,0,0;
7582283200;7188138,44904,1,8288,17339,70,34532,0,0,34452,0,0,132037,8090,30,33311,9867,4,33310,0,0,32408,9490,9,32350,0,0,33290,10786,5,33301,5781,59,132105,0,0;
7685893900;7188241,44904,1,8285,17335,64,34532,0,0,34452,0,0,132037,8094,30,33311,9868,4,33310,10066,0,32408,9490,9,32350,0,0,33290,10785,5,33301,5782,59,132105,0,0;
7786961600;7188342,44904,1,8291,17337,67,34532,0,0,34452,0,0,132037,8094,30,33311,9869,4,33310,10074,0,32408,9494,9,32350,0,0,33290,10786,5,33301,5782,59,132105,0,0;
7888095500;7188443,44904,1,8287,17338,67,34532,0,0,34452,0,0,132037,8092,31,33311,9867,4,33310,10070,0,32408,9491,9,32350,0,0,33290,10785,5,33301,5782,59,132105,0,0;
7983522600;7188539,44904,1,8283,17335,66,34532,0,0,34452,0,0,132037,8092,31,33311,9868,4,33310,10072,0,32408,9488,9,32350,0,0,33290,10785,5,33301,5781,60,132105,0,0;
8085916200;7188641,44904,1,8288,17337,66,34532,0,0,34452,0,0,132037,8093,31,33311,9866,4,33310,10076,0,32408,9492,9,32350,0,0,33290,10786,5,33301,5783,59,132105,0,0;
8188584000;7188744,44904,1,8286,17337,66,34532,0,0,34452,0,0,132037,8092,32,33311,9867,4,33310,10074,0,32408,9490,9,32350,0,0,33290,10785,5,33301,5782,59,132105,0,0;
8287697100;7188843,44904,1,8285,17336,65,34532,0,0,34452,0,0,132037,8093,31,33311,9868,4,33310,10059,1,32408,9490,9,32350,0,0,33290,10785,5,33301,5782,59,132105,0,0;
8382414900;7188938,44904,1,8282,17335,63,34532,0,0,34452,0,0,132037,8093,31,33311,9867,4,33310,10081,0,32408,9488,9,32350,0,0,33290,10786,5,33301,5783,59,132105,0,0;
8484772100;7189040,44904,1,8282,17336,66,34532,0,0,34452,0,0,132037,8091,31,33311,9867,4,33310,10056,1,32408,9487,9,32350,0,0,33290,10784,5,33301,5782,60,132105,0,0;
8587487300;7189143,44904,1,8292,17340,69,34532,0,0,34452,0,0,132037,8092,31,33311,9868,4,33310,10055,0,32408,9494,9,32350,0,0,33290,10787,5,33301,5782,59,132105,0,0;
8685718400;7189241,44904,1,8284,17335,63,34532,0,0,34452,0,0,132037,8094,31,33311,9868,4,33310,10058,0,32408,9490,9,32350,0,0,33290,10785,5,33301,5783,59,132105,0,0;
8788854800;7189344,44904,1,8281,17334,61,34532,0,0,34452,0,0,132037,8094,30,33311,9869,4,33310,0,0,32408,9488,9,32350,0,0,33290,10786,5,33301,5783,59,132105,0,0;
8883301700;7189439,44904,1,8286,17337,65,34532,0,0,34452,0,0,132037,8093,30,33311,9869,4,33310,10052,1,32408,9491,9,32350,0,0,33290,10788,5,33301,5783,59,132105,0,0;
8984999100;7189541,44904,1,8285,17335,64,34532,0,0,34452,0,0,132037,8094,30,33311,9870,4,33310,10052,1,32408,9490,9,32350,0,0,33290,10786,5,33301,5782,59,132105,0,0;
9085541800;7189642,44904,1,8290,17339,69,34532,0,0,34452,0,0,132037,8092,30,33311,9868,4,33310,10052,1,32408,9493,9,32350,0,0,33290,10787,5,33301,5782,58,132105,0,0;
9186070200;7189742,44904,1,8284,17334,64,34532,0,0,34452,0,0,132037,8094,30,33311,9867,4,33310,10052,1,32408,9489,9,32350,0,0,33290,10786,5,33301,5781,58,132105,0,0;
9287544900;7189843,44904,1,8287,17336,66,34532,0,0,34452,0,0,132037,8093,30,33311,9865,4,33310,10057,0,32408,9491,9,32350,0,0,33290,10787,5,33301,5782,58,132105,0,0;
9382765200;7189939,44904,1,8282,17336,63,34532,0,0,34452,0,0,132037,8092,31,33311,9868,4,33310,10052,1,32408,9488,9,32350,0,0,33290,10784,5,33301,5784,58,132105,0,0;
9486536900;7190042,44904,1,8287,17339,69,34532,0,0,34452,0,0,132037,8090,32,33311,9866,4,33310,10055,0,32408,9490,10,32350,0,0,33290,10786,5,33301,5782,58,132105,0,0;
9585106000;7190142,44904,1,8286,17335,66,34532,0,0,34452,0,0,132037,8093,32,33311,9868,4,33310,10060,0,32408,9490,10,32350,0,0,33290,10785,5,33301,5781,58,132105,0,0;
9686510300;7190242,44904,1,8285,17336,65,34532,0,0,34452,0,0,132037,8093,32,33311,9867,4,33310,10060,0,32408,9490,10,32350,0,0,33290,10785,5,33301,5782,58,132105,0,0;
9780801100;7190338,44904,1,8283,17335,63,34532,0,0,34452,0,0,132037,8093,31,33311,9868,4,33310,10059,0,32408,9489,10,32350,0,0,33290,10786,5,33301,5783,58,132105,0,0;
9886340700;7190442,44904,1,8287,17336,66,34532,0,0,34452,0,0,132037,8093,31,33311,9867,4,33310,10055,0,32408,9491,10,32350,0,0,33290,10786,5,33301,5782,57,132105,0,0;
9984729200;7190542,44904,1,8286,17338,67,34532,0,0,34452,0,0,132037,8091,32,33311,9867,4,33310,10063,0,32408,9490,10,32350,0,0,33290,10786,5,33301,5783,58,132105,0,0;
10086184300;7190642,44904,1,8285,17336,67,34532,0,0,34452,0,0,132037,8092,32,33311,9868,4,33310,10067,0,32408,9489,10,32350,0,0,33290,10787,5,33301,5781,58,132105,0,0;
10182410800;7190738,44904,1,8288,17337,67,34532,0,0,34452,0,0,132037,8093,32,33311,9868,4,33310,10055,0,32408,9492,10,32350,0,0,33290,10785,5,33301,5782,58,132105,0,0;
10284345600;7190840,44904,1,8291,17339,68,34532,0,0,34452,0,0,132037,8093,32,33311,9868,4,33310,10052,0,32408,9494,10,32350,0,0,33290,10787,5,33301,5782,59,132105,0,0;
10385587800;7190942,44904,1,8285,17336,64,34532,0,0,34452,0,0,132037,8093,32,33311,9868,4,33310,0,0,32408,9490,10,32350,0,0,33290,10788,5,33301,5783,60,132105,0,0;
10487741300;7191044,44904,1,8289,17336,67,34532,0,0,34452,0,0,132037,8094,31,33311,9866,4,33310,10051,0,32408,9493,9,32350,0,0,33290,10790,5,33301,5781,59,132105,0,0;
10583380400;7191140,44904,1,8286,17334,63,34532,0,0,34452,0,0,132037,8095,31,33311,9868,4,33310,10053,0,32408,9491,9,32350,0,0,33290,10784,5,33301,5782,59,132105,0,0;
10685077000;7191241,44904,1,8284,17335,63,34532,0,0,34452,0,0,132037,8094,31,33311,9867,4,33310,10053,0,32408,9490,9,32350,0,0,33290,10784,5,33301,5783,59,132105,0,0;
10785262000;7191342,44904,1,8285,17336,65,34532,0,0,34452,0,0,132037,8093,31,33311,9867,4,33310,10058,0,32408,9490,9,32350,0,0,33290,10788,5,33301,5782,60,132105,0,0;
10886429800;7191443,44904,1,8286,17337,65,34532,0,0,34452,0,0,132037,8093,31,33311,9867,4,33310,10054,0,32408,9491,9,32350,0,0,33290,10786,5,33301,5783,60,132105,0,0;
10986365800;7191543,44904,1,8284,17336,66,34532,0,0,34452,0,0,132037,8092,30,33311,9867,4,33310,10066,0,32408,9489,9,32350,0,0,33290,10785,5,33301,5782,59,132105,0,0;
11082975000;7191639,44904,1,8287,17338,68,34532,0,0,34452,0,0,132037,8091,30,33311,9869,4,33310,10060,0,32408,9490,9,32350,0,0,33290,10787,5,33301,5782,59,132105,0,0;
11187586600;7191744,44904,1,8279,17333,61,34532,0,0,34452,0,0,132037,8093,30,33311,9868,4,33310,10076,0,32408,9486,9,32350,0,0,33290,10786,5,33301,5783,60,132105,0,0;
11284585600;7191841,44904,1,8291,17337,67,34532,0,0,34452,0,0,132037,8094,30,33311,9868,4,33310,10073,0,32408,9494,9,32350,0,0,33290,10785,5,33301,5782,60,132105,0,0;
11385670000;7191942,44904,1,8284,17335,64,34532,0,0,34452,0,0,132037,8093,30,33311,9867,4,33310,10064,0,32408,9489,9,32350,0,0,33290,10786,5,33301,5782,60,132105,0,0;
11483423200;7192040,44904,1,8284,17334,61,34532,0,0,34452,0,0,132037,8095,31,33311,9869,4,33310,10059,0,32408,9490,9,32350,0,0,33290,10786,5,33301,5783,60,132105,0,0;
11583372500;7192140,44904,1,8291,17340,68,34532,0,0,34452,0,0,132037,8092,30,33311,9868,4,33310,10051,0,32408,9494,9,32350,0,0,33290,10785,5,33301,5783,59,132105,0,0;
11685088700;7192241,44904,1,8283,17335,65,34532,0,0,34452,0,0,132037,8092,30,33311,9869,4,33310,10053,0,32408,9488,9,32350,0,0,33290,10785,5,33301,5782,59,132105,0,0;
11786045100;7192342,44904,1,8283,17334,62,34532,0,0,34452,0,0,132037,8094,31,33311,9868,4,33310,10053,0,32408,9489,9,32350,0,0,33290,10787,5,33301,5783,59,132105,0,0;
11887546900;7192444,44904,1,8286,17336,64,34532,0,0,34452,0,0,132037,8094,31,33311,9868,4,33310,0,0,32408,9491,9,32350,0,0,33290,10785,5,33301,5783,60,132105,0,0;
11981803500;7192538,44904,1,8288,17337,67,34532,0,0,34452,0,0,132037,8093,31,33311,9871,4,33310,10051,1,32408,9492,9,32350,0,0,33290,10785,5,33301,5782,59,132105,0,0;
12083993200;7192640,44904,1,8284,17335,63,34532,0,0,34452,0,0,132037,8094,31,33311,9868,4,33310,10049,1,32408,9490,9,32350,0,0,33290,10786,5,33301,5783,59,132105,0,0;
12185023600;7192742,44904,1,8286,17335,66,34532,0,0,34452,0,0,132037,8093,31,33311,9867,4,33310,10052,1,32408,9490,9,32350,0,0,33290,10786,4,33301,5781,58,132105,0,0;
12284972400;7192842,44904,1,8283,17336,64,34532,0,0,34452,0,0,132037,8092,31,33311,9868,4,33310,10049,1,32408,9488,9,32350,0,0,33290,10783,4,33301,5783,58,132105,0,0;
12380882400;7192937,44904,1,8286,17337,65,34532,0,0,34452,0,0,132037,8092,31,33311,9866,4,33310,10052,0,32408,9490,9,32350,0,0,33290,10790,4,33301,5783,59,132105,0,0;
12484326200;7193041,44904,1,8286,17337,66,34532,0,0,34452,0,0,132037,8092,31,33311,9867,4,33310,10054,0,32408,9490,10,32350,0,0,33290,10786,5,33301,5782,58,132105,0,0;
12585407800;7193142,44904,1,8284,17337,65,34532,0,0,34452,0,0,132037,8092,31,33311,9866,4,33310,10053,0,32408,9489,9,32350,0,0,33290,10785,4,33301,5783,59,132105,0,0;
12685752500;7193242,44904,1,8289,17337,65,34532,0,0,34452,0,0,132037,8094,31,33311,9867,4,33310,10055,0,32408,9493,9,32350,0,0,33290,10786,4,33301,5783,59,132105,0,0;
12781246800;7193338,44904,1,8290,17338,67,34532,0,0,34452,0,0,132037,8093,32,33311,9902,4,33310,10053,0,32408,9493,9,32350,0,0,33290,10787,5,33301,5782,59,132105,0,0;
12884065200;7193441,44904,1,8284,17337,65,34532,0,0,34452,0,0,132037,8092,31,33311,9867,4,33310,10050,1,32408,9489,9,32350,0,0,33290,10786,5,33301,5783,59,132105,0,0;
12984386200;7193541,44904,1,8288,17339,67,34532,0,0,34452,0,0,132037,8092,31,33311,9868,4,33310,10052,1,32408,9492,9,32350,0,0,33290,10785,5,33301,5783,59,132105,0,0;
13086049800;7193642,44904,1,8287,17338,67,34532,0,0,34452,0,0,132037,8092,32,33311,9868,4,33310,10049,0,32408,9491,9,32350,0,0,33290,10786,5,33301,5782,58,132105,0,0;
13181037400;7193738,44904,1,8281,17334,63,34532,0,0,34452,0,0,132037,8093,32,33311,9866,4,33310,10054,1,32408,9487,9,32350,0,0,33290,10785,5,33301,5782,57,132105,0,0;
13286920100;7193844,44904,1,8284,17335,63,34532,0,0,34452,0,0,132037,8094,31,33311,9869,4,33310,10054,0,32408,9490,9,32350,0,0,33290,10787,5,33301,5783,58,132105,0,0;
13384744100;7193942,44904,1,8286,17335,65,34532,0,0,34452,0,0,132037,8094,32,33311,9868,4,33310,10054,0,32408,9491,9,32350,0,0,33290,10784,5,33301,5782,58,132105,0,0;
13484981100;7194042,44904,1,8285,17338,66,34532,0,0,34452,0,0,132037,8091,31,33311,9867,4,33310,10055,0,32408,9489,9,32350,0,0,33290,10786,5,33301,5783,59,132105,0,0;
13581558100;7194138,44904,1,8283,17337,65,34532,0,0,34452,0,0,132037,8091,31,33311,9867,4,33310,10053,0,32408,9488,9,32350,0,0,33290,10785,5,33301,5783,58,132105,0,0;
13684078500;7194241,44904,1,8285,17335,64,34532,0,0,34452,0,0,132037,8094,31,33311,9871,4,33310,10054,0,32408,9490,9,32350,0,0,33290,10785,5,33301,5782,59,132105,0,0;
13785057300;7194342,44904,1,8285,17335,64,34532,0,0,34452,0,0,132037,8094,31,33311,9870,4,33310,10053,0,32408,9490,9,32350,0,0,33290,10785,5,33301,5782,58,132105,0,0;
13886932300;7194443,44904,1,8286,17337,66,34532,0,0,34452,0,0,132037,8092,31,33311,9869,4,33310,10053,0,32408,9490,9,32350,0,0,33290,10785,5,33301,5782,58,132105,0,0;
13981431900;7194538,44904,1,8279,17331,62,34532,0,0,34452,0,0,132037,8094,31,33311,9869,3,33310,10054,0,32408,9486,9,32350,0,0,33290,10784,5,33301,5781,59,132105,0,0;
14082755000;7194640,44904,1,8284,17335,64,34532,0,0,34452,0,0,132037,8093,31,33311,9871,4,33310,10053,0,32408,9489,9,32350,0,0,33290,10784,5,33301,5782,60,132105,0,0;
14183811700;7194741,44904,1,8284,17335,64,34532,0,0,34452,0,0,132037,8093,31,33311,9872,3,33310,10054,0,32408,9489,9,32350,0,0,33290,10783,5,33301,5782,60,132105,0,0;
14286125400;7194843,44904,1,8285,17336,64,34532,0,0,34452,0,0,132037,8093,31,33311,9871,3,33310,10055,0,32408,9490,9,32350,0,0,33290,10787,5,33301,5783,60,132105,0,0;
14385200100;7194942,44904,1,8289,17339,69,34532,0,0,34452,0,0,132037,8091,31,33311,9871,4,33310,10054,0,32408,9492,9,32350,0,0,33290,10788,5,33301,5782,60,132105,0,0;
14482167800;7195039,44904,1,8287,17336,66,34532,0,0,34452,0,0,132037,8093,30,33311,9870,3,33310,10054,0,32408,9491,9,32350,0,0,33290,10786,5,33301,5782,59,132105,0,0;
14584151600;7195141,44904,1,8284,17337,66,34532,0,0,34452,0,0,132037,8091,30,33311,9870,3,33310,10052,0,32408,9488,9,32350,0,0,33290,10787,5,33301,5782,60,132105,0,0;
14683796700;7195241,44904,1,8289,17338,69,34532,0,0,34452,0,0,132037,8092,30,33311,9869,4,33310,10054,0,32408,9492,9,32350,0,0,33290,10786,5,33301,5781,59,132105,0,0;
14784973300;7195342,44904,1,8284,17335,64,34532,0,0,34452,0,0,132037,8093,30,33311,9868,4,33310,10057,0,32408,9489,9,32350,0,0,33290,10785,5,33301,5782,60,132105,0,0;
14885399700;7195443,44904,1,8285,17335,64,34532,0,0,34452,0,0,132037,8094,30,33311,9871,3,33310,10057,0,32408,9490,9,32350,0,0,33290,10786,5,33301,5782,58,132105,0,0;
14982000600;7195539,44904,1,8288,17337,67,34532,0,0,34452,0,0,132037,8093,30,33311,9871,4,33310,10066,0,32408,9492,9,32350,0,0,33290,10785,5,33301,5782,58,132105,0,0;
15083398800;7195640,44904,1,8287,17336,66,34532,0,0,34452,0,0,132037,8093,30,33311,9869,4,33310,10074,0,32408,9491,9,32350,0,0,33290,10787,5,33301,5782,58,132105,0,0;
15186022500;7195743,44904,1,8286,17337,65,34532,0,0,34452,0,0,132037,8092,30,33311,9870,4,33310,10075,0,32408,9490,10,32350,0,0,33290,10784,5,33301,5783,59,132105,0,0;
15285885600;7195843,44904,1,8289,17337,68,34532,0,0,34452,0,0,132037,8093,30,33311,9869,3,33310,10083,0,32408,9492,9,32350,0,0,33290,10785,5,33301,5781,59,132105,0,0;
15385817100;7195943,44904,1,8290,17338,67,34532,0,0,34452,0,0,132037,8093,30,33311,9869,4,33310,10079,0,32408,9493,9,32350,0,0,33290,10784,5,33301,5782,59,132105,0,0;
15481263100;7196038,44904,1,8283,17335,63,34532,0,0,34452,0,0,132037,8093,30,33311,9870,4,33310,10086,0,32408,9489,10,32350,0,0,33290,10784,5,33301,5783,59,132105,0,0;
15583969600;7196141,44904,1,8287,17338,67,34532,0,0,34452,0,0,132037,8092,31,33311,9868,4,33310,10085,0,32408,9491,9,32350,0,0,33290,10786,5,33301,5782,60,132105,0,0;
15683761800;7196241,44904,1,8294,17340,69,34532,0,0,34452,0,0,132037,8093,30,33311,9870,4,33310,10081,0,32408,9496,9,32350,0,0,33290,10783,5,33301,5783,59,132105,0,0;
15784748400;7196342,44904,1,8288,17336,65,34532,0,0,34452,0,0,132037,8094,30,33311,9868,4,33310,10078,0,32408,9492,9,32350,0,0,33290,10785,5,33301,5782,59,132105,0,0;
15886179300;7196443,44904,1,8286,17336,64,34532,0,0,34452,0,0,132037,8094,30,33311,9866,4,33310,10093,0,32408,9491,9,32350,0,0,33290,10787,5,33301,5783,58,132105,0,0;
15986207900;7196544,44904,1,8288,17336,65,34532,0,0,34452,0,0,132037,8094,30,33311,9868,4,33310,10074,0,32408,9492,9,32350,0,0,33290,10786,5,33301,5782,58,132105,0,0;
16082076400;7196639,44904,1,8286,17335,65,34532,0,0,34452,0,0,132037,8094,30,33311,9868,4,33310,10078,0,32408,9491,9,32350,0,0,33290,10787,5,33301,5782,58,132105,0,0;
16184717600;7196741,44904,1,8287,17338,68,34532,0,0,34452,0,0,132037,8091,30,33311,9870,4,33310,10076,0,32408,9490,10,32350,0,0,33290,10785,5,33301,5782,58,132105,0,0;
16285486200;7196842,44904,1,8287,17338,67,34532,0,0,34452,0,0,132037,8092,30,33311,9867,4,33310,10068,0,32408,9491,9,32350,0,0,33290,10786,5,33301,5782,57,132105,0,0;
16379663600;7196937,44904,1,8287,17338,66,34532,0,0,34452,0,0,132037,8092,31,33311,9869,4,33310,10081,0,32408,9491,10,32350,0,0,33290,10786,5,33301,5783,57,132105,0,0;
16483567000;7197040,44904,1,8291,17339,68,34532,0,0,34452,0,0,132037,8093,30,33311,9868,4,33310,10074,0,32408,9494,9,32350,0,0,33290,10790,5,33301,5782,56,132105,0,0;
16584454300;7197142,44904,1,8282,17335,61,34532,0,0,34452,0,0,132037,8094,31,33311,9868,4,33310,10079,0,32408,9489,9,32350,0,0,33290,10784,5,33301,5784,57,132105,0,0;
16683799100;7197242,44904,1,8285,17336,65,34532,0,0,34452,0,0,132037,8093,31,33311,9867,4,33310,10071,0,32408,9490,9,32350,0,0,33290,10783,5,33301,5782,57,132105,0,0;
16779862400;7197338,44904,1,8290,17338,67,34532,0,0,34452,0,0,132037,8093,31,33311,9866,4,33310,10071,0,32408,9493,9,32350,0,0,33290,10788,5,33301,5782,58,132105,0,0;
16884691600;7197442,44904,1,8284,17335,63,34532,0,0,34452,0,0,132037,8094,31,33311,9868,4,33310,10070,0,32408,9490,9,32350,0,0,33290,10784,5,33301,5783,58,132105,0,0;
16983728000;7197541,44904,1,8287,17338,66,34532,0,0,34452,0,0,132037,8092,31,33311,9869,4,33310,10066,0,32408,9491,10,32350,0,0,33290,10786,5,33301,5783,58,132105,0,0;
17084267500;7197642,44904,1,8290,17339,68,34532,0,0,34452,0,0,132037,8092,31,33311,9869,4,33310,10065,0,32408,9493,10,32350,0,0,33290,10784,5,33301,5783,58,132105,0,0;
17180540900;7197738,44904,1,8288,17337,66,34532,0,0,34452,0,0,132037,8093,31,33311,9869,4,33310,10065,0,32408,9492,10,32350,0,0,33290,10789,5,33301,5783,57,132105,0,0;
17281657900;7197839,44904,1,8285,17337,67,34532,0,0,34452,0,0,132037,8091,31,33311,9870,4,33310,10061,0,32408,9489,10,32350,0,0,33290,10785,5,33301,5782,56,132105,0,0;
17383321000;7197940,44904,1,8287,17338,66,34532,0,0,34452,0,0,132037,8092,31,33311,9868,4,33310,10060,0,32408,9491,10,32350,0,0,33290,10787,5,33301,5783,57,132105,0,0;
17484809100;7198042,44904,1,8291,17339,70,34532,0,0,34452,0,0,132037,8092,31,33311,9867,4,33310,10056,0,32408,9493,10,32350,0,0,33290,10787,5,33301,5781,57,132105,0,0;
17585062300;7198143,44904,1,8291,17339,70,34532,0,0,34452,0,0,132037,8092,31,33311,9868,4,33310,10061,0,32408,9493,9,32350,0,0,33290,10785,5,33301,5781,57,132105,0,0;
17680841200;7198238,44904,1,8284,17337,65,34532,0,0,34452,0,0,132037,8092,31,33311,9868,4,33310,10052,0,32408,9489,9,32350,0,0,33290,10785,5,33301,5783,58,132105,0,0;
17782157500;7198340,44904,1,8285,17335,64,34532,0,0,34452,0,0,132037,8094,31,33311,9868,4,33310,10054,0,32408,9490,10,32350,0,0,33290,10787,5,33301,5782,58,132105,0,0;
17883297100;7198441,44904,1,8284,17334,64,34532,0,0,34452,0,0,132037,8094,31,33311,9870,4,33310,10058,0,32408,9489,10,32350,0,0,33290,10785,5,33301,5781,57,132105,0,0;
17984814100;7198542,44904,1,8285,17336,64,34532,0,0,34452,0,0,132037,8093,30,33311,9869,4,33310,10054,0,32408,9490,10,32350,0,0,33290,10784,5,33301,5783,58,132105,0,0;
18080112500;7198637,44904,1,8285,17337,67,34532,0,0,34452,0,0,132037,8091,31,33311,9869,4,33310,10053,0,32408,9489,10,32350,0,0,33290,10785,5,33301,5782,59,132105,0,0;
18182415400;7198740,44904,1,8280,17334,62,34532,0,0,34452,0,0,132037,8093,30,33311,9870,4,33310,10051,0,32408,9487,10,32350,0,0,33290,10786,5,33301,5783,60,132105,0,0;
18284389100;7198842,44904,1,8286,17337,65,34532,5789,0,34452,0,0,132037,8092,30,33311,9869,3,33310,10057,0,32408,9490,10,32350,0,0,33290,10786,5,33301,5783,59,132105,0,0;
18384155100;7198941,44904,1,8285,17336,65,34532,5692,0,34452,0,0,132037,8093,30,33311,9870,3,33310,10052,0,32408,9490,10,32350,0,0,33290,10784,5,33301,5782,59,132105,0,0;
18479728400;7199037,44904,1,8279,17333,62,34532,5711,0,34452,0,0,132037,8093,30,33311,9872,3,33310,10055,0,32408,9486,10,32350,0,0,33290,10792,5,33301,5782,59,132105,0,0;
18583015900;7199140,44904,1,8286,17337,65,34532,5750,0,34452,0,0,132037,8092,30,33311,9870,3,33310,10053,0,32408,9490,9,32350,0,0,33290,10785,5,33301,5783,59,132105,0,0;
18683918800;7199241,44904,1,8278,17334,62,34532,5753,0,34452,0,0,132037,8092,30,33311,9869,3,33310,10053,0,32408,9485,9,32350,0,0,33290,10786,5,33301,5783,58,132105,0,0;
18784386100;7199342,44904,1,8292,17341,71,34532,0,0,34452,0,0,132037,8091,30,33311,9869,3,33310,10052,0,32408,9494,9,32350,0,0,33290,10787,5,33301,5782,59,132105,0,0;
18879716300;7199437,44904,1,8289,17337,66,34532,0,0,34452,0,0,132037,8094,29,33311,9870,3,33310,10050,0,32408,9493,9,32350,0,0,33290,10785,5,33301,5782,59,132105,0,0;
18983017300;7199540,44904,1,8288,17339,67,34532,0,0,34452,0,0,132037,8092,29,33311,9871,4,33310,10052,0,32408,9492,9,32350,0,0,33290,10788,5,33301,5783,58,132105,0,0;
19083953200;7199641,44904,1,8287,17338,68,34532,5806,0,34452,0,0,132037,8091,29,33311,9870,4,33310,10052,0,32408,9490,9,32350,0,0,33290,10787,5,33301,5782,58,132105,0,0;
19184148700;7199741,44904,1,8284,17335,64,34532,0,0,34452,0,0,132037,8093,29,33311,9871,4,33310,10051,0,32408,9489,9,32350,0,0,33290,10786,5,33301,5782,58,132105,0,0;
19279620400;7199837,44904,1,8286,17336,64,34532,0,0,34452,0,0,132037,8094,29,33311,9870,4,33310,10052,1,32408,9491,9,32350,0,0,33290,10786,5,33301,5783,59,132105,0,0;
19383942300;7199941,44904,1,8286,17337,65,34532,6448,0,34452,0,0,132037,8092,29,33311,9869,3,33310,10050,1,32408,9490,9,32350,0,0,33290,10784,5,33301,5783,59,132105,0,0;
19483176800;7200041,44904,1,8291,17339,70,34532,0,0,34452,0,0,132037,8092,30,33311,9870,4,33310,10049,1,32408,9493,9,32350,0,0,33290,10786,5,33301,5781,59,132105,0,0;
19584469000;7200141,44904,1,8290,17338,67,34532,0,0,34452,0,0,132037,8093,30,33311,9871,4,33310,10048,1,32408,9493,9,32350,0,0,33290,10786,5,33301,5782,59,132105,0,0;
19680090400;7200238,44904,1,8289,17339,69,34532,5672,0,34452,0,0,132037,8091,30,33311,9870,3,33310,10048,1,32408,9492,10,32350,0,0,33290,10787,5,33301,5782,58,132105,0,0;
19781402500;7200339,44904,1,8280,17334,62,34532,5719,0,34452,0,0,132037,8093,30,33311,9868,4,33310,10049,0,32408,9487,10,32350,0,0,33290,10788,5,33301,5783,58,132105,0,0;
19883500100;7200441,44904,1,8286,17337,66,34532,0,0,34452,0,0,132037,8092,30,33311,9868,3,33310,10052,0,32408,9490,10,32350,0,0,33290,10789,5,33301,5782,58,132105,0,0;
19984738600;7200542,44904,1,8286,17337,65,34532,0,0,34452,0,0,132037,8092,30,33311,9869,4,33310,10051,0,32408,9490,10,32350,0,0,33290,10784,5,33301,5783,58,132105,0,0;
20082067900;7200639,44904,1,8286,17338,67,34532,5703,0,34452,0,0,132037,8091,30,33311,9866,4,33310,10052,0,32408,9490,10,32350,0,0,33290,10784,5,33301,5783,59,132105,0,0;
20181918300;7200739,44904,1,8284,17337,66,34532,5650,0,34452,0,0,132037,8091,31,33311,9869,4,33310,10054,0,32408,9488,10,32350,0,0,33290,10786,5,33301,5782,59,132105,0,0;
20284415200;7200842,44904,1,8330,17295,182,34532,5705,0,34452,0,0,132037,8095,31,33311,9869,4,33310,10053,0,32408,9491,10,32350,0,0,33290,10786,5,33301,0,0,132105,0,0;
20383209200;7200941,44904,1,8286,17337,66,34532,0,0,34452,0,0,132037,8092,31,33311,9868,4,33310,10053,0,32408,9490,10,32350,0,0,33290,10784,5,33301,5782,60,132105,0,0;
20483678800;7201041,44904,1,8280,17334,62,34532,0,0,34452,0,0,132037,8093,31,33311,9868,4,33310,10056,0,32408,9487,9,32350,0,0,33290,10785,5,33301,5783,60,132105,0,0;
20581047000;7201139,44904,1,8284,17335,63,34532,0,0,34452,0,0,132037,8094,31,33311,9867,4,33310,10052,0,32408,9490,9,32350,0,0,33290,10786,5,33301,5783,60,132105,0,0;
20682106000;7201240,44904,1,8285,17338,66,34532,0,0,34452,0,0,132037,8091,32,33311,9864,4,33310,10054,0,32408,9489,10,32350,0,0,33290,10786,5,33301,5783,61,132105,0,0;
20782596900;7201340,44904,1,8283,17335,63,34532,5702,0,34452,0,0,132037,8093,31,33311,9868,4,33310,10058,0,32408,9489,9,32350,0,0,33290,10786,5,33301,5783,60,132105,0,0;
20884853100;7201443,44904,1,8289,17337,68,34532,5717,0,34452,0,0,132037,8093,32,33311,9867,4,33310,10059,0,32408,9492,9,32350,0,0,33290,10786,5,33301,5781,59,132105,0,0;
20980138500;7201538,44904,1,8286,17337,65,34532,0,0,34452,0,0,132037,8092,32,33311,9867,4,33310,10052,0,32408,9490,9,32350,0,0,33290,10787,5,33301,5783,59,132105,0,0;
21081172500;7201639,44904,1,8281,17334,63,34532,0,0,34452,0,0,132037,8093,32,33311,9866,4,33310,10052,0,32408,9487,10,32350,0,0,33290,10786,5,33301,5782,60,132105,0,0;
21182987000;7201741,44904,1,8282,17333,62,34532,0,0,34452,0,0,132037,8094,32,33311,9867,4,33310,10053,0,32408,9488,10,32350,0,0,33290,10787,5,33301,5782,61,132105,0,0;
21283081400;7201841,44904,1,8287,17338,67,34532,0,0,34452,0,0,132037,8092,32,33311,9866,4,33310,10052,0,32408,9491,10,32350,0,0,33290,10786,5,33301,5782,62,132105,0,0;
21379143800;7201937,44904,1,8285,17335,62,34532,0,0,34452,0,0,132037,8095,32,33311,9865,4,33310,10051,0,32408,9491,9,32350,0,0,33290,10785,5,33301,5783,61,132105,0,0;
21482053100;7202039,44904,1,8283,17335,63,34532,0,0,34452,0,0,132037,8093,32,33311,9866,4,33310,10054,0,32408,9489,10,32350,0,0,33290,10786,5,33301,5783,61,132105,0,0;
21584102200;7202142,44904,1,8282,17336,66,34532,0,0,34452,0,0,132037,8091,32,33311,9866,4,33310,10052,0,32408,9487,10,32350,0,0,33290,10789,5,33301,5782,61,132105,0,0;
21682923600;7202241,44904,1,8293,17339,70,34532,0,0,34452,0,0,132037,8093,32,33311,9865,4,33310,10051,0,32408,9495,10,32350,0,0,33290,10787,5,33301,5781,60,132105,0,0;
21779309100;7202337,44904,1,8283,17336,64,34532,5597,0,34452,0,0,132037,8092,32,33311,9865,4,33310,10049,0,32408,9488,10,32350,0,0,33290,10785,5,33301,5783,59,132105,0,0;
21882064200;7202440,44904,1,8287,17336,66,34532,5572,0,34452,0,0,132037,8093,32,33311,9864,4,33310,10050,0,32408,9491,10,32350,0,0,33290,10785,5,33301,5782,59,132105,0,0;
21982920100;7202541,44904,1,8284,17336,66,34532,5621,0,34452,0,0,132037,8092,32,33311,9866,4,33310,10050,0,32408,9489,10,32350,0,0,33290,10785,5,33301,5782,58,132105,0,0;
22082835300;7202641,44904,1,8287,17338,67,34532,5665,0,34452,0,0,132037,8092,32,33311,9866,4,33310,10053,0,32408,9491,10,32350,0,0,33290,10784,5,33301,5782,58,132105,0,0;
22178760900;7202737,44904,1,8282,17335,63,34532,5607,0,34452,0,0,132037,8093,32,33311,9865,4,33310,10050,0,32408,9488,10,32350,0,0,33290,10787,5,33301,5783,59,132105,0,0;
22281795600;7202839,44904,1,8290,17339,69,34532,5613,0,34452,0,0,132037,8092,32,33311,9867,4,33310,10050,0,32408,9493,10,32350,0,0,33290,10786,5,33301,5782,59,132105,0,0;
22382246500;7202941,44904,1,8283,17334,63,34532,5565,0,34452,0,0,132037,8094,32,33311,9866,4,33310,10052,0,32408,9489,10,32350,0,0,33290,10787,5,33301,5782,60,132105,0,0;
22483837300;7203042,44904,1,8286,17336,64,34532,5538,0,34452,0,0,132037,8094,32,33311,9866,4,33310,10054,0,32408,9491,10,32350,0,0,33290,10788,5,33301,5783,60,132105,0,0;
22580780200;7203139,44904,1,8287,17336,64,34532,5519,0,34452,0,0,132037,8094,32,33311,9865,4,33310,10049,0,32408,9492,10,32350,0,0,33290,10783,5,33301,5783,59,132105,0,0;
22681640400;7203240,44904,1,8287,17338,66,34532,5575,0,34452,0,0,132037,8092,31,33311,9865,4,33310,10050,0,32408,9491,10,32350,0,0,33290,10788,5,33301,5783,59,132105,0,0;
22782425300;7203341,44904,1,8286,17335,66,34532,5604,0,34452,0,0,132037,8093,32,33311,9867,4,33310,10050,0,32408,9490,10,32350,0,0,33290,10784,6,33301,5781,60,132105,0,0;
22884176000;7203442,44904,1,8289,17337,66,34532,5645,0,34452,0,0,132037,8094,32,33311,9864,4,33310,10052,0,32408,9493,10,32350,0,0,33290,10784,5,33301,5782,59,132105,0,0;
22983930400;7203542,44904,1,8287,17338,66,34532,5572,0,34452,0,0,132037,8092,32,33311,9867,4,33310,10053,0,32408,9491,10,32350,0,0,33290,10788,5,33301,5783,59,132105,0,0;
23080420300;7203638,44904,1,8284,17335,64,34532,5614,0,34452,0,0,132037,8093,32,33311,9864,4,33310,10052,0,32408,9489,10,32350,0,0,33290,10786,5,33301,5782,58,132105,0,0;
23182055700;7203740,44904,1,8286,17337,65,34532,0,0,34452,0,0,132037,8092,32,33311,9865,4,33310,10052,0,32408,9490,10,32350,0,0,33290,10784,5,33301,5783,58,132105,0,0;
23282561500;7203841,44904,1,8286,17337,66,34532,0,0,34452,0,0,132037,8092,32,33311,9866,4,33310,10052,0,32408,9490,10,32350,0,0,33290,10784,5,33301,5782,58,132105,0,0;
23382761000;7203941,44904,1,8284,17336,66,34532,5687,0,34452,0,0,132037,8092,31,33311,9868,4,33310,10053,0,32408,9489,10,32350,0,0,33290,10785,5,33301,5782,59,132105,0,0;
23478762700;7204037,44904,1,8286,17337,65,34532,0,0,34452,0,0,132037,8093,31,33311,9866,4,33310,10054,0,32408,9491,10,32350,0,0,33290,10786,5,33301,5783,58,132105,0,0;
23580406100;7204139,44904,1,8291,17339,68,34532,5675,0,34452,0,0,132037,8093,32,33311,9865,4,33310,10054,0,32408,9494,10,32350,0,0,33290,10787,5,33301,5782,59,132105,0,0;
23682021400;7204240,44904,1,8286,17337,65,34532,5719,0,34452,0,0,132037,8092,31,33311,9866,4,33310,10052,0,32408,9490,10,32350,0,0,33290,10785,5,33301,5783,60,132105,0,0;
23782202500;7204341,44904,1,8290,17336,67,34532,5624,0,34452,0,0,132037,8095,31,33311,9867,4,33310,10052,0,32408,9494,10,32350,0,0,33290,10786,5,33301,5781,59,132105,0,0;
23883827100;7204442,44904,1,8289,17337,68,34532,5647,0,34452,0,0,132037,8093,31,33311,9865,4,33310,10052,0,32408,9492,10,32350,0,0,33290,10784,5,33301,5781,59,132105,0,0;
23979626600;7204538,44904,1,8287,17338,67,34532,5724,0,34452,0,0,132037,8092,31,33311,9866,4,33310,10054,0,32408,9491,10,32350,0,0,33290,10785,5,33301,5782,59,132105,0,0;
24081267400;7204639,44904,1,8285,17335,64,34532,5735,0,34452,0,0,132037,8094,31,33311,9864,4,33310,10054,0,32408,9490,9,32350,0,0,33290,10785,6,33301,5782,59,132105,0,0;
24181301900;7204740,44904,1,8290,17338,67,34532,5712,0,34452,0,0,132037,8093,31,33311,9865,4,33310,10051,0,32408,9493,9,32350,0,0,33290,10785,6,33301,5782,59,132105,0,0;
24284456500;7204843,44904,1,8289,17337,65,34532,5714,0,34452,0,0,132037,8094,31,33311,9864,4,33310,10052,0,32408,9493,10,32350,0,0,33290,10783,6,33301,5783,59,132105,0,0;
24377820100;7204936,44904,1,8286,17336,64,34532,5647,0,34452,0,0,132037,8094,31,33311,9865,4,33310,10052,0,32408,9491,9,32350,0,0,33290,10786,6,33301,5783,60,132105,0,0;
24481643100;7205039,44904,1,8290,17337,69,34532,5647,0,34452,0,0,132037,8093,32,33311,9865,4,33310,10050,0,32408,9493,10,32350,0,0,33290,10785,6,33301,5781,60,132105,0,0;
24581928800;7205141,44904,1,8283,17336,64,34532,5584,0,34452,0,0,132037,8092,32,33311,9863,4,33310,10051,0,32408,9488,10,32350,0,0,33290,10790,6,33301,5783,60,132105,0,0;
24683563700;7205242,44904,1,8291,17339,67,34532,5533,0,34452,0,0,132037,8093,32,33311,9864,4,33310,10051,1,32408,9494,10,32350,0,0,33290,10784,6,33301,5783,61,132105,0,0;
24778729900;7205337,44904,1,8288,17339,67,34532,5506,0,34452,0,0,132037,8092,32,33311,9864,4,33310,10051,0,32408,9492,10,32350,0,0,33290,10787,6,33301,5783,60,132105,0,0;
24880953400;7205439,44904,1,8287,17338,67,34532,5494,0,34452,0,0,132037,8092,31,33311,9864,4,33310,10051,1,32408,9491,10,32350,0,0,33290,10783,6,33301,5782,60,132105,0,0;
24983398600;7205542,44904,1,8290,17338,66,34532,5499,0,34452,0,0,132037,8094,32,33311,9865,4,33310,10051,1,32408,9494,10,32350,0,0,33290,10787,6,33301,5783,61,132105,0,0;
25083206000;7205642,44904,1,8285,17336,65,34532,5489,0,34452,0,0,132037,8093,32,33311,9863,4,33310,10050,1,32408,9490,10,32350,0,0,33290,10785,6,33301,5782,60,132105,0,0;
25178389300;7205737,44904,1,8286,17337,65,34532,5497,0,34452,0,0,132037,8093,32,33311,9865,4,33310,10050,1,32408,9491,10,32350,0,0,33290,10785,6,33301,5783,61,132105,0,0;
25283265300;7205842,44904,1,8285,17335,64,34532,5511,0,34452,0,0,132037,8094,32,33311,9865,4,33310,10051,0,32408,9490,10,32350,0,0,33290,10788,6,33301,5782,60,132105,0,0;
25381372700;7205940,44904,1,8283,17335,66,34532,5526,0,34452,0,0,132037,8092,31,33311,9864,4,33310,10051,0,32408,9488,10,32350,0,0,33290,10783,6,33301,5781,60,132105,0,0;
25481897100;7206041,44904,1,8283,17333,62,34532,5554,0,34452,0,0,132037,8095,31,33311,9865,4,33310,10048,1,32408,9489,10,32350,0,0,33290,10786,6,33301,5782,60,132105,0,0;
25578928700;7206137,44904,1,8286,17337,66,34532,5551,0,34452,0,0,132037,8092,31,33311,9865,4,33310,10052,0,32408,9490,10,32350,0,0,33290,10784,5,33301,5782,59,132105,0,0;
25681218700;7206239,44904,1,8282,17334,64,34532,5569,0,34452,0,0,132037,8093,31,33311,9897,4,33310,10050,0,32408,9488,10,32350,0,0,33290,10788,6,33301,5782,59,132105,0,0;
25781013100;7206339,44904,1,8280,17333,62,34532,5532,0,34452,0,0,132037,8094,31,33311,9864,4,33310,10052,0,32408,9487,10,32350,0,0,33290,10782,5,33301,5782,59,132105,0,0;
25882035800;7206441,44904,1,8283,17336,64,34532,5570,0,34452,0,0,132037,8092,30,33311,9865,4,33310,10052,0,32408,9488,10,32350,0,0,33290,10788,5,33301,5783,59,132105,0,0;
25983673100;7206542,44904,1,8287,17338,66,34532,5557,0,34452,0,0,132037,8092,30,33311,9864,4,33310,10050,0,32408,9491,10,32350,0,0,33290,10786,5,33301,5783,59,132105,0,0;
26083010000;7206642,44904,1,8288,17339,67,34532,5604,0,34452,0,0,132037,8092,30,33311,9864,4,33310,10050,0,32408,9492,10,32350,0,0,33290,10786,5,33301,5783,59,132105,0,0;
26180864800;7206739,44904,1,8284,17336,66,34532,5658,0,34452,0,0,132037,8092,30,33311,9864,4,33310,10053,0,32408,9489,10,32350,0,0,33290,10789,5,33301,5782,58,132105,0,0;
26281662300;7206841,44904,1,8287,17336,66,34532,0,0,34452,0,0,132037,8093,30,33311,9865,4,33310,10050,0,32408,9491,10,32350,0,0,33290,10791,5,33301,5782,59,132105,0,0;
26382606400;7206941,44904,1,8285,17335,64,34532,0,0,34452,0,0,132037,8094,30,33311,9863,4,33310,10051,0,32408,9490,10,32350,0,0,33290,10788,5,33301,5782,59,132105,0,0;
26482909200;7207042,44904,1,8288,17337,66,34532,0,0,34452,0,0,132037,8093,30,33311,9864,4,33310,10051,0,32408,9492,10,32350,0,0,33290,10784,5,33301,5783,59,132105,0,0;
26578530600;7207137,44904,1,8283,17335,63,34532,5687,0,34452,0,0,132037,8093,30,33311,9864,4,33310,10051,0,32408,9489,10,32350,0,0,33290,10784,5,33301,5783,59,132105,0,0;
26680446400;7207239,44904,1,8287,17338,66,34532,5621,0,34452,0,0,132037,8092,30,33311,9864,4,33310,10052,0,32408,9491,10,32350,0,0,33290,10786,5,33301,5783,59,132105,0,0;
26781446600;7207341,44904,1,8285,17336,64,34532,5700,0,34452,0,0,132037,8093,30,33311,9866,4,33310,10052,0,32408,9490,10,32350,0,0,33290,10786,5,33301,5783,59,132105,0,0;
26877546100;7207436,44904,1,8280,17333,62,34532,5649,0,34452,0,0,132037,8094,30,33311,9866,5,33310,10059,0,32408,9487,10,32350,0,0,33290,10785,5,33301,5782,59,132105,0,0;
26980397000;7207539,44904,1,8286,17337,65,34532,0,0,34452,0,0,132037,8092,30,33311,9865,4,33310,10056,0,32408,9490,10,32350,0,0,33290,10784,5,33301,5783,59,132105,0,0;
27081919500;7207640,44904,1,8289,17338,66,34532,0,0,34452,0,0,132037,8093,30,33311,9864,4,33310,10059,0,32408,9493,10,32350,0,0,33290,10784,5,33301,5783,58,132105,0,0;
27183002900;7207742,44904,1,8287,17336,64,34532,0,0,34452,0,0,132037,8094,30,33311,9865,4,33310,10054,0,32408,9492,10,32350,0,0,33290,10784,5,33301,5783,58,132105,0,0;
27278921700;7207837,44904,1,8279,17333,62,34532,0,0,34452,0,0,132037,8093,30,33311,9863,4,33310,10055,0,32408,9486,10,32350,0,0,33290,10786,5,33301,5782,57,132105,0,0;
27380474500;7207940,44904,1,8281,17335,63,34532,0,0,34452,0,0,132037,8092,30,33311,9865,4,33310,10053,0,32408,9487,10,32350,0,0,33290,10788,5,33301,5783,57,132105,0,0;
27481130500;7208040,44904,1,8287,17338,66,34532,5698,0,34452,0,0,132037,8092,30,33311,9865,4,33310,10058,0,32408,9491,10,32350,0,0,33290,10787,5,33301,5783,57,132105,0,0;
27582714500;7208141,44904,1,8284,17335,64,34532,5727,0,34452,0,0,132037,8093,30,33311,9863,4,33310,10055,0,32408,9489,10,32350,0,0,33290,10785,5,33301,5782,58,132105,0,0;
27677979700;7208236,44904,1,8291,17339,67,34532,0,0,34452,0,0,132037,8093,30,33311,9865,4,33310,10055,0,32408,9494,10,32350,0,0,33290,10785,5,33301,5783,58,132105,0,0;
27780591000;7208340,44904,1,8282,17335,63,34532,0,0,34452,0,0,132037,8093,30,33311,9865,4,33310,0,0,32408,9488,10,32350,0,0,33290,10785,5,33301,5783,58,132105,0,0;
27880794000;7208440,44904,1,8285,17336,65,34532,0,0,34452,0,0,132037,8093,30,33311,9865,4,33310,10064,0,32408,9490,10,32350,0,0,33290,10787,5,33301,5782,58,132105,0,0;
27982373600;7208541,44904,1,8283,17334,63,34532,0,0,34452,0,0,132037,8094,30,33311,9866,4,33310,10063,0,32408,9489,10,32350,0,0,33290,10786,5,33301,5782,59,132105,0,0;
28078345800;7208637,44904,1,8286,17337,65,34532,0,0,34452,0,0,132037,8093,30,33311,9864,4,33310,10070,0,32408,9491,10,32350,0,0,33290,10785,5,33301,5783,59,132105,0,0;
28179507000;7208739,44904,1,8284,17336,66,34532,5621,0,34452,0,0,132037,8092,30,33311,9865,4,33310,10068,0,32408,9489,10,32350,0,0,33290,10784,5,33301,5782,60,132105,0,0;
28281601400;7208841,44904,1,8288,17337,67,34532,5548,0,34452,0,0,132037,8093,30,33311,9865,4,33310,10066,0,32408,9492,9,32350,0,0,33290,10784,5,33301,5782,59,132105,0,0;
28382430300;7208942,44904,1,8287,17336,66,34532,5639,0,34452,0,0,132037,8093,30,33311,9865,4,33310,10065,0,32408,9491,9,32350,0,0,33290,10785,5,33301,5782,59,132105,0,0;
28477006800;7209036,44904,1,8285,17336,64,34532,5496,0,34452,0,0,132037,8093,30,33311,9865,4,33310,10060,0,32408,9490,9,32350,0,0,33290,10786,5,33301,5783,59,132105,0,0;
28579390900;7209138,44904,1,8281,17334,63,34532,5512,0,34452,0,0,132037,8093,30,33311,9865,4,33310,10068,0,32408,9487,9,32350,0,0,33290,10787,4,33301,5782,58,132105,0,0;
28683129100;7209242,44904,1,8284,17336,67,34532,5481,0,34452,0,0,132037,8091,30,33311,9867,4,33310,10053,0,32408,9488,9,32350,0,0,33290,10787,5,33301,5781,58,132105,0,0;
28780845700;7209340,44904,1,8284,17337,65,34532,5491,0,34452,0,0,132037,8092,30,33311,9866,4,33310,10059,0,32408,9489,9,32350,0,0,33290,10787,5,33301,5783,58,132105,0,0;
28882880000;7209442,44904,1,8285,17336,65,34532,5479,0,34452,0,0,132037,8093,30,33311,9864,4,33310,10061,0,32408,9490,9,32350,0,0,33290,10787,5,33301,5782,59,132105,0,0;
28979021500;7209538,44904,1,8288,17336,65,34532,5491,0,34452,0,0,132037,8094,30,33311,9866,4,33310,10053,0,32408,9492,9,32350,0,0,33290,10786,5,33301,5782,58,132105,0,0;
29079793000;7209639,44904,1,8288,17337,67,34532,5492,0,34452,0,0,132037,8093,30,33311,9867,4,33310,0,0,32408,9492,9,32350,0,0,33290,10787,5,33301,5782,58,132105,0,0;
29180314300;7209739,44904,1,8282,17335,64,34532,5500,0,34452,0,0,132037,8092,30,33311,9868,4,33310,10052,0,32408,9487,9,32350,0,0,33290,10785,5,33301,5782,58,132105,0,0;
29279601500;7209839,44904,1,8287,17336,66,34532,5515,0,34452,0,0,132037,8093,30,33311,9868,4,33310,10055,0,32408,9491,9,32350,0,0,33290,10785,5,33301,5782,58,132105,0,0;
29382665400;7209941,44904,1,8290,17339,69,34532,5526,0,34452,0,0,132037,8092,30,33311,9866,4,33310,10056,0,32408,9493,9,32350,0,0,33290,10785,5,33301,5782,57,132105,0,0;
29477468400;7210036,44904,1,8288,17339,68,34532,5616,0,34452,0,0,132037,8091,30,33311,9867,4,33310,10051,0,32408,9491,9,32350,0,0,33290,10785,5,33301,5782,58,132105,0,0;
29579193600;7210138,44904,1,8286,17337,66,34532,5666,0,34452,0,0,132037,8092,30,33311,9867,4,33310,10054,0,32408,9490,9,32350,0,0,33290,10786,5,33301,5782,58,132105,0,0;
29680762900;7210240,44904,1,8285,17335,64,34532,0,0,34452,0,0,132037,8094,31,33311,9868,4,33310,10050,0,32408,9490,9,32350,0,0,33290,10787,5,33301,5782,58,132105,0,0;
29781156500;7210340,44904,1,8287,17338,68,34532,0,0,34452,0,0,132037,8091,31,33311,9868,4,33310,10051,0,32408,9490,9,32350,0,0,33290,10786,5,33301,5782,58,132105,0,0;
29877142900;7210436,44904,1,8284,17335,63,34532,5681,0,34452,0,0,132037,8094,31,33311,9866,4,33310,10051,0,32408,9490,9,32350,0,0,33290,10786,5,33301,5783,58,132105,0,0;
29979867300;7210539,44904,1,8285,17336,64,34532,5572,0,34452,0,0,132037,8093,31,33311,9866,4,33310,10051,0,32408,9490,9,32350,0,0,33290,10788,5,33301,5783,58,132105,0,0;
30080578100;7210640,44904,1,8283,17334,62,34532,5548,0,34452,0,0,132037,8094,30,33311,9867,4,33310,10050,0,32408,9489,9,32350,0,0,33290,10788,5,33301,5783,57,132105,0,0;
30180693500;7210740,44904,1,8284,17335,64,34532,5569,0,34452,0,0,132037,8093,30,33311,9868,4,33310,10050,0,32408,9489,9,32350,0,0,33290,10786,5,33301,5782,56,132105,0,0;
30277170200;7210836,44904,1,8285,17335,64,34532,5538,0,34452,0,0,132037,8094,30,33311,9870,4,33310,10049,0,32408,9490,9,32350,0,0,33290,10786,5,33301,5782,57,132105,0,0;
30381375600;7210940,44904,1,8287,17336,64,34532,5531,0,34452,0,0,132037,8094,30,33311,9868,4,33310,10050,0,32408,9492,8,32350,0,0,33290,10787,5,33301,5783,57,132105,0,0;
30480946900;7211040,44904,1,8286,17337,65,34532,5526,0,34452,0,0,132037,8092,30,33311,9868,4,33310,10050,0,32408,9490,8,32350,0,0,33290,10784,5,33301,5783,57,132105,0,0;
30581427800;7211140,44904,1,8289,17337,68,34532,5513,0,34452,0,0,132037,8093,30,33311,9865,4,33310,10051,0,32408,9492,9,32350,0,0,33290,10785,5,33301,5781,57,132105,0,0;
30682812600;7211242,44904,1,8283,17335,65,34532,5527,0,34452,0,0,132037,8092,30,33311,9867,4,33310,10049,0,32408,9488,8,32350,0,0,33290,10784,5,33301,5782,58,132105,0,0;
30778556900;7211337,44904,1,8286,17337,66,34532,5571,0,34452,0,0,132037,8092,30,33311,9866,4,33310,10049,1,32408,9490,9,32350,0,0,33290,10785,6,33301,5782,58,132105,0,0;
30879408600;7211439,44904,1,8289,17339,65,34532,5560,0,34452,0,0,132037,8093,31,33311,9867,4,33310,10050,1,32408,9493,9,32350,0,0,33290,10785,5,33301,5784,58,132105,0,0;
30980476500;7211540,44904,1,8285,17335,64,34532,5531,0,34452,0,0,132037,8094,30,33311,9867,4,33310,10051,0,32408,9490,9,32350,0,0,33290,10783,5,33301,5782,58,132105,0,0;
31082442500;7211641,44904,1,8287,17338,67,34532,5566,0,34452,0,0,132037,8092,30,33311,9868,4,33310,10050,1,32408,9491,9,32350,0,0,33290,10787,5,33301,5782,57,132105,0,0;
31182276000;7211741,44904,1,8287,17338,64,34532,5525,0,34452,0,0,132037,8093,30,33311,9868,4,33310,10048,1,32408,9492,9,32350,0,0,33290,10784,5,33301,5784,58,132105,0,0;
31278068500;7211837,44904,1,8283,17336,62,34532,5519,0,34452,0,0,132037,8093,31,33311,9866,4,33310,10049,1,32408,9489,9,32350,0,0,33290,10788,5,33301,5784,58,132105,0,0;
31380489800;7211939,44904,1,8286,17335,66,34532,5487,0,34452,0,0,132037,8093,30,33311,9868,4,33310,10049,1,32408,9490,9,32350,0,0,33290,10787,5,33301,5781,58,132105,0,0;
31480940700;7212040,44904,1,8289,17339,69,34532,5487,0,34452,0,0,132037,8091,30,33311,9866,4,33310,10050,1,32408,9492,9,32350,0,0,33290,10788,5,33301,5782,58,132105,0,0;
31581839000;7212141,44904,1,8285,17336,65,34532,5512,0,34452,0,0,132037,8093,31,33311,9867,4,33310,10049,1,32408,9490,9,32350,0,0,33290,10789,5,33301,5782,58,132105,0,0;
31682427100;7212241,44904,1,8283,17337,67,34532,5533,0,34452,0,0,132037,8090,30,33311,9868,4,33310,10049,1,32408,9487,9,32350,0,0,33290,10785,5,33301,5782,58,132105,0,0;
31778156800;7212337,44904,1,8288,17337,68,34532,5536,0,34452,0,0,132037,8092,31,33311,9867,4,33310,10049,1,32408,9491,9,32350,0,0,33290,10786,5,33301,5781,58,132105,0,0;
31879761100;7212439,44904,1,8292,17341,70,34532,5510,0,34452,0,0,132037,8091,30,33311,9868,4,33310,10049,1,32408,9494,9,32350,0,0,33290,10787,5,33301,5783,58,132105,0,0;
31979755100;7212539,44904,1,8292,17340,69,34532,5520,0,34452,0,0,132037,8092,31,33311,9869,4,33310,10050,1,32408,9494,9,32350,0,0,33290,10788,5,33301,5782,57,132105,0,0;
32077530200;7212636,44904,1,8292,17339,71,34532,5503,0,34452,0,0,132037,8092,31,33311,9869,4,33310,10049,1,32408,9494,9,32350,0,0,33290,10788,5,33301,5781,57,132105,0,0;
32177910100;7212738,44904,1,8285,17336,65,34532,5541,0,34452,0,0,132037,8093,31,33311,9868,4,33310,10049,1,32408,9490,9,32350,0,0,33290,10786,5,33301,5782,57,132105,0,0;
32278761800;7212839,44904,1,8288,17339,67,34532,5526,0,34452,0,0,132037,8091,31,33311,9867,4,33310,0,0,32408,9491,9,32350,0,0,33290,10784,5,33301,5783,57,132105,0,0;
32381650800;7212941,44904,1,8287,17336,66,34532,5506,0,34452,0,0,132037,8093,31,33311,9867,4,33310,10049,0,32408,9491,9,32350,0,0,33290,10783,5,33301,5782,58,132105,0,0;
32476329100;7213036,44904,1,8286,17336,64,34532,5521,0,34452,0,0,132037,8094,31,33311,9867,4,33310,10050,0,32408,9491,9,32350,0,0,33290,10785,5,33301,5783,57,132105,0,0;
32578358100;7213138,44904,1,8291,17339,68,34532,5515,0,34452,0,0,132037,8093,31,33311,9868,4,33310,10052,0,32408,9494,9,32350,0,0,33290,10785,5,33301,5782,57,132105,0,0;
32679825300;7213239,44904,1,8287,17336,66,34532,5520,0,34452,0,0,132037,8093,31,33311,9868,4,33310,10050,0,32408,9491,9,32350,0,0,33290,10786,5,33301,5782,57,132105,0,0;
32781071800;7213341,44904,1,8287,17338,64,34532,5490,0,34452,0,0,132037,8093,31,33311,9867,4,33310,10050,0,32408,9492,9,32350,0,0,33290,10790,5,33301,5784,57,132105,0,0;
32876910000;7213436,44904,1,8288,17337,67,34532,5481,0,34452,0,0,132037,8093,31,33311,9868,4,33310,10053,0,32408,9492,9,32350,0,0,33290,10786,6,33301,5782,57,132105,0,0;
32978370500;7213538,44904,1,8282,17333,62,34532,5496,0,34452,0,0,132037,8094,31,33311,9868,4,33310,10051,0,32408,9488,9,32350,0,0,33290,10787,6,33301,5782,57,132105,0,0;
33079410500;7213639,44904,1,8285,17336,65,34532,5513,0,34452,0,0,132037,8093,31,33311,9867,4,33310,10052,0,32408,9490,9,32350,0,0,33290,10787,6,33301,5782,58,132105,0,0;
33181107800;7213740,44904,1,8284,17336,66,34532,5477,0,34452,0,0,132037,8092,31,33311,9868,4,33310,0,0,32408,9489,8,32350,0,0,33290,10786,6,33301,5782,58,132105,0,0;
33276136000;7213835,44904,1,8286,17337,66,34532,5493,0,34452,0,0,132037,8092,31,33311,9868,4,33310,10052,0,32408,9490,9,32350,0,0,33290,10785,5,33301,5782,59,132105,0,0;
33378770800;7213938,44904,1,8288,17336,65,34532,5500,0,34452,0,0,132037,8094,31,33311,9868,4,33310,10049,0,32408,9492,9,32350,0,0,33290,10788,6,33301,5782,59,132105,0,0;
33480905600;7214040,44904,1,8289,17337,68,34532,5489,0,34452,0,0,132037,8093,31,33311,9867,4,33310,10050,0,32408,9492,9,32350,0,0,33290,10784,6,33301,5781,58,132105,0,0;
33580195200;7214140,44904,1,8289,17338,69,34532,5492,0,34452,0,0,132037,8092,31,33311,9869,4,33310,10049,0,32408,9492,9,32350,0,0,33290,10789,6,33301,5781,57,132105,0,0;
33675867600;7214235,44904,1,8353,17289,229,34532,5483,0,34452,0,0,132037,8092,31,33311,9868,4,33310,10052,0,32408,9495,9,32350,0,0,33290,10784,6,33301,0,0,132105,0,0;
33779591500;7214339,44904,1,8280,17334,62,34532,5488,0,34452,0,0,132037,8093,31,33311,9869,4,33310,10050,0,32408,9487,9,32350,0,0,33290,10787,5,33301,5783,57,132105,0,0;
33879953700;7214440,44904,1,8284,17337,66,34532,5493,0,34452,0,0,132037,8091,31,33311,9868,4,33310,10051,0,32408,9488,9,32350,0,0,33290,10787,6,33301,5782,58,132105,0,0;
33980298200;7214540,44904,1,8289,17337,66,34532,5512,0,34452,0,0,132037,8094,31,33311,9868,4,33310,10050,0,32408,9493,9,32350,0,0,33290,10785,6,33301,5782,58,132105,0,0;
34075836100;7214635,44904,1,8284,17335,64,34532,5540,0,34452,0,0,132037,8093,31,33311,9868,4,33310,10049,0,32408,9489,9,32350,0,0,33290,10787,5,33301,5782,58,132105,0,0;
34180144400;7214740,44904,1,8290,17339,68,34532,5527,0,34452,0,0,132037,8092,31,33311,9868,4,33310,10049,0,32408,9493,9,32350,0,0,33290,10786,6,33301,5783,59,132105,0,0;
34278911800;7214839,44904,1,8284,17335,64,34532,5529,0,34452,0,0,132037,8093,32,33311,9868,4,33310,10049,0,32408,9489,9,32350,0,0,33290,10787,6,33301,5782,59,132105,0,0;
34380242100;7214940,44904,1,8286,17336,64,34532,5481,0,34452,0,0,132037,8094,32,33311,9869,4,33310,10049,0,32408,9491,9,32350,0,0,33290,10787,6,33301,5783,58,132105,0,0;
34481142400;7215040,44904,1,8283,17334,65,34532,5487,0,34452,0,0,132037,8093,32,33311,9867,4,33310,10050,0,32408,9488,9,32350,0,0,33290,10784,6,33301,5781,58,132105,0,0;
34576893200;7215137,44904,1,8292,17338,69,34532,5474,0,34452,0,0,132037,8093,32,33311,9868,4,33310,10053,1,32408,9494,9,32350,0,0,33290,10788,5,33301,5781,58,132105,0,0;
34677186600;7215237,44904,1,8288,17337,67,34532,5475,0,34452,0,0,132037,8093,32,33311,9868,4,33310,10051,1,32408,9492,9,32350,0,0,33290,10784,6,33301,5782,58,132105,0,0;
34779023600;7215339,44904,1,8289,17338,69,34532,5472,0,34452,0,0,132037,8092,32,33311,9866,4,33310,10050,1,32408,9492,9,32350,0,0,33290,10785,6,33301,5781,57,132105,0,0;
34881283000;7215441,44904,1,8286,17335,66,34532,5493,0,34452,0,0,132037,8093,32,33311,9867,4,33310,10052,0,32408,9490,9,32350,0,0,33290,10783,6,33301,5781,58,132105,0,0;
34975138200;7215535,44904,1,8294,17341,73,34532,5495,0,34452,0,0,132037,8091,32,33311,9868,4,33310,10049,1,32408,9495,9,32350,0,0,33290,10789,6,33301,5781,57,132105,0,0;
35077502900;7215638,44904,1,8289,17338,68,34532,5514,0,34452,0,0,132037,8092,32,33311,9868,4,33310,10050,1,32408,9492,9,32350,0,0,33290,10785,6,33301,5782,58,132105,0,0;
35179393100;7215739,44904,1,8287,17335,66,34532,5564,0,34452,0,0,132037,8094,32,33311,9869,4,33310,10050,0,32408,9491,9,32350,0,0,33290,10785,6,33301,5781,57,132105,0,0;
35279603500;7215839,44904,1,8288,17338,70,34532,5595,0,34452,0,0,132037,8091,32,33311,9868,4,33310,10049,1,32408,9491,9,32350,0,0,33290,10787,6,33301,5781,57,132105,0,0;
35380289500;7215940,44904,1,8286,17336,68,34532,5698,0,34452,0,0,132037,8092,32,33311,9864,4,33310,10050,0,32408,9490,9,32350,0,0,33290,10785,6,33301,5781,58,132105,0,0;
35476377400;7216036,44904,1,8290,17339,69,34532,5634,0,34452,0,0,132037,8092,32,33311,9870,4,33310,10052,0,32408,9493,9,32350,0,0,33290,10787,6,33301,5782,58,132105,0,0;
35579575300;7216139,44904,1,8288,17339,68,34532,5600,0,34452,0,0,132037,8091,32,33311,9865,4,33310,10053,0,32408,9491,9,32350,0,0,33290,10785,6,33301,5782,59,132105,0,0;
35678424200;7216239,44904,1,8285,17334,65,34532,0,0,34452,0,0,132037,8094,32,33311,9868,4,33310,10053,0,32408,9490,9,32350,0,0,33290,10786,6,33301,5781,59,132105,0,0;
35779729100;7216340,44904,1,8283,17334,63,34532,0,0,34452,0,0,132037,8094,32,33311,9866,4,33310,10050,0,32408,9489,9,32350,0,0,33290,10786,5,33301,5782,59,132105,0,0;
35881003400;7216441,44904,1,8284,17335,64,34532,0,0,34452,0,0,132037,8093,32,33311,9868,4,33310,10053,0,32408,9489,9,32350,0,0,33290,10791,6,33301,5782,60,132105,0,0;
35976420100;7216536,44904,1,8288,17337,67,34532,0,0,34452,0,0,132037,8093,32,33311,9869,4,33310,10053,0,32408,9492,9,32350,0,0,33290,10788,6,33301,5782,59,132105,0,0;
36077300900;7216637,44904,1,8287,17338,67,34532,0,0,34452,0,0,132037,8092,32,33311,9868,4,33310,10053,0,32408,9491,9,32350,0,0,33290,10784,5,33301,5782,59,132105,0,0;
36179391500;7216739,44904,1,8286,17336,64,34532,0,0,34452,0,0,132037,8094,32,33311,9867,4,33310,10053,0,32408,9491,9,32350,0,0,33290,10785,6,33301,5783,60,132105,0,0;
36279507800;7216839,44904,1,8293,17342,73,34532,0,0,34452,0,0,132037,8090,32,33311,9865,4,33310,10051,0,32408,9494,9,32350,0,0,33290,10784,6,33301,5781,59,132105,0,0;
36375683600;7216935,44904,1,8288,17337,68,34532,0,0,34452,0,0,132037,8092,32,33311,9865,4,33310,10053,0,32408,9491,9,32350,0,0,33290,10789,6,33301,5781,59,132105,0,0;
36478176100;7217038,44904,1,8287,17336,66,34532,0,0,34452,0,0,132037,8093,32,33311,9867,4,33310,10053,0,32408,9491,9,32350,0,0,33290,10786,6,33301,5782,59,132105,0,0;
36581338100;7217141,44904,1,8280,17336,64,34532,0,0,34452,0,0,132037,8091,32,33311,9868,4,33310,10055,0,32408,9486,9,32350,0,0,33290,10786,6,33301,5783,59,132105,0,0;
36679230600;7217239,44904,1,8284,17337,66,34532,0,0,34452,0,0,132037,8091,31,33311,9867,4,33310,10053,0,32408,9488,9,32350,0,0,33290,10788,6,33301,5782,58,132105,0,0;
36775762700;7217335,44904,1,8284,17335,64,34532,0,0,34452,0,0,132037,8093,31,33311,9866,4,33310,10053,0,32408,9489,9,32350,0,0,33290,10785,6,33301,5782,59,132105,0,0;
36877903700;7217437,44904,1,8288,17336,65,34532,0,0,34452,0,0,132037,8094,31,33311,9868,4,33310,10052,0,32408,9492,9,32350,0,0,33290,10786,5,33301,5782,59,132105,0,0;
