988918800;7372423,44904,1,7604,16334,45,34532,0,0,34452,0,0,132037,8501,27,33311,8923,6,33310,9100,2,32408,9016,15,32350,0,0,33290,9684,6,33301,5148,114,132105,0,0;
1089934900;7372523,44904,1,7604,16331,44,34532,0,0,34452,0,0,132037,8503,27,33311,8928,6,33310,9100,2,32408,9016,15,32350,0,0,33290,9682,6,33301,5147,114,132105,0,0;
1185856800;7372619,44904,1,7604,16334,45,34532,0,0,34452,0,0,132037,8501,27,33311,8925,5,33310,9099,2,32408,9016,15,32350,0,0,33290,9682,6,33301,5148,113,132105,0,0;
1288157600;7372722,44904,1,7608,16336,48,34532,0,0,34452,0,0,132037,8500,27,33311,8926,5,33310,9101,2,32408,9018,15,32350,0,0,33290,9682,6,33301,5147,112,132105,0,0;
1389431400;7372823,44904,1,7604,16334,46,34532,0,0,34452,0,0,132037,8500,27,33311,8925,6,33310,9100,2,32408,9015,15,32350,0,0,33290,9682,7,33301,5148,110,132105,0,0;
1489937100;7372924,44904,1,7603,16334,47,34532,0,0,34452,0,0,132037,8499,27,33311,8924,5,33310,0,0,32408,9014,15,32350,0,0,33290,9681,7,33301,5147,110,132105,0,0;
1585868600;7373020,44904,1,7604,16334,47,34532,0,0,34452,0,0,132037,8500,27,33311,8924,5,33310,9100,2,32408,9015,15,32350,0,0,33290,9684,7,33301,5147,112,132105,0,0;
1689987500;7373124,44904,1,7603,16333,46,34532,0,0,34452,0,0,132037,8500,27,33311,8926,5,33310,9099,2,32408,9014,15,32350,0,0,33290,9683,7,33301,5147,114,132105,0,0;
1789061300;7373223,44904,1,7603,16333,45,34532,0,0,34452,0,0,132037,8501,27,33311,8926,5,33310,9100,2,32408,9015,14,32350,0,0,33290,9685,7,33301,5148,115,132105,0,0;
1890373500;7373324,44904,1,7602,16332,46,34532,0,0,34452,0,0,132037,8501,27,33311,8925,6,33310,0,0,32408,9014,15,32350,0,0,33290,9683,7,33301,5147,116,132105,0,0;
1985043000;7373419,44904,1,7601,16331,44,34532,10010,0,34452,0,0,132037,8502,27,33311,8923,5,33310,9102,2,32408,9014,15,32350,0,0,33290,9683,7,33301,5148,116,132105,0,0;
2090026000;7373524,44904,1,7600,16330,43,34532,9961,0,34452,0,0,132037,8503,27,33311,8925,6,33310,0,0,32408,9014,15,32350,0,0,33290,9684,7,33301,5148,115,132105,0,0;
2189147800;7373623,44904,1,7602,16332,44,34532,9973,0,34452,0,0,132037,8502,27,33311,8925,5,33310,9102,2,32408,9015,14,32350,0,0,33290,9686,7,33301,5148,113,132105,0,0;
2289896000;7373724,44904,1,7605,16335,46,34532,9931,0,34452,0,0,132037,8500,27,33311,8923,5,33310,9098,2,32408,9016,15,32350,0,0,33290,9681,7,33301,5148,115,132105,0,0;
2385830800;7373820,44904,1,7605,16332,44,34532,9904,0,34452,0,0,132037,8503,27,33311,8925,6,33310,9102,2,32408,9017,15,32350,0,0,33290,9681,7,33301,5148,115,132105,0,0;
2486558500;7373920,44904,1,7602,16332,45,34532,9894,0,34452,0,0,132037,8501,27,33311,8926,6,33310,9101,2,32408,9014,15,32350,0,0,33290,9683,7,33301,5148,117,132105,0,0;
2588338300;7374022,44904,1,7603,16333,46,34532,9900,0,34452,0,0,132037,8501,27,33311,8925,6,33310,9102,2,32408,9015,15,32350,0,0,33290,9688,7,33301,5147,117,132105,0,0;
2689996400;7374124,44904,1,7606,16334,45,34532,9892,0,34452,0,0,132037,8501,27,33311,8929,6,33310,0,0,32408,9017,15,32350,0,0,33290,9687,7,33301,5148,118,132105,0,0;
2790189200;7374224,44904,1,7600,16332,44,34532,9881,0,34452,0,0,132037,8501,27,33311,8927,6,33310,9101,2,32408,9013,15,32350,0,0,33290,9683,7,33301,5148,119,132105,0,0;
2887880600;7374322,44904,1,7603,16333,45,34532,9869,0,34452,0,0,132037,8501,27,33311,8927,6,33310,9100,2,32408,9015,15,32350,0,0,33290,9685,7,33301,5148,120,132105,0,0;
2988253900;7374423,44904,1,7600,16332,44,34532,9872,0,34452,0,0,132037,8501,27,33311,8925,5,33310,9102,2,32408,9013,15,32350,0,0,33290,9682,7,33301,5148,120,132105,0,0;
3089924400;7374524,44904,1,7606,16334,47,34532,9903,0,34452,0,0,132037,8500,27,33311,8926,5,33310,9098,3,32408,9016,15,32350,0,0,33290,9682,7,33301,5147,119,132105,0,0;
3185027700;7374619,44904,1,7601,16333,45,34532,9928,0,34452,0,0,132037,8500,27,33311,8925,5,33310,9099,3,32408,9013,15,32350,0,0,33290,9683,7,33301,5148,118,132105,0,0;
3287577900;7374722,44904,1,7603,16335,46,34532,9931,0,34452,0,0,132037,8499,27,33311,8926,5,33310,9100,2,32408,9014,15,32350,0,0,33290,9685,7,33301,5148,117,132105,0,0;
3387790700;7374822,44904,1,7601,16330,44,34532,9967,0,34452,0,0,132037,8503,28,33311,8924,5,33310,9098,2,32408,9014,15,32350,0,0,33290,9684,7,33301,5147,114,132105,0,0;
3489298000;7374924,44904,1,7603,16333,46,34532,9909,0,34452,0,0,132037,8500,28,33311,8928,6,33310,0,0,32408,9014,15,32350,0,0,33290,9685,7,33301,5147,113,132105,0,0;
3588822800;7375023,44904,1,7606,16334,45,34532,0,0,34452,0,0,132037,8501,27,33311,8926,6,33310,9099,2,32408,9017,15,32350,0,0,33290,9681,7,33301,5148,113,132105,0,0;
3685876800;7375120,44904,1,7603,16331,43,34532,9918,0,34452,0,0,132037,8503,28,33311,8928,6,33310,9100,2,32408,9016,15,32350,0,0,33290,9684,7,33301,5148,113,132105,0,0;
3787711100;7375221,44904,1,7605,16333,46,34532,9940,0,34452,0,0,132037,8501,27,33311,8927,6,33310,0,0,32408,9016,15,32350,0,0,33290,9679,7,33301,5147,111,132105,0,0;
3889228700;7375323,44904,1,7605,16335,46,34532,9914,0,34452,0,0,132037,8500,28,33311,8924,5,33310,9100,2,32408,9016,15,32350,0,0,33290,9682,7,33301,5148,114,132105,0,0;
3988667800;7375423,44904,1,7602,16332,46,34532,9938,0,34452,0,0,132037,8501,28,33311,8927,6,33310,9102,2,32408,9014,15,32350,0,0,33290,9682,7,33301,5147,115,132105,0,0;
4084960100;7375519,44904,1,7604,16334,45,34532,0,0,34452,0,0,132037,8501,27,33311,8929,6,33310,9102,2,32408,9016,15,32350,0,0,33290,9679,7,33301,5148,113,132105,0,0;
4187691200;7375622,44904,1,7602,16333,45,34532,0,0,34452,0,0,132037,8500,28,33311,8926,6,33310,9102,2,32408,9014,15,32350,0,0,33290,9684,7,33301,5148,113,132105,0,0;
4288809800;7375723,44904,1,7607,16335,46,34532,0,0,34452,0,0,132037,8500,27,33311,8926,6,33310,9100,2,32408,9017,15,32350,0,0,33290,9685,7,33301,5148,112,132105,0,0;
4388633500;7375823,44904,1,7604,16334,46,34532,0,0,34452,0,0,132037,8500,28,33311,8921,6,33310,9101,2,32408,9015,15,32350,0,0,33290,9685,7,33301,5148,112,132105,0,0;
4484066100;7375919,44904,1,7603,16333,45,34532,0,0,34452,0,0,132037,8501,28,33311,8925,6,33310,9102,2,32408,9015,15,32350,0,0,33290,9687,7,33301,5148,111,132105,0,0;
4588740400;7376023,44904,1,7606,16334,47,34532,0,0,34452,0,0,132037,8500,27,33311,8926,6,33310,9101,2,32408,9016,15,32350,0,0,33290,9681,7,33301,5147,112,132105,0,0;
4688630400;7376123,44904,1,7603,16333,45,34532,0,0,34452,0,0,132037,8501,28,33311,8924,6,33310,9102,2,32408,9015,15,32350,0,0,33290,9682,6,33301,5148,112,132105,0,0;
4789391300;7376224,44904,1,7605,16333,46,34532,0,0,34452,0,0,132037,8501,27,33311,8926,6,33310,9103,2,32408,9016,15,32350,0,0,33290,9682,6,33301,5147,113,132105,0,0;
4884469200;7376319,44904,1,7606,16334,45,34532,0,0,34452,0,0,132037,8501,27,33311,8924,6,33310,9101,2,32408,9017,15,32350,0,0,33290,9679,6,33301,5148,114,132105,0,0;
4987051400;7376421,44904,1,7604,16332,45,34532,0,0,34452,0,0,132037,8502,27,33311,8925,6,33310,0,0,32408,9016,15,32350,0,0,33290,9681,6,33301,5147,115,132105,0,0;
5089120000;7376524,44904,1,7605,16335,46,34532,0,0,34452,0,0,132037,8500,27,33311,8927,6,33310,9102,2,32408,9016,15,32350,0,0,33290,9681,6,33301,5148,116,132105,0,0;
5189134300;7376624,44904,1,7607,16335,46,34532,0,0,34452,0,0,132037,8500,27,33311,8924,6,33310,9102,2,32408,9017,15,32350,0,0,33290,9682,7,33301,5148,117,132105,0,0;
5284228700;7376719,44904,1,7608,16338,48,34532,0,0,34452,0,0,132037,8498,27,33311,8928,5,33310,9102,2,32408,9017,15,32350,0,0,33290,9685,7,33301,5148,116,132105,0,0;
5386116200;7376821,44904,1,7601,16331,45,34532,0,0,34452,0,0,132037,8501,27,33311,8926,6,33310,9101,2,32408,9013,15,32350,0,0,33290,9682,7,33301,5147,115,132105,0,0;
5487392600;7376922,44904,1,7606,16334,45,34532,0,0,34452,0,0,132037,8501,27,33311,8925,6,33310,9102,2,32408,9017,15,32350,0,0,33290,9683,7,33301,5148,114,132105,0,0;
5587302400;7377022,44904,1,7603,16333,45,34532,0,0,34452,0,0,132037,8501,27,33311,8927,6,33310,9101,2,32408,9015,15,32350,0,0,33290,9682,7,33301,5148,113,132105,0,0;
5688089700;7377123,44904,1,7605,16335,46,34532,0,0,34452,0,0,132037,8500,27,33311,8925,6,33310,9101,3,32408,9016,15,32350,0,0,33290,9682,7,33301,5148,113,132105,0,0;
5784308600;7377219,44904,1,7604,16334,45,34532,0,0,34452,0,0,132037,8501,27,33311,8926,5,33310,9100,3,32408,9016,15,32350,0,0,33290,9684,7,33301,5148,114,132105,0,0;
5886444400;7377322,44904,1,7607,16335,47,34532,0,0,34452,0,0,132037,8500,27,33311,8926,6,33310,9099,3,32408,9017,15,32350,0,0,33290,9684,6,33301,5147,114,132105,0,0;
5986336700;7377422,44904,1,7602,16332,46,34532,0,0,34452,0,0,132037,8501,27,33311,8924,5,33310,9100,3,32408,9014,15,32350,0,0,33290,9684,6,33301,5147,115,132105,0,0;
6087719500;7377523,44904,1,7603,16333,46,34532,0,0,34452,0,0,132037,8501,27,33311,8927,6,33310,9099,3,32408,9015,15,32350,0,0,33290,9681,6,33301,5147,115,132105,0,0;
6188520700;7377623,44904,1,7607,16335,46,34532,0,0,34452,0,0,132037,8501,27,33311,8925,6,33310,9100,3,32408,9018,15,32350,0,0,33290,9682,6,33301,5148,116,132105,0,0;
6284242000;7377719,44904,1,7604,16334,45,34532,0,0,34452,0,0,132037,8501,27,33311,8927,6,33310,9101,3,32408,9016,15,32350,0,0,33290,9685,6,33301,5148,115,132105,0,0;
6386899200;7377821,44904,1,7605,16335,46,34532,0,0,34452,0,0,132037,8500,27,33311,8926,6,33310,9098,3,32408,9016,15,32350,0,0,33290,9682,6,33301,5148,116,132105,0,0;
6487411100;7377922,44904,1,7604,16334,46,34532,0,0,34452,0,0,132037,8500,27,33311,8927,6,33310,0,0,32408,9015,15,32350,0,0,33290,9682,7,33301,5148,116,132105,0,0;
6587786100;7378023,44904,1,7600,16332,44,34532,0,0,34452,0,0,132037,8501,27,33311,8929,6,33310,9098,3,32408,9013,15,32350,0,0,33290,9681,7,33301,5148,116,132105,0,0;
6682923000;7378118,44904,1,7602,16332,45,34532,0,0,34452,0,0,132037,8501,27,33311,8925,5,33310,9132,3,32408,9014,14,32350,0,0,33290,9680,7,33301,5148,114,132105,0,0;
6787338000;7378222,44904,1,7604,16334,44,34532,0,0,34452,0,0,132037,8501,27,33311,8925,5,33310,9130,3,32408,9016,14,32350,0,0,33290,9684,7,33301,5149,114,132105,0,0;
6886634600;7378322,44904,1,7602,16332,45,34532,9955,0,34452,0,0,132037,8501,27,33311,8925,5,33310,9130,3,32408,9014,14,32350,0,0,33290,9684,7,33301,5148,115,132105,0,0;
6988273500;7378423,44904,1,7601,16333,44,34532,10024,0,34452,0,0,132037,8501,27,33311,8929,5,33310,9097,3,32408,9014,15,32350,0,0,33290,9690,7,33301,5149,115,132105,0,0;
7085356500;7378520,44904,1,7603,16333,46,34532,9944,0,34452,0,0,132037,8500,28,33311,8926,5,33310,9098,3,32408,9014,14,32350,0,0,33290,0,0,33301,5147,115,132105,0,0;
7185500700;7378621,44904,1,7603,16333,45,34532,0,0,34452,0,0,132037,8501,28,33311,8928,6,33310,9098,3,32408,9015,15,32350,0,0,33290,9685,7,33301,0,0,132105,0,0;
7286808600;7378722,44904,1,7606,16333,44,34532,9952,0,34452,0,0,132037,8503,28,33311,8925,6,33310,9100,3,32408,9018,14,32350,0,0,33290,9681,7,33301,5148,116,132105,0,0;
7388525900;7378824,44904,1,7604,16334,45,34532,9922,0,34452,0,0,132037,8501,28,33311,8926,6,33310,9099,3,32408,9016,15,32350,0,0,33290,9680,7,33301,5148,116,132105,0,0;
7483678600;7378919,44904,1,7604,16334,46,34532,0,0,34452,0,0,132037,8500,27,33311,8928,5,33310,9099,3,32408,9015,14,32350,0,0,33290,9682,7,33301,5148,117,132105,0,0;
7586437800;7379021,44904,1,7603,16333,44,34532,0,0,34452,0,0,132037,8501,27,33311,8923,5,33310,9132,3,32408,9015,14,32350,0,0,33290,9685,7,33301,5149,116,132105,0,0;
7687546700;7379122,44904,1,7602,16332,45,34532,0,0,34452,0,0,132037,8501,27,33311,8925,5,33310,9099,3,32408,9014,15,32350,0,0,33290,9682,7,33301,5148,117,132105,0,0;
7787864700;7379223,44904,1,7604,16332,44,34532,0,0,34452,0,0,132037,8502,27,33311,8924,5,33310,9100,3,32408,9016,14,32350,0,0,33290,9683,7,33301,5148,118,132105,0,0;
7889416000;7379324,44904,1,7604,16334,46,34532,9974,0,34452,0,0,132037,8500,27,33311,8926,6,33310,9099,3,32408,9015,14,32350,0,0,33290,9684,7,33301,5148,118,132105,0,0;
7984958400;7379420,44904,1,7603,16333,45,34532,0,0,34452,0,0,132037,8501,27,33311,8891,5,33310,9101,3,32408,9015,14,32350,0,0,33290,9683,7,33301,5148,119,132105,0,0;
8088020100;7379523,44904,1,7605,16335,45,34532,0,0,34452,0,0,132037,8500,27,33311,8928,5,33310,9102,2,32408,9016,14,32350,0,0,33290,9682,7,33301,5149,119,132105,0,0;
8187236700;7379622,44904,1,7605,16333,44,34532,0,0,34452,0,0,132037,8502,27,33311,8925,5,33310,9102,3,32408,9017,14,32350,0,0,33290,9682,6,33301,5148,119,132105,0,0;
8287917000;7379723,44904,1,7602,16332,45,34532,0,0,34452,0,0,132037,8501,27,33311,8926,5,33310,9102,2,32408,9014,14,32350,0,0,33290,9680,6,33301,5148,119,132105,0,0;
8383238600;7379818,44904,1,7603,16333,44,34532,0,0,34452,0,0,132037,8501,27,33311,8925,5,33310,9102,2,32408,9015,14,32350,0,0,33290,9681,6,33301,5149,118,132105,0,0;
8485355500;7379920,44904,1,7602,16332,43,34532,0,0,34452,0,0,132037,8502,27,33311,8926,5,33310,9105,2,32408,9015,14,32350,0,0,33290,9684,6,33301,5149,117,132105,0,0;
8586798700;7380021,44904,1,7602,16332,45,34532,0,0,34452,0,0,132037,8501,27,33311,8926,5,33310,9103,2,32408,9014,15,32350,0,0,33290,9682,6,33301,5148,118,132105,0,0;
8688474500;7380124,44904,1,7604,16334,45,34532,0,0,34452,0,0,132037,8501,27,33311,8928,6,33310,9101,2,32408,9016,15,32350,0,0,33290,9679,6,33301,5148,119,132105,0,0;
8787898200;7380223,44904,1,7606,16334,45,34532,0,0,34452,0,0,132037,8501,27,33311,8926,5,33310,9100,2,32408,9017,15,32350,0,0,33290,9683,6,33301,5148,120,132105,0,0;
8883826400;7380319,44904,1,7604,16334,45,34532,0,0,34452,0,0,132037,8501,27,33311,8927,6,33310,9101,3,32408,9016,15,32350,0,0,33290,9685,6,33301,5148,121,132105,0,0;
8986580200;7380421,44904,1,7603,16333,45,34532,0,0,34452,0,0,132037,8501,27,33311,8926,6,33310,9099,3,32408,9015,15,32350,0,0,33290,9681,6,33301,5148,120,132105,0,0;
9088075600;7380523,44904,1,7605,16335,46,34532,0,0,34452,0,0,132037,8500,27,33311,8925,6,33310,9098,3,32408,9016,15,32350,0,0,33290,9685,6,33301,5148,119,132105,0,0;
9187852500;7380623,44904,1,7598,16331,45,34532,0,0,34452,0,0,132037,8500,27,33311,8928,6,33310,9097,3,32408,9011,15,32350,0,0,33290,9682,6,33301,5148,116,132105,0,0;
9284654000;7380720,44904,1,7606,16334,45,34532,0,0,34452,0,0,132037,8501,27,33311,8927,5,33310,9098,3,32408,9017,15,32350,0,0,33290,9683,6,33301,5148,114,132105,0,0;
9386750600;7380821,44904,1,7602,16332,45,34532,0,0,34452,0,0,132037,8501,27,33311,8925,5,33310,9099,3,32408,9014,15,32350,0,0,33290,9683,6,33301,5148,113,132105,0,0;
9487016400;7380922,44904,1,7603,16331,43,34532,0,0,34452,0,0,132037,8503,27,33311,8924,5,33310,9101,3,32408,9016,15,32350,0,0,33290,9682,6,33301,5148,113,132105,0,0;
9587360000;7381022,44904,1,7602,16332,44,34532,0,0,34452,0,0,132037,8502,27,33311,8926,6,33310,9099,3,32408,9015,15,32350,0,0,33290,9683,6,33301,5148,116,132105,0,0;
9683179200;7381118,44904,1,7603,16333,45,34532,0,0,34452,0,0,132037,8501,27,33311,8925,6,33310,9099,3,32408,9015,15,32350,0,0,33290,9681,5,33301,5148,117,132105,0,0;
9786745600;7381222,44904,1,7605,16335,45,34532,0,0,34452,0,0,132037,8500,28,33311,8926,6,33310,9097,3,32408,9016,15,32350,0,0,33290,9682,6,33301,5149,118,132105,0,0;
9886625600;7381322,44904,1,7603,16333,45,34532,0,0,34452,0,0,132037,8501,27,33311,8890,6,33310,9098,3,32408,9015,15,32350,0,0,33290,9682,5,33301,5148,115,132105,0,0;
9987814400;7381423,44904,1,7609,16337,47,34532,0,0,34452,0,0,132037,8499,28,33311,8926,6,33310,9099,3,32408,9018,15,32350,0,0,33290,9684,6,33301,5148,118,132105,0,0;
10084951700;7381520,44904,1,7606,16334,45,34532,0,0,34452,0,0,132037,8501,27,33311,8928,6,33310,9098,3,32408,9017,15,32350,0,0,33290,9683,6,33301,5148,117,132105,0,0;
10187037700;7381623,44904,1,7602,16332,45,34532,0,0,34452,0,0,132037,8501,27,33311,8925,5,33310,9101,3,32408,9014,15,32350,0,0,33290,9683,5,33301,5148,117,132105,0,0;
10286284900;7381722,44904,1,7604,16332,44,34532,0,0,34452,0,0,132037,8502,27,33311,8926,6,33310,9101,3,32408,9016,15,32350,0,0,33290,9685,6,33301,5148,116,132105,0,0;
10388873200;7381825,44904,1,7606,16336,47,34532,0,0,34452,0,0,132037,8499,27,33311,8929,6,33310,9098,3,32408,9016,15,32350,0,0,33290,9683,6,33301,5148,118,132105,0,0;
10482887900;7381918,44904,1,7605,16335,46,34532,0,0,34452,0,0,132037,8500,28,33311,8926,6,33310,9100,3,32408,9016,15,32350,0,0,33290,9685,6,33301,5148,117,132105,0,0;
10586380100;7382022,44904,1,7603,16335,46,34532,0,0,34452,0,0,132037,8499,27,33311,8926,5,33310,9100,3,32408,9014,15,32350,0,0,33290,9686,6,33301,5148,117,132105,0,0;
10685013500;7382121,44904,1,7600,16330,43,34532,0,0,34452,0,0,132037,8502,28,33311,8929,5,33310,9100,3,32408,9013,15,32350,0,0,33290,9686,6,33301,5148,116,132105,0,0;
10786900100;7382222,44904,1,7603,16333,45,34532,0,0,34452,0,0,132037,8501,27,33311,8926,6,33310,9099,3,32408,9015,15,32350,0,0,33290,9680,6,33301,5148,117,132105,0,0;
10889154800;7382324,44904,1,7603,16333,43,34532,0,0,34452,0,0,132037,8502,27,33311,8927,5,33310,9097,3,32408,9016,15,32350,0,0,33290,9684,6,33301,5149,117,132105,0,0;
10982535800;7382418,44904,1,7608,16338,46,34532,0,0,34452,0,0,132037,8499,27,33311,8928,6,33310,9099,3,32408,9018,15,32350,0,0,33290,9682,6,33301,5149,116,132105,0,0;
11086389800;7382522,44904,1,7604,16334,45,34532,0,0,34452,0,0,132037,8501,27,33311,8923,6,33310,9097,3,32408,9016,15,32350,0,0,33290,9681,6,33301,5148,116,132105,0,0;
11186752400;7382622,44904,1,7606,16334,45,34532,0,0,34452,0,0,132037,8501,27,33311,8928,6,33310,9097,3,32408,9017,15,32350,0,0,33290,9681,6,33301,5148,115,132105,0,0;
11290004300;7382723,44904,1,7604,16334,44,34532,0,0,34452,0,0,132037,8501,27,33311,8926,5,33310,9098,3,32408,9016,15,32350,0,0,33290,9684,6,33301,5149,118,132105,0,0;
11388002500;7382823,44904,1,7604,16334,44,34532,0,0,34452,0,0,132037,8501,27,33311,8927,6,33310,9098,3,32408,9016,16,32350,0,0,33290,9684,6,33301,5149,120,132105,0,0;
11483860500;7382919,44904,1,7602,16334,44,34532,0,0,34452,0,0,132037,8500,27,33311,8925,5,33310,9100,3,32408,9014,16,32350,0,0,33290,9686,6,33301,5149,117,132105,0,0;
11586578000;7383022,44904,1,7603,16333,45,34532,0,0,34452,0,0,132037,8501,27,33311,8925,6,33310,9098,3,32408,9015,16,32350,0,0,33290,9686,6,33301,5148,114,132105,0,0;
11686990800;7383123,44904,1,7604,16335,47,34532,0,0,34452,0,0,132037,8499,27,33311,8925,5,33310,9098,3,32408,9015,16,32350,0,0,33290,9683,6,33301,5148,115,132105,0,0;
11786810900;7383222,44904,1,7606,16334,45,34532,0,0,34452,0,0,132037,8501,27,33311,8925,5,33310,9100,3,32408,9017,15,32350,0,0,33290,9683,6,33301,5148,114,132105,0,0;
11887549200;7383323,44904,1,7604,16335,47,34532,0,0,34452,0,0,132037,8499,27,33311,8924,6,33310,9100,3,32408,9015,16,32350,0,0,33290,9684,6,33301,5148,115,132105,0,0;
11984549500;7383420,44904,1,7602,16332,44,34532,0,0,34452,0,0,132037,8502,27,33311,8925,5,33310,9100,3,32408,9015,16,32350,0,0,33290,9684,6,33301,5148,115,132105,0,0;
12086057500;7383522,44904,1,7605,16335,45,34532,0,0,34452,0,0,132037,8500,27,33311,8924,5,33310,9099,3,32408,9016,15,32350,0,0,33290,9682,6,33301,5149,114,132105,0,0;
12186843200;7383622,44904,1,7604,16335,47,34532,0,0,34452,0,0,132037,8499,27,33311,8923,5,33310,9097,3,32408,9015,16,32350,0,0,33290,9685,6,33301,5148,116,132105,0,0;
12287952200;7383723,44904,1,7605,16333,44,34532,0,0,34452,0,0,132037,8502,27,33311,8929,6,33310,9099,3,32408,9017,16,32350,0,0,33290,9687,6,33301,5148,116,132105,0,0;
12383120600;7383819,44904,1,7604,16332,45,34532,0,0,34452,0,0,132037,8502,27,33311,8926,6,33310,9097,3,32408,9016,15,32350,0,0,33290,9684,6,33301,5147,117,132105,0,0;
12485761900;7383921,44904,1,7604,16334,45,34532,0,0,34452,0,0,132037,8501,27,33311,8927,6,33310,9101,3,32408,9016,15,32350,0,0,33290,9681,6,33301,5148,116,132105,0,0;
12588407200;7384023,44904,1,7606,16336,47,34532,0,0,34452,0,0,132037,8499,27,33311,8925,6,33310,9101,3,32408,9016,16,32350,0,0,33290,9686,6,33301,5148,117,132105,0,0;
12683609500;7384119,44904,1,7607,16335,46,34532,0,0,34452,0,0,132037,8500,26,33311,8924,6,33310,9099,3,32408,9017,15,32350,0,0,33290,9686,7,33301,5148,117,132105,0,0;
12782190200;7384218,44904,1,7605,16333,46,34532,0,0,34452,0,0,132037,8501,26,33311,8928,5,33310,9101,2,32408,9016,15,32350,0,0,33290,9681,7,33301,5147,116,132105,0,0;
12888467200;7384324,44904,1,7603,16333,45,34532,0,0,34452,0,0,132037,8501,26,33311,8929,6,33310,9100,2,32408,9015,16,32350,0,0,33290,9686,7,33301,5148,118,132105,0,0;
12982827700;7384418,44904,1,7603,16333,44,34532,0,0,34452,0,0,132037,8501,27,33311,8927,6,33310,9101,3,32408,9015,16,32350,0,0,33290,9684,7,33301,5149,120,132105,0,0;
13085544900;7384521,44904,1,7602,16333,45,34532,0,0,34452,0,0,132037,8500,27,33311,8925,6,33310,9100,3,32408,9014,15,32350,0,0,33290,9684,7,33301,5148,120,132105,0,0;
13186675800;7384622,44904,1,7604,16334,45,34532,0,0,34452,0,0,132037,8501,27,33311,8926,6,33310,9100,3,32408,9016,15,32350,0,0,33290,9687,6,33301,5148,119,132105,0,0;
13287841300;7384724,44904,1,7604,16334,45,34532,0,0,34452,0,0,132037,8501,27,33311,8926,6,33310,9097,3,32408,9016,15,32350,0,0,33290,9683,6,33301,5148,119,132105,0,0;
13382440200;7384818,44904,1,7604,16334,45,34532,0,0,34452,0,0,132037,8501,27,33311,8925,6,33310,9098,3,32408,9016,15,32350,0,0,33290,9684,6,33301,5148,119,132105,0,0;
13484458700;7384920,44904,1,7603,16335,46,34532,0,0,34452,0,0,132037,8499,28,33311,8925,6,33310,9098,3,32408,9014,15,32350,0,0,33290,9683,6,33301,5148,118,132105,0,0;
13585472600;7385021,44904,1,7607,16334,45,34532,0,0,34452,0,0,132037,8502,27,33311,8926,6,33310,9097,4,32408,9018,15,32350,0,0,33290,9686,6,33301,5148,117,132105,0,0;
13686545200;7385122,44904,1,7607,16337,47,34532,0,0,34452,0,0,132037,8499,27,33311,8927,6,33310,9097,3,32408,9017,16,32350,0,0,33290,9685,6,33301,5148,118,132105,0,0;
13788136700;7385224,44904,1,7604,16334,46,34532,0,0,34452,0,0,132037,8500,27,33311,8926,6,33310,9132,4,32408,9015,15,32350,0,0,33290,9683,6,33301,5148,119,132105,0,0;
13881708800;7385317,44904,1,7605,16335,46,34532,0,0,34452,0,0,132037,8500,26,33311,8929,6,33310,9095,4,32408,9016,16,32350,0,0,33290,9685,6,33301,5148,120,132105,0,0;
13981600000;7385417,44904,1,7607,16335,46,34532,0,0,34452,0,0,132037,8500,26,33311,8926,6,33310,9096,4,32408,9017,15,32350,0,0,33290,9685,6,33301,5148,120,132105,0,0;
14089103900;7385525,44904,1,7606,16336,47,34532,0,0,34452,0,0,132037,8499,26,33311,8926,6,33310,9098,4,32408,9016,16,32350,0,0,33290,9682,6,33301,5148,120,132105,0,0;
14181443600;7385617,44904,1,7603,16335,46,34532,0,0,34452,0,0,132037,8499,26,33311,8927,6,33310,9129,4,32408,9014,16,32350,0,0,33290,9683,6,33301,5148,120,132105,0,0;
14284068900;7385720,44904,1,7606,16334,45,34532,0,0,34452,0,0,132037,8501,27,33311,8927,6,33310,9131,3,32408,9017,16,32350,0,0,33290,9685,6,33301,5148,120,132105,0,0;
14387939800;7385823,44904,1,7601,16333,45,34532,0,0,34452,0,0,132037,8500,27,33311,8922,6,33310,9132,3,32408,9013,15,32350,0,0,33290,9682,7,33301,5148,120,132105,0,0;
14486452800;7385922,44904,1,7606,16334,45,34532,0,0,34452,0,0,132037,8501,27,33311,8927,6,33310,9097,4,32408,9017,15,32350,0,0,33290,9684,7,33301,5148,119,132105,0,0;
14586510400;7386022,44904,1,7604,16334,45,34532,0,0,34452,0,0,132037,8501,28,33311,8928,6,33310,9096,3,32408,9016,15,32350,0,0,33290,9681,7,33301,5148,119,132105,0,0;
14682913900;7386119,44904,1,7606,16334,45,34532,0,0,34452,0,0,132037,8501,27,33311,8923,6,33310,9098,3,32408,9017,15,32350,0,0,33290,9687,7,33301,5148,118,132105,0,0;
14784920600;7386221,44904,1,7605,16333,44,34532,0,0,34452,0,0,132037,8502,28,33311,8924,6,33310,9099,3,32408,9017,15,32350,0,0,33290,9684,7,33301,5148,118,132105,0,0;
14884802300;7386320,44904,1,7602,16332,46,34532,0,0,34452,0,0,132037,8501,28,33311,8927,6,33310,9100,3,32408,9014,15,32350,0,0,33290,9684,6,33301,5147,119,132105,0,0;
14986274200;7386422,44904,1,7607,16335,46,34532,0,0,34452,0,0,132037,8501,28,33311,8926,6,33310,9099,3,32408,9018,15,32350,0,0,33290,9685,6,33301,5148,119,132105,0,0;
15081342500;7386517,44904,1,7602,16332,44,34532,0,0,34452,0,0,132037,8502,27,33311,8923,6,33310,9099,3,32408,9015,15,32350,0,0,33290,9682,6,33301,5148,120,132105,0,0;
15185156100;7386621,44904,1,7600,16332,45,34532,0,0,34452,0,0,132037,8500,27,33311,8927,6,33310,9097,3,32408,9012,15,32350,0,0,33290,9683,6,33301,5148,120,132105,0,0;
15285244100;7386721,44904,1,7603,16335,46,34532,0,0,34452,0,0,132037,8499,27,33311,8925,6,33310,9098,3,32408,9014,15,32350,0,0,33290,9684,6,33301,5148,120,132105,0,0;
15386827100;7386823,44904,1,7604,16334,45,34532,0,0,34452,0,0,132037,8501,27,33311,8925,6,33310,0,0,32408,9016,15,32350,0,0,33290,9684,5,33301,5148,119,132105,0,0;
15486562400;7386922,44904,1,7604,16332,44,34532,0,0,34452,0,0,132037,8502,27,33311,8924,6,33310,9099,3,32408,9016,15,32350,0,0,33290,9683,5,33301,5148,119,132105,0,0;
15582594600;7387018,44904,1,7603,16335,46,34532,0,0,34452,0,0,132037,8499,27,33311,8925,6,33310,9129,3,32408,9014,15,32350,0,0,33290,9685,5,33301,5148,119,132105,0,0;
15684439900;7387121,44904,1,7604,16334,44,34532,0,0,34452,0,0,132037,8501,27,33311,8928,6,33310,9099,3,32408,9016,15,32350,0,0,33290,9682,5,33301,5149,120,132105,0,0;
15784382900;7387221,44904,1,7601,16333,45,34532,0,0,34452,0,0,132037,8500,27,33311,8928,6,33310,9098,3,32408,9013,15,32350,0,0,33290,9683,5,33301,5148,120,132105,0,0;
15887424500;7387323,44904,1,7604,16334,45,34532,0,0,34452,0,0,132037,8501,27,33311,8927,6,33310,9098,3,32408,9016,15,32350,0,0,33290,9685,5,33301,5148,120,132105,0,0;
15982247900;7387418,44904,1,7602,16333,45,34532,0,0,34452,0,0,132037,8500,27,33311,8925,6,33310,0,0,32408,9014,15,32350,0,0,33290,9682,5,33301,5148,120,132105,0,0;
16085035800;7387521,44904,1,7602,16333,45,34532,0,0,34452,0,0,132037,8500,28,33311,8927,6,33310,9101,3,32408,9014,16,32350,0,0,33290,9684,5,33301,5148,119,132105,0,0;
16185929500;7387621,44904,1,7602,16334,46,34532,0,0,34452,0,0,132037,8499,27,33311,8925,6,33310,9099,3,32408,9013,15,32350,0,0,33290,9685,5,33301,5148,117,132105,0,0;
16286176800;7387722,44904,1,7603,16333,46,34532,0,0,34452,0,0,132037,8501,27,33311,8927,6,33310,9099,3,32408,9015,16,32350,0,0,33290,9681,5,33301,5147,117,132105,0,0;
16381697100;7387817,44904,1,7606,16337,48,34532,0,0,34452,0,0,132037,8498,26,33311,8926,5,33310,9102,2,32408,9016,16,32350,0,0,33290,9682,5,33301,5148,116,132105,0,0;
16485137800;7387921,44904,1,7602,16332,45,34532,0,0,34452,0,0,132037,8501,27,33311,8926,6,33310,9103,2,32408,9014,16,32350,0,0,33290,9686,5,33301,5148,117,132105,0,0;
16581080200;7388017,44904,1,7606,16334,45,34532,0,0,34452,0,0,132037,8501,26,33311,8928,5,33310,9101,2,32408,9017,16,32350,0,0,33290,9682,5,33301,5148,117,132105,0,0;
16684010600;7388120,44904,1,7602,16332,45,34532,0,0,34452,0,0,132037,8501,27,33311,8927,5,33310,9101,3,32408,9014,16,32350,0,0,33290,9684,5,33301,5148,120,132105,0,0;
16787950000;7388224,44904,1,7600,16333,46,34532,0,0,34452,0,0,132037,8499,27,33311,8924,5,33310,9102,3,32408,9012,16,32350,0,0,33290,9683,5,33301,5148,123,132105,0,0;
16885521000;7388321,44904,1,7603,16333,45,34532,0,0,34452,0,0,132037,8501,27,33311,8928,5,33310,9100,3,32408,9015,16,32350,0,0,33290,9686,6,33301,5148,122,132105,0,0;
16986845700;7388423,44904,1,7600,16332,44,34532,0,0,34452,0,0,132037,8501,27,33311,8926,5,33310,9100,2,32408,9013,16,32350,0,0,33290,9684,6,33301,5148,122,132105,0,0;
17081742600;7388518,44904,1,7602,16332,45,34532,0,0,34452,0,0,132037,8501,27,33311,8892,5,33310,9101,2,32408,9014,16,32350,0,0,33290,9684,6,33301,5148,121,132105,0,0;
17183646800;7388621,44904,1,7600,16332,44,34532,0,0,34452,0,0,132037,8501,27,33311,8927,5,33310,9099,2,32408,9013,16,32350,0,0,33290,9686,6,33301,5148,121,132105,0,0;
17283940200;7388721,44904,1,7601,16331,44,34532,0,0,34452,0,0,132037,8502,27,33311,8892,5,33310,9101,2,32408,9014,16,32350,0,0,33290,9683,6,33301,5148,120,132105,0,0;
17385214900;7388822,44904,1,7603,16334,45,34532,0,0,34452,0,0,132037,8500,27,33311,8925,5,33310,9101,2,32408,9015,16,32350,0,0,33290,9684,6,33301,5149,121,132105,0,0;
17482212900;7388919,44904,1,7606,16334,45,34532,0,0,34452,0,0,132037,8501,26,33311,8924,5,33310,9102,2,32408,9017,16,32350,0,0,33290,9680,6,33301,5148,119,132105,0,0;
17580683200;7389017,44904,1,7605,16335,46,34532,0,0,34452,0,0,132037,8500,26,33311,8927,5,33310,9101,2,32408,9016,16,32350,0,0,33290,9680,6,33301,5148,117,132105,0,0;
17681800000;7389118,44904,1,7606,16334,45,34532,0,0,34452,0,0,132037,8501,26,33311,8928,6,33310,9102,3,32408,9017,16,32350,0,0,33290,9686,6,33301,5148,116,132105,0,0;
17782060300;7389219,44904,1,7609,16338,48,34532,0,0,34452,0,0,132037,8498,26,33311,8926,5,33310,9099,2,32408,9018,16,32350,0,0,33290,9683,6,33301,5148,116,132105,0,0;
17883748200;7389320,44904,1,7603,16333,44,34532,0,0,34452,0,0,132037,8501,27,33311,8892,6,33310,9100,2,32408,9015,16,32350,0,0,33290,9687,6,33301,5149,117,132105,0,0;
17985070000;7389421,44904,1,7605,16336,48,34532,0,0,34452,0,0,132037,8498,27,33311,8925,6,33310,9100,2,32408,9015,16,32350,0,0,33290,9683,6,33301,5148,116,132105,0,0;
18085321600;7389522,44904,1,7606,16336,47,34532,0,0,34452,0,0,132037,8499,28,33311,8924,6,33310,9100,3,32408,9016,16,32350,0,0,33290,9684,6,33301,5148,116,132105,0,0;
18185728800;7389622,44904,1,7602,16333,45,34532,0,0,34452,0,0,132037,8500,27,33311,8927,6,33310,9100,3,32408,9014,16,32350,0,0,33290,9680,6,33301,5148,117,132105,0,0;
18281959300;7389718,44904,1,7606,16336,47,34532,0,0,34452,0,0,132037,8499,27,33311,8927,6,33310,9100,3,32408,9016,16,32350,0,0,33290,9688,5,33301,5148,118,132105,0,0;
18383636000;7389820,44904,1,7600,16332,45,34532,0,0,34452,0,0,132037,8500,28,33311,8924,6,33310,9101,3,32408,9012,16,32350,0,0,33290,9682,6,33301,5148,118,132105,0,0;
18485765200;7389922,44904,1,7603,16333,44,34532,0,0,34452,0,0,132037,8501,28,33311,8929,6,33310,9099,3,32408,9015,16,32350,0,0,33290,9685,6,33301,5149,120,132105,0,0;
18585460500;7390022,44904,1,7604,16334,46,34532,0,0,34452,0,0,132037,8500,28,33311,8925,6,33310,9098,3,32408,9015,16,32350,0,0,33290,9684,5,33301,5148,119,132105,0,0;
18680789900;7390118,44904,1,7608,16338,48,34532,0,0,34452,0,0,132037,8498,28,33311,8925,6,33310,9098,3,32408,9017,16,32350,0,0,33290,9683,6,33301,5148,120,132105,0,0;
18783844900;7390221,44904,1,7606,16336,45,34532,0,0,34452,0,0,132037,8500,28,33311,8925,6,33310,9130,4,32408,9017,16,32350,0,0,33290,9683,6,33301,5149,122,132105,0,0;
18883400700;7390320,44904,1,7604,16334,46,34532,0,0,34452,0,0,132037,8500,28,33311,8927,5,33310,9096,4,32408,9015,16,32350,0,0,33290,9685,6,33301,5148,123,132105,0,0;
18985076100;7390422,44904,1,7603,16333,44,34532,0,0,34452,0,0,132037,8501,28,33311,8927,5,33310,9129,4,32408,9015,16,32350,0,0,33290,9682,6,33301,5149,122,132105,0,0;
19080601500;7390518,44904,1,7605,16335,46,34532,0,0,34452,0,0,132037,8500,28,33311,8924,5,33310,9096,3,32408,9016,16,32350,0,0,33290,9687,6,33301,5148,120,132105,0,0;
19184665200;7390621,44904,1,7606,16336,47,34532,0,0,34452,0,0,132037,8499,29,33311,8926,5,33310,9095,3,32408,9016,16,32350,0,0,33290,9684,6,33301,5148,119,132105,0,0;
19282475500;7390719,44904,1,7598,16331,45,34532,0,0,34452,0,0,132037,8500,29,33311,8925,5,33310,9098,3,32408,9011,16,32350,0,0,33290,9682,6,33301,5148,118,132105,0,0;
19385637100;7390822,44904,1,7604,16334,46,34532,0,0,34452,0,0,132037,8500,29,33311,8928,5,33310,9099,3,32408,9015,16,32350,0,0,33290,9684,6,33301,5148,117,132105,0,0;
19486399900;7390923,44904,1,7606,16336,47,34532,0,0,34452,0,0,132037,8499,29,33311,8924,6,33310,9099,3,32408,9016,16,32350,0,0,33290,9684,6,33301,5148,116,132105,0,0;
19581693200;7391018,44904,1,7605,16335,44,34532,0,0,34452,0,0,132037,8501,28,33311,8927,5,33310,9099,3,32408,9017,16,32350,0,0,33290,9682,6,33301,5149,116,132105,0,0;
19682456900;7391120,44904,1,7604,16334,44,34532,0,0,34452,0,0,132037,8501,28,33311,8930,5,33310,9100,3,32408,9016,16,32350,0,0,33290,9681,6,33301,5149,117,132105,0,0;
19785509800;7391222,44904,1,7605,16333,46,34532,0,0,34452,0,0,132037,8501,28,33311,8925,5,33310,0,0,32408,9016,16,32350,0,0,33290,9684,6,33301,5147,117,132105,0,0;
19885023800;7391322,44904,1,7605,16335,46,34532,0,0,34452,0,0,132037,8500,28,33311,8893,5,33310,9098,4,32408,9016,16,32350,0,0,33290,9683,6,33301,5148,118,132105,0,0;
19980526300;7391417,44904,1,7603,16335,46,34532,0,0,34452,0,0,132037,8499,28,33311,8894,5,33310,9129,4,32408,9014,15,32350,0,0,33290,9684,6,33301,5148,116,132105,0,0;
20083279600;7391520,44904,1,7607,16337,46,34532,0,0,34452,0,0,132037,8499,28,33311,8929,5,33310,9128,4,32408,9017,16,32350,0,0,33290,9685,6,33301,5149,117,132105,0,0;
20184129300;7391621,44904,1,7606,16336,47,34532,0,0,34452,0,0,132037,8499,28,33311,8892,5,33310,9131,3,32408,9016,16,32350,0,0,33290,9684,6,33301,5148,115,132105,0,0;
20284894900;7391721,44904,1,7602,16333,45,34532,0,0,34452,0,0,132037,8500,29,33311,8926,5,33310,9133,4,32408,9014,16,32350,0,0,33290,9683,6,33301,5148,117,132105,0,0;
20380416900;7391817,44904,1,7604,16334,44,34532,0,0,34452,0,0,132037,8501,29,33311,8893,5,33310,9132,3,32408,9016,16,32350,0,0,33290,9682,6,33301,5149,117,132105,0,0;
20483689800;7391920,44904,1,7604,16334,46,34532,0,0,34452,0,0,132037,8500,29,33311,8891,5,33310,9130,3,32408,9015,16,32350,0,0,33290,9685,7,33301,5148,119,132105,0,0;
20585274900;7392022,44904,1,7607,16335,46,34532,0,0,34452,0,0,132037,8500,28,33311,8926,5,33310,9098,3,32408,9017,16,32350,0,0,33290,9683,6,33301,5148,121,132105,0,0;
20685360500;7392122,44904,1,7602,16332,45,34532,0,0,34452,0,0,132037,8501,28,33311,8925,5,33310,9098,3,32408,9014,16,32350,0,0,33290,9685,6,33301,5148,120,132105,0,0;
20780037100;7392217,44904,1,7604,16336,47,34532,0,0,34452,0,0,132037,8498,28,33311,8894,5,33310,0,0,32408,9014,16,32350,0,0,33290,9684,6,33301,5148,120,132105,0,0;
20884458500;7392321,44904,1,7600,16332,43,34532,0,0,34452,0,0,132037,8501,28,33311,8927,5,33310,0,0,32408,9013,16,32350,0,0,33290,9683,6,33301,5149,121,132105,0,0;
20983359700;7392420,44904,1,7605,16335,44,34532,0,0,34452,0,0,132037,8501,28,33311,8925,5,33310,0,0,32408,9017,16,32350,0,0,33290,9683,6,33301,5149,122,132105,0,0;
21085211900;7392522,44904,1,7603,16333,45,34532,0,0,34452,0,0,132037,8501,28,33311,8930,5,33310,0,0,32408,9015,16,32350,0,0,33290,9681,6,33301,5148,122,132105,0,0;
21180975000;7392617,44904,1,7602,16332,44,34532,0,0,34452,0,0,132037,8502,28,33311,8925,5,33310,0,0,32408,9015,16,32350,0,0,33290,9685,6,33301,5148,119,132105,0,0;
21281892700;7392719,44904,1,7603,16335,46,34532,0,0,34452,0,0,132037,8499,28,33311,8891,6,33310,0,0,32408,9014,16,32350,0,0,33290,9686,6,33301,5148,119,132105,0,0;
21384657900;7392821,44904,1,7603,16333,46,34532,0,0,34452,0,0,132037,8500,27,33311,8925,6,33310,0,0,32408,9014,16,32350,0,0,33290,9684,6,33301,5147,118,132105,0,0;
21485399400;7392922,44904,1,7602,16332,45,34532,0,0,34452,0,0,132037,8501,28,33311,8925,6,33310,0,0,32408,9014,16,32350,0,0,33290,9682,6,33301,5148,121,132105,0,0;
21581430100;7393018,44904,1,7605,16335,46,34532,0,0,34452,0,0,132037,8500,28,33311,8926,6,33310,0,0,32408,9016,16,32350,0,0,33290,9685,6,33301,5148,121,132105,0,0;
21683430400;7393120,44904,1,7602,16334,44,34532,0,0,34452,0,0,132037,8500,28,33311,8927,6,33310,0,0,32408,9014,16,32350,0,0,33290,9684,6,33301,5149,120,132105,0,0;
21784311700;7393221,44904,1,7600,16332,45,34532,0,0,34452,0,0,132037,8500,28,33311,8927,5,33310,0,0,32408,9012,16,32350,0,0,33290,9685,6,33301,5148,118,132105,0,0;
21885446200;7393322,44904,1,7602,16332,45,34532,0,0,34452,0,0,132037,8501,27,33311,8925,5,33310,0,0,32408,9014,16,32350,0,0,33290,9680,6,33301,5148,115,132105,0,0;
21981434200;7393418,44904,1,7605,16335,48,34532,0,0,34452,0,0,132037,8499,27,33311,8925,5,33310,0,0,32408,9015,16,32350,0,0,33290,9686,6,33301,5147,114,132105,0,0;
22082332700;7393519,44904,1,7602,16333,45,34532,0,0,34452,0,0,132037,8500,27,33311,8890,5,33310,0,0,32408,9014,16,32350,0,0,33290,9686,6,33301,5148,114,132105,0,0;
22185004600;7393621,44904,1,7603,16333,45,34532,0,0,34452,0,0,132037,8501,28,33311,8928,5,33310,0,0,32408,9015,16,32350,0,0,33290,9681,6,33301,5148,114,132105,0,0;
22283819800;7393721,44904,1,7603,16335,46,34532,0,0,34452,0,0,132037,8499,27,33311,8927,5,33310,0,0,32408,9014,16,32350,0,0,33290,9682,6,33301,5148,114,132105,0,0;
22385549600;7393823,44904,1,7604,16334,46,34532,0,0,34452,0,0,132037,8500,27,33311,8925,5,33310,0,0,32408,9015,16,32350,0,0,33290,9684,6,33301,5148,113,132105,0,0;
22480723300;7393918,44904,1,7601,16333,45,34532,0,0,34452,0,0,132037,8500,27,33311,8925,5,33310,0,0,32408,9013,16,32350,0,0,33290,9683,6,33301,5148,113,132105,0,0;
22584491300;7394021,44904,1,7604,16335,47,34532,0,0,34452,0,0,132037,8499,27,33311,8926,6,33310,0,0,32408,9015,16,32350,0,0,33290,9680,6,33301,5148,113,132105,0,0;
22681890000;7394120,44904,1,7604,16334,46,34532,0,0,34452,0,0,132037,8500,27,33311,8927,6,33310,0,0,32408,9015,16,32350,0,0,33290,9684,6,33301,5148,113,132105,0,0;
22784691900;7394222,44904,1,7602,16332,45,34532,0,0,34452,0,0,132037,8501,27,33311,8924,5,33310,0,0,32408,9014,16,32350,0,0,33290,9686,6,33301,5148,114,132105,0,0;
22885211500;7394322,44904,1,7603,16333,45,34532,0,0,34452,0,0,132037,8501,27,33311,8925,5,33310,0,0,32408,9015,16,32350,0,0,33290,9685,6,33301,5148,114,132105,0,0;
22980147500;7394417,44904,1,7607,16335,46,34532,0,0,34452,0,0,132037,8500,26,33311,8924,5,33310,0,0,32408,9017,16,32350,0,0,33290,9682,6,33301,5148,114,132105,0,0;
23082443300;7394519,44904,1,7604,16334,46,34532,0,0,34452,0,0,132037,8500,27,33311,8924,5,33310,0,0,32408,9015,16,32350,0,0,33290,9686,6,33301,5148,115,132105,0,0;
23184983600;7394622,44904,1,7606,16336,45,34532,0,0,34452,0,0,132037,8500,27,33311,8923,5,33310,0,0,32408,9017,16,32350,0,0,33290,9681,7,33301,5149,115,132105,0,0;
23283617500;7394721,44904,1,7600,16332,44,34532,0,0,34452,0,0,132037,8501,27,33311,8925,5,33310,0,0,32408,9013,16,32350,0,0,33290,9684,7,33301,5148,115,132105,0,0;
23380051500;7394817,44904,1,7607,16335,46,34532,0,0,34452,0,0,132037,8501,27,33311,8927,6,33310,0,0,32408,9018,16,32350,0,0,33290,9683,7,33301,5148,115,132105,0,0;
23488236300;7394925,44904,1,7603,16333,45,34532,0,0,34452,0,0,132037,8501,26,33311,8926,6,33310,0,0,32408,9015,16,32350,0,0,33290,9685,7,33301,5148,114,132105,0,0;
23580866600;7395017,44904,1,7603,16333,43,34532,0,0,34452,0,0,132037,8502,27,33311,8924,6,33310,0,0,32408,9016,16,32350,0,0,33290,9686,7,33301,5149,116,132105,0,0;
23685049900;7395122,44904,1,7602,16332,45,34532,0,0,34452,0,0,132037,8501,26,33311,8926,6,33310,0,0,32408,9014,16,32350,0,0,33290,9684,7,33301,5148,116,132105,0,0;
23779760700;7395217,44904,1,7603,16333,45,34532,0,0,34452,0,0,132037,8501,26,33311,8923,6,33310,0,0,32408,9015,16,32350,0,0,33290,9684,6,33301,5148,116,132105,0,0;
23885042600;7395322,44904,1,7608,16339,48,34532,0,0,34452,0,0,132037,8497,26,33311,8926,6,33310,0,0,32408,9017,16,32350,0,0,33290,9682,6,33301,5149,116,132105,0,0;
23980238800;7395417,44904,1,7603,16335,45,34532,0,0,34452,0,0,132037,8499,26,33311,8925,6,33310,0,0,32408,9014,16,32350,0,0,33290,9682,6,33301,5149,116,132105,0,0;
24084931100;7395522,44904,1,7603,16335,46,34532,0,0,34452,0,0,132037,8499,26,33311,8925,6,33310,0,0,32408,9014,16,32350,0,0,33290,9683,6,33301,5148,118,132105,0,0;
24180206300;7395617,44904,1,7607,16335,46,34532,0,0,34452,0,0,132037,8501,26,33311,8925,6,33310,0,0,32408,9018,16,32350,0,0,33290,9685,6,33301,5148,119,132105,0,0;
24279662700;7395717,44904,1,7606,16334,45,34532,0,0,34452,0,0,132037,8501,26,33311,8927,5,33310,0,0,32408,9017,16,32350,0,0,33290,9683,6,33301,5148,118,132105,0,0;
24385714100;7395823,44904,1,7602,16332,44,34532,0,0,34452,0,0,132037,8502,26,33311,8928,6,33310,0,0,32408,9015,16,32350,0,0,33290,9682,6,33301,5148,118,132105,0,0;
24479574000;7395917,44904,1,7602,16332,45,34532,0,0,34452,0,0,132037,8501,26,33311,8927,6,33310,0,0,32408,9014,16,32350,0,0,33290,9684,6,33301,5148,119,132105,0,0;
24585113700;7396022,44904,1,7603,16334,46,34532,0,0,34452,0,0,132037,8500,26,33311,8928,6,33310,0,2,32408,0,0,32350,0,0,33290,9679,6,33301,5148,122,132105,0,0;
24679084100;7396116,44904,1,7604,16332,44,34532,0,0,34452,0,0,132037,8502,26,33311,8927,6,33310,9101,2,32408,9016,16,32350,0,0,33290,9684,6,33301,5148,124,132105,0,0;
24782042000;7396219,44904,1,7608,16336,47,34532,0,0,34452,0,0,132037,8500,27,33311,8927,6,33310,9101,2,32408,9018,16,32350,0,0,33290,9685,6,33301,5148,124,132105,0,0;
24883009100;7396320,44904,1,7604,16335,47,34532,0,0,34452,0,0,132037,8499,27,33311,8927,6,33310,9102,2,32408,9015,17,32350,0,0,33290,9683,7,33301,5148,122,132105,0,0;
24983463400;7396421,44904,1,7607,16335,46,34532,0,0,34452,0,0,132037,8500,27,33311,8926,6,33310,9102,2,32408,9017,17,32350,0,0,33290,9686,7,33301,5148,121,132105,0,0;
25078751700;7396516,44904,1,7605,16335,46,34532,0,0,34452,0,0,132037,8500,26,33311,8927,6,33310,9102,2,32408,9016,17,32350,0,0,33290,9682,7,33301,5148,120,132105,0,0;
25178450800;7396616,44904,1,7606,16336,47,34532,0,0,34452,0,0,132037,8499,26,33311,8926,6,33310,9101,2,32408,9016,17,32350,0,0,33290,9681,6,33301,5148,119,132105,0,0;
25281602900;7396719,44904,1,7600,16332,44,34532,0,0,34452,0,0,132037,8501,27,33311,8924,6,33310,9101,2,32408,9013,17,32350,0,0,33290,0,0,33301,5148,119,132105,0,0;
25382540500;7396820,44904,1,7602,16333,45,34532,0,0,34452,0,0,132037,8500,27,33311,8926,6,33310,9102,2,32408,9014,17,32350,0,0,33290,9684,6,33301,5148,118,132105,0,0;
25483931300;7396921,44904,1,7601,16331,44,34532,0,0,34452,0,0,132037,8502,27,33311,8923,6,33310,9100,2,32408,9014,17,32350,0,0,33290,9682,6,33301,5148,117,132105,0,0;
25584688000;7397022,44904,1,7602,16334,44,34532,0,0,34452,0,0,132037,8500,27,33311,8925,6,33310,9100,3,32408,9014,17,32350,0,0,33290,9683,6,33301,5149,117,132105,0,0;
25680322100;7397118,44904,1,7604,16335,47,34532,0,0,34452,0,0,132037,8499,27,33311,8923,6,33310,9101,3,32408,9015,17,32350,0,0,33290,9682,6,33301,5148,116,132105,0,0;
25782142700;7397219,44904,1,7602,16333,45,34532,0,0,34452,0,0,132037,8500,27,33311,8926,6,33310,9101,3,32408,9014,17,32350,0,0,33290,9682,6,33301,5148,116,132105,0,0;
25882739400;7397320,44904,1,7600,16332,45,34532,0,0,34452,0,0,132037,8500,27,33311,8921,6,33310,9101,3,32408,9012,17,32350,0,0,33290,9683,6,33301,5148,117,132105,0,0;
25984234800;7397422,44904,1,7606,16336,47,34532,0,0,34452,0,0,132037,8499,27,33311,8926,6,33310,9100,3,32408,9016,17,32350,0,0,33290,9686,6,33301,5148,117,132105,0,0;
26084580900;7397522,44904,1,7604,16334,45,34532,0,0,34452,0,0,132037,8501,27,33311,8925,6,33310,9099,3,32408,9016,17,32350,0,0,33290,9685,6,33301,5148,119,132105,0,0;
26180154100;7397617,44904,1,7603,16333,46,34532,0,0,34452,0,0,132037,8501,27,33311,8926,6,33310,9101,2,32408,9015,17,32350,0,0,33290,9682,6,33301,5147,119,132105,0,0;
26283860500;7397721,44904,1,7616,16326,74,34532,0,0,34452,0,0,132037,8500,28,33311,8924,6,33310,9100,2,32408,9016,17,32350,0,0,33290,9686,6,33301,0,0,132105,0,0;
26382668200;7397820,44904,1,7602,16332,44,34532,0,0,34452,0,0,132037,8502,27,33311,8925,6,33310,9100,3,32408,9015,17,32350,0,0,33290,9682,6,33301,5148,120,132105,0,0;
26484359200;7397921,44904,1,7602,16333,45,34532,0,0,34452,0,0,132037,8500,27,33311,8926,6,33310,9100,2,32408,9014,17,32350,0,0,33290,9681,6,33301,5148,119,132105,0,0;
26580284900;7398017,44904,1,7607,16337,47,34532,0,0,34452,0,0,132037,8499,27,33311,8925,6,33310,9100,2,32408,9017,17,32350,0,0,33290,9685,6,33301,5148,118,132105,0,0;
26681666600;7398119,44904,1,7604,16334,45,34532,0,0,34452,0,0,132037,8501,27,33311,8925,6,33310,9102,2,32408,9016,16,32350,0,0,33290,9684,6,33301,5148,117,132105,0,0;
26783012800;7398221,44904,1,7603,16333,45,34532,0,0,34452,0,0,132037,8501,27,33311,8924,6,33310,9100,2,32408,9015,17,32350,0,0,33290,9684,6,33301,5148,118,132105,0,0;
26883994000;7398321,44904,1,7605,16335,46,34532,0,0,34452,0,0,132037,8500,27,33311,8926,6,33310,9100,2,32408,9016,17,32350,0,0,33290,9685,6,33301,5148,118,132105,0,0;
26978898400;7398417,44904,1,7600,16330,43,34532,0,0,34452,0,0,132037,8503,27,33311,8923,6,33310,9100,2,32408,9014,16,32350,0,0,33290,9686,6,33301,5148,119,132105,0,0;
27082713500;7398520,44904,1,7600,16332,44,34532,0,0,34452,0,0,132037,8501,27,33311,8925,6,33310,9100,2,32408,9013,16,32350,0,0,33290,9682,6,33301,5148,119,132105,0,0;
27183990800;7398621,44904,1,7601,16331,44,34532,0,0,34452,0,0,132037,8502,27,33311,8923,6,33310,9101,3,32408,9014,16,32350,0,0,33290,9682,6,33301,5148,119,132105,0,0;
27283893700;7398721,44904,1,7606,16334,45,34532,0,0,34452,0,0,132037,8501,27,33311,8925,6,33310,9099,2,32408,9017,16,32350,0,0,33290,9686,6,33301,5148,119,132105,0,0;
27384473700;7398822,44904,1,7604,16334,45,34532,0,0,34452,0,0,132037,8501,27,33311,8925,6,33310,9103,2,32408,9016,16,32350,0,0,33290,0,0,33301,5148,120,132105,0,0;
27480323700;7398918,44904,1,7603,16335,46,34532,0,0,34452,0,0,132037,8499,27,33311,8924,6,33310,9099,3,32408,9014,16,32350,0,0,33290,9684,6,33301,5148,120,132105,0,0;
27581898100;7399020,44904,1,7606,16336,45,34532,0,0,34452,0,0,132037,8500,27,33311,8924,6,33310,9101,3,32408,9017,16,32350,0,0,33290,9679,6,33301,5149,120,132105,0,0;
27682273200;7399120,44904,1,7606,16334,45,34532,0,0,34452,0,0,132037,8501,27,33311,8925,6,33310,9133,3,32408,9017,16,32350,0,0,33290,9682,6,33301,5148,120,132105,0,0;
27783874800;7399221,44904,1,7607,16335,46,34532,0,0,34452,0,0,132037,8501,27,33311,8926,6,33310,9099,3,32408,9018,16,32350,0,0,33290,9686,6,33301,5148,119,132105,0,0;
27881795100;7399319,44904,1,7603,16335,46,34532,0,0,34452,0,0,132037,8499,27,33311,8926,6,33310,9100,3,32408,9014,16,32350,0,0,33290,9682,6,33301,5148,118,132105,0,0;
27982703200;7399421,44904,1,7608,16336,48,34532,0,0,34452,0,0,132037,8499,27,33311,8925,6,33310,9100,3,32408,9017,16,32350,0,0,33290,9681,6,33301,5147,116,132105,0,0;
28083070400;7399521,44904,1,7602,16333,45,34532,0,0,34452,0,0,132037,8500,27,33311,8925,6,33310,9101,3,32408,9014,16,32350,0,0,33290,9684,6,33301,5148,116,132105,0,0;
28182528400;7399620,44904,1,7602,16334,47,34532,0,0,34452,0,0,132037,8499,27,33311,8927,6,33310,9098,3,32408,9013,16,32350,0,0,33290,9683,6,33301,5147,117,132105,0,0;
28284754900;7399722,44904,1,7602,16332,45,34532,0,0,34452,0,0,132037,8501,27,33311,8927,6,33310,9099,3,32408,9014,16,32350,0,0,33290,9684,6,33301,5148,118,132105,0,0;
28380072500;7399817,44904,1,7607,16335,46,34532,0,0,34452,0,0,132037,8500,27,33311,8928,6,33310,9100,3,32408,9017,16,32350,0,0,33290,9681,6,33301,5148,116,132105,0,0;
28482035700;7399919,44904,1,7605,16335,46,34532,0,0,34452,0,0,132037,8500,27,33311,8924,6,33310,9100,3,32408,9016,16,32350,0,0,33290,9687,6,33301,5148,118,132105,0,0;
28584103600;7400022,44904,1,7601,16331,44,34532,0,0,34452,0,0,132037,8502,27,33311,8926,6,33310,9099,3,32408,9014,16,32350,0,0,33290,9681,6,33301,5148,117,132105,0,0;
28682711900;7400120,44904,1,7603,16333,45,34532,0,0,34452,0,0,132037,8501,28,33311,8925,6,33310,9099,3,32408,9015,16,32350,0,0,33290,9684,6,33301,5148,117,132105,0,0;
28784110200;7400222,44904,1,7606,16334,47,34532,0,0,34452,0,0,132037,8500,28,33311,8925,6,33310,9099,3,32408,9016,16,32350,0,0,33290,9685,6,33301,5147,116,132105,0,0;
28879349500;7400317,44904,1,7603,16333,46,34532,0,0,34452,0,0,132037,8500,28,33311,8924,6,33310,9099,3,32408,9014,17,32350,0,0,33290,9682,6,33301,5147,118,132105,0,0;
28980898000;7400419,44904,1,7606,16336,48,34532,1042,0,34452,0,0,132037,8499,28,33311,8925,6,33310,9100,3,32408,9016,16,32350,0,0,33290,9682,6,33301,5147,118,132105,0,0;
29082452500;7400520,44904,1,7603,16333,45,34532,1015,0,34452,0,0,132037,8501,28,33311,8925,6,33310,9100,3,32408,9015,17,32350,0,0,33290,9681,6,33301,5148,119,132105,0,0;
29183657200;7400621,44904,1,7603,16335,46,34532,1033,0,34452,0,0,132037,8499,28,33311,8925,6,33310,9098,3,32408,9014,16,32350,0,0,33290,9686,6,33301,5148,119,132105,0,0;
29283987500;7400722,44904,1,7605,16333,47,34532,0,0,34452,0,0,132037,8501,28,33311,8928,6,33310,9101,3,32408,9016,16,32350,0,0,33290,9684,6,33301,5146,118,132105,0,0;
29378516200;7400817,44904,1,7602,16332,46,34532,0,0,34452,0,0,132037,8501,28,33311,8921,6,33310,9100,3,32408,9014,16,32350,0,0,33290,9685,6,33301,5147,118,132105,0,0;
29481622200;7400919,44904,1,7603,16333,46,34532,0,0,34452,0,0,132037,8500,28,33311,8925,6,33310,9099,3,32408,9014,16,32350,0,0,33290,9684,6,33301,5147,120,132105,0,0;
29582280000;7401020,44904,1,7607,16334,45,34532,0,0,34452,0,0,132037,8502,28,33311,8928,6,33310,9099,3,32408,9018,16,32350,0,0,33290,9683,6,33301,5148,122,132105,0,0;
29683782400;7401122,44904,1,7606,16334,47,34532,0,0,34452,0,0,132037,8500,27,33311,8929,6,33310,9100,3,32408,9016,16,32350,0,0,33290,9683,6,33301,5147,124,132105,0,0;
29783994600;7401222,44904,1,7607,16335,47,34532,0,0,34452,0,0,132037,8500,28,33311,8923,6,33310,9097,3,32408,9017,16,32350,0,0,33290,9680,6,33301,5147,123,132105,0,0;
29879195100;7401318,44904,1,7605,16335,48,34532,0,0,34452,0,0,132037,8499,28,33311,8926,6,33310,9098,3,32408,9015,16,32350,0,0,33290,9684,6,33301,5147,124,132105,0,0;
29982140300;7401420,44904,1,7609,16337,47,34532,0,0,34452,0,0,132037,8500,28,33311,8924,6,33310,9131,3,32408,9019,16,32350,0,0,33290,9686,6,33301,5148,125,132105,0,0;
30082427800;7401520,44904,1,7602,16333,45,34532,0,0,34452,0,0,132037,8500,28,33311,8924,6,33310,9096,3,32408,9014,16,32350,0,0,33290,9683,6,33301,5148,125,132105,0,0;
30183714600;7401621,44904,1,7604,16334,46,34532,0,0,34452,0,0,132037,8500,28,33311,8927,6,33310,9096,3,32408,9015,16,32350,0,0,33290,9682,6,33301,5148,125,132105,0,0;
30278171500;7401716,44904,1,7602,16332,45,34532,0,0,34452,0,0,132037,8501,27,33311,8925,6,33310,9098,3,32408,9014,16,32350,0,0,33290,9685,6,33301,5148,124,132105,0,0;
30380337600;7401818,44904,1,7604,16334,46,34532,0,0,34452,0,0,132037,8500,27,33311,8926,6,33310,9131,3,32408,9015,16,32350,0,0,33290,9686,6,33301,5148,125,132105,0,0;
30482149600;7401920,44904,1,7608,16335,47,34532,0,0,34452,0,0,132037,8501,27,33311,8926,6,33310,9098,3,32408,9018,16,32350,0,0,33290,9682,6,33301,5147,124,132105,0,0;
30583271900;7402021,44904,1,7603,16333,45,34532,0,0,34452,0,0,132037,8501,27,33311,8927,6,33310,9098,3,32408,9015,16,32350,0,0,33290,9687,6,33301,5148,125,132105,0,0;
30683482700;7402121,44904,1,7602,16333,45,34532,0,0,34452,0,0,132037,8500,27,33311,8928,6,33310,9096,3,32408,9014,16,32350,0,0,33290,9682,6,33301,5148,123,132105,0,0;
30778716800;7402217,44904,1,7599,16332,44,34532,1031,0,34452,0,0,132037,8500,27,33311,8928,6,33310,9098,3,32408,9012,16,32350,0,0,33290,9687,6,33301,5149,123,132105,0,0;
30881201400;7402319,44904,1,7600,16330,43,34532,1028,0,34452,0,0,132037,8502,27,33311,8925,6,33310,9099,3,32408,9013,16,32350,0,0,33290,9683,6,33301,5148,122,132105,0,0;
