906235200;7636595,44904,1,7508,15807,47,34532,9270,0,34452,0,0,132037,8877,22,33311,8661,10,33310,8654,6,32408,9048,21,32350,0,0,33290,9207,12,33301,4834,143,132105,0,0;
1007781200;7636697,44904,1,7505,15808,48,34532,9267,0,34452,0,0,132037,8875,22,33311,8661,10,33310,8656,6,32408,9045,21,32350,0,0,33290,9206,12,33301,4835,143,132105,0,0;
1103270400;7636792,44904,1,7505,15807,49,34532,9272,0,34452,0,0,132037,8875,22,33311,8662,10,33310,8656,6,32408,9045,21,32350,0,0,33290,9208,12,33301,4834,143,132105,0,0;
1205199900;7636894,44904,1,7507,15809,49,34532,9277,0,34452,0,0,132037,8874,22,33311,8661,10,33310,8654,6,32408,9046,21,32350,0,0,33290,9207,12,33301,4834,143,132105,0,0;
1306082700;7636995,44904,1,7503,15806,45,34532,9274,0,34452,0,0,132037,8877,22,33311,8661,10,33310,8656,6,32408,9045,21,32350,0,0,33290,9207,12,33301,4836,144,132105,0,0;
1406408200;7637095,44904,1,7504,15807,47,34532,9268,0,34452,0,0,132037,8876,22,33311,8659,10,33310,8656,6,32408,9045,21,32350,0,0,33290,9207,12,33301,4835,145,132105,0,0;
1507405900;7637196,44904,1,7506,15808,48,34532,9281,0,34452,0,0,132037,8875,22,33311,8663,10,33310,8658,7,32408,9046,21,32350,0,0,33290,9208,12,33301,4835,147,132105,0,0;
1608387600;7637298,44904,1,7507,15809,49,34532,9275,0,34452,0,0,132037,8874,22,33311,8658,10,33310,8655,7,32408,9046,21,32350,0,0,33290,9207,12,33301,4834,146,132105,0,0;
1704598800;7637393,44904,1,7506,15810,50,34532,9278,0,34452,0,0,132037,8873,22,33311,8660,10,33310,8656,6,32408,9045,21,32350,0,0,33290,9204,12,33301,4834,147,132105,0,0;
1805942200;7637495,44904,1,7503,15809,50,34532,9277,0,34452,0,0,132037,8872,22,33311,8660,10,33310,8657,7,32408,9042,21,32350,0,0,33290,9207,12,33301,4834,147,132105,0,0;
1907413500;7637596,44904,1,7503,15805,46,34532,9277,0,34452,0,0,132037,8877,22,33311,8660,10,33310,8654,7,32408,9045,21,32350,0,0,33290,9206,12,33301,4835,147,132105,0,0;
2008994300;7637698,44904,1,7502,15804,47,34532,9278,0,34452,0,0,132037,8877,22,33311,8661,10,33310,8656,6,32408,9044,21,32350,0,0,33290,9208,12,33301,4834,146,132105,0,0;
2102929500;7637792,44904,1,7506,15808,48,34532,9269,0,34452,0,0,132037,8875,22,33311,8655,11,33310,8655,6,32408,9046,21,32350,0,0,33290,9209,12,33301,4835,148,132105,0,0;
2205618200;7637895,44904,1,7504,15805,47,34532,9272,0,34452,0,0,132037,8877,22,33311,8663,10,33310,8655,6,32408,9045,21,32350,0,0,33290,9206,12,33301,4834,146,132105,0,0;
2305600000;7637995,44904,1,7505,15807,49,34532,9270,0,34452,0,0,132037,8875,22,33311,8657,11,33310,0,0,32408,9045,21,32350,0,0,33290,9206,12,33301,4834,146,132105,0,0;
2408536700;7638098,44904,1,7507,15809,49,34532,9274,0,34452,0,0,132037,8874,22,33311,8659,11,33310,8658,6,32408,9046,21,32350,0,0,33290,9206,12,33301,4834,145,132105,0,0;
2504323800;7638193,44904,1,7506,15809,49,34532,9280,0,34452,0,0,132037,8874,22,33311,8664,11,33310,8656,6,32408,9045,21,32350,0,0,33290,9209,12,33301,4834,145,132105,0,0;
2605212200;7638295,44904,1,7505,15807,47,34532,9275,0,34452,0,0,132037,8876,22,33311,8658,11,33310,8655,6,32408,9046,21,32350,0,0,33290,9207,12,33301,4835,144,132105,0,0;
2705453600;7638395,44904,1,7504,15806,48,34532,9278,0,34452,0,0,132037,8876,22,33311,8661,10,33310,8655,6,32408,9045,21,32350,0,0,33290,9205,12,33301,4834,145,132105,0,0;
2805282200;7638495,44904,1,7504,15805,47,34532,9274,0,34452,0,0,132037,8877,22,33311,8656,10,33310,8656,6,32408,9045,21,32350,0,0,33290,9206,12,33301,4834,145,132105,0,0;
2903164900;7638592,44904,1,7507,15811,50,34532,9273,0,34452,0,0,132037,8872,22,33311,8656,10,33310,8655,6,32408,9045,22,32350,0,0,33290,9210,12,33301,4835,147,132105,0,0;
3004608800;7638694,44904,1,7509,15812,49,34532,9275,0,34452,0,0,132037,8873,22,33311,8661,10,33310,8656,6,32408,9047,22,32350,0,0,33290,9208,12,33301,4835,147,132105,0,0;
3105731000;7638796,44904,1,7504,15807,47,34532,9273,0,34452,0,0,132037,8876,22,33311,8662,10,33310,8654,6,32408,9045,22,32350,0,0,33290,9209,12,33301,4835,148,132105,0,0;
3205968100;7638896,44904,1,7508,15810,49,34532,9279,0,34452,0,0,132037,8874,21,33311,8662,10,33310,8656,6,32408,9047,21,32350,0,0,33290,9207,11,33301,4835,146,132105,0,0;
3303128600;7638992,44904,1,7504,15805,47,34532,9280,0,34452,0,0,132037,8877,22,33311,8662,10,33310,8654,6,32408,9045,21,32350,0,0,33290,9207,11,33301,4834,147,132105,0,0;
3404479700;7639094,44904,1,7506,15808,50,34532,9285,0,34452,0,0,132037,8874,22,33311,8664,10,33310,8654,6,32408,9045,20,32350,0,0,33290,9206,11,33301,4833,146,132105,0,0;
3505230000;7639195,44904,1,7503,15806,47,34532,9284,0,34452,0,0,132037,8876,21,33311,8662,10,33310,8655,6,32408,9044,21,32350,0,0,33290,9206,11,33301,4835,147,132105,0,0;
3605633600;7639296,44904,1,7508,15809,49,34532,9275,0,34452,0,0,132037,8875,22,33311,8658,10,33310,8656,6,32408,9047,21,32350,0,0,33290,9206,11,33301,4834,148,132105,0,0;
3707125800;7639396,44904,1,7505,15806,46,34532,9282,0,34452,0,0,132037,8877,22,33311,8658,10,33310,8657,6,32408,9046,21,32350,0,0,33290,9207,11,33301,4835,148,132105,0,0;
3802527700;7639492,44904,1,7504,15807,47,34532,9281,0,34452,0,0,132037,8876,22,33311,8660,10,33310,8656,7,32408,9045,21,32350,0,0,33290,9207,12,33301,4835,149,132105,0,0;
3904641300;7639594,44904,1,7505,15806,47,34532,9281,0,34452,0,0,132037,8877,22,33311,8658,10,33310,8655,6,32408,9046,21,32350,0,0,33290,9207,12,33301,4834,147,132105,0,0;
4005124300;7639695,44904,1,7507,15809,47,34532,9276,0,34452,0,0,132037,8875,22,33311,8661,10,33310,8656,6,32408,9047,21,32350,0,0,33290,9207,11,33301,4836,149,132105,0,0;
4106822100;7639796,44904,1,7504,15808,49,34532,9277,0,34452,0,0,132037,8874,22,33311,8661,10,33310,8655,6,32408,9044,21,32350,0,0,33290,9208,12,33301,4834,147,132105,0,0;
4207158900;7639897,44904,1,7507,15809,49,34532,9274,0,34452,0,0,132037,8874,21,33311,8657,10,33310,8655,6,32408,9046,21,32350,0,0,33290,9207,11,33301,4834,146,132105,0,0;
4302174300;7639991,44904,1,7505,15807,49,34532,9281,0,34452,0,0,132037,8875,22,33311,8660,10,33310,8658,6,32408,9045,21,32350,0,0,33290,9210,11,33301,4834,146,132105,0,0;
4404015500;7640094,44904,1,7503,15806,47,34532,9284,0,34452,0,0,132037,8876,22,33311,8658,10,33310,8655,6,32408,9044,21,32350,0,0,33290,9206,11,33301,4835,144,132105,0,0;
4507608900;7640197,44904,1,7503,15805,46,34532,9276,0,34452,0,0,132037,8877,22,33311,8662,10,33310,8656,6,32408,9045,21,32350,0,0,33290,9207,11,33301,4835,144,132105,0,0;
4604824700;7640295,44904,1,7504,15806,48,34532,9282,0,34452,0,0,132037,8876,22,33311,8660,10,33310,8655,6,32408,9045,21,32350,0,0,33290,9206,11,33301,4834,143,132105,0,0;
4702126800;7640392,44904,1,7505,15807,47,34532,9274,0,34452,0,0,132037,8876,22,33311,8658,10,33310,8657,6,32408,9046,21,32350,0,0,33290,9210,11,33301,4835,145,132105,0,0;
4806498500;7640496,44904,1,7504,15808,49,34532,9276,0,34452,0,0,132037,8874,22,33311,8663,10,33310,8657,6,32408,9044,21,32350,0,0,33290,9207,11,33301,4834,144,132105,0,0;
4904043300;7640594,44904,1,7506,15808,46,34532,9283,0,34452,0,0,132037,8876,22,33311,8658,10,33310,8656,6,32408,9047,21,32350,0,0,33290,9207,11,33301,4836,145,132105,0,0;
5006330900;7640696,44904,1,7505,15805,48,34532,9274,0,34452,0,0,132037,8877,22,33311,8658,10,33310,0,0,32408,9046,21,32350,0,0,33290,9207,11,33301,4833,144,132105,0,0;
5102063800;7640791,44904,1,7506,15808,48,34532,9281,0,34452,0,0,132037,8875,22,33311,8658,10,33310,8654,6,32408,9046,21,32350,0,0,33290,9207,11,33301,4835,146,132105,0,0;
5204063000;7640894,44904,1,7506,15807,46,34532,9279,0,34452,0,0,132037,8877,22,33311,8662,10,33310,8655,6,32408,9047,21,32350,0,0,33290,9210,11,33301,4835,145,132105,0,0;
5304994000;7640995,44904,1,7501,15805,45,34532,9281,0,34452,0,0,132037,8877,22,33311,8657,10,33310,8656,6,32408,9044,21,32350,0,0,33290,9207,11,33301,4836,146,132105,0,0;
5406548800;7641096,44904,1,7505,15807,47,34532,9281,0,34452,0,0,132037,8876,21,33311,8654,10,33310,8656,6,32408,9046,21,32350,0,0,33290,9206,12,33301,4835,145,132105,0,0;
5502483200;7641192,44904,1,7506,15807,46,34532,9278,0,34452,0,0,132037,8877,22,33311,8661,10,33310,8655,6,32408,9047,21,32350,0,0,33290,9208,12,33301,4835,145,132105,0,0;
5603964400;7641294,44904,1,7504,15806,48,34532,9274,0,34452,0,0,132037,8876,21,33311,8660,10,33310,0,0,32408,9045,21,32350,0,0,33290,9209,12,33301,4834,145,132105,0,0;
5704934600;7641395,44904,1,7506,15806,47,34532,9272,0,34452,0,0,132037,8877,21,33311,8661,10,33310,8653,6,32408,9047,21,32350,0,0,33290,9207,12,33301,4834,146,132105,0,0;
5807800400;7641498,44904,1,7506,15808,48,34532,9276,0,34452,0,0,132037,8875,21,33311,8659,10,33310,8657,6,32408,9046,21,32350,0,0,33290,9209,12,33301,4835,145,132105,0,0;
5900737200;7641591,44904,1,7506,15808,49,34532,9277,0,34452,0,0,132037,8875,21,33311,8658,10,33310,0,0,32408,9046,21,32350,0,0,33290,9206,11,33301,4834,145,132105,0,0;
6004175700;7641694,44904,1,7502,15805,46,34532,9274,0,34452,0,0,132037,8877,22,33311,8658,10,33310,8655,6,32408,9044,21,32350,0,0,33290,9206,12,33301,4835,145,132105,0,0;
6106932700;7641797,44904,1,7506,15808,49,34532,9273,0,34452,0,0,132037,8875,22,33311,8657,10,33310,8656,6,32408,9046,21,32350,0,0,33290,9207,12,33301,4834,146,132105,0,0;
6205278900;7641896,44904,1,7506,15807,48,34532,9270,0,34452,0,0,132037,8876,22,33311,8660,10,33310,8656,6,32408,9046,21,32350,0,0,33290,9206,12,33301,4834,146,132105,0,0;
6300805900;7641991,44904,1,7507,15808,47,34532,9276,0,34452,0,0,132037,8876,22,33311,8663,11,33310,8657,6,32408,9047,21,32350,0,0,33290,9208,12,33301,4835,147,132105,0,0;
6403420600;7642094,44904,1,7505,15808,48,34532,9280,0,34452,0,0,132037,8875,22,33311,8659,10,33310,8656,6,32408,9045,21,32350,0,0,33290,9208,12,33301,4835,147,132105,0,0;
6506452100;7642196,44904,1,7509,15808,47,34532,9271,0,34452,0,0,132037,8877,23,33311,8659,10,33310,8655,6,32408,9049,21,32350,0,0,33290,9206,12,33301,4835,148,132105,0,0;
6604291300;7642294,44904,1,7509,15810,48,34532,9270,0,34452,0,0,132037,8875,22,33311,8662,11,33310,8657,6,32408,9048,21,32350,0,0,33290,9206,12,33301,4835,146,132105,0,0;
6706768800;7642396,44904,1,7509,15808,47,34532,9267,0,34452,0,0,132037,8877,22,33311,8658,11,33310,8655,6,32408,9049,21,32350,0,0,33290,9207,11,33301,4835,147,132105,0,0;
6801329100;7642492,44904,1,7505,15806,47,34532,9280,0,34452,0,0,132037,8877,22,33311,8660,10,33310,8657,6,32408,9046,20,32350,0,0,33290,9208,12,33301,4834,146,132105,0,0;
6905825900;7642596,44904,1,7510,15811,50,34532,9268,0,34452,0,0,132037,8874,22,33311,8657,10,33310,8654,6,32408,9048,21,32350,0,0,33290,9205,12,33301,4834,147,132105,0,0;
7004880700;7642694,44904,1,7509,15810,48,34532,9273,0,34452,0,0,132037,8875,22,33311,8658,11,33310,8656,6,32408,9048,21,32350,0,0,33290,9205,12,33301,4835,148,132105,0,0;
7105387200;7642795,44904,1,7505,15806,47,34532,9268,0,34452,0,0,132037,8877,23,33311,8660,11,33310,8657,6,32408,9046,20,32350,0,0,33290,9208,12,33301,4834,148,132105,0,0;
7200550900;7642891,44904,1,7509,15811,50,34532,9276,0,34452,0,0,132037,8873,23,33311,8666,11,33310,8656,6,32408,9047,20,32350,0,0,33290,9207,12,33301,4834,148,132105,0,0;
7303801000;7642994,44904,1,7507,15807,46,34532,9267,0,34452,0,0,132037,8877,23,33311,8659,10,33310,8656,6,32408,9048,20,32350,0,0,33290,9206,12,33301,4835,148,132105,0,0;
7404487900;7643095,44904,1,7505,15806,46,34532,9276,0,34452,0,0,132037,8877,23,33311,8657,10,33310,8655,7,32408,9046,20,32350,0,0,33290,9207,12,33301,4835,148,132105,0,0;
7504762900;7643195,44904,1,7507,15806,48,34532,9269,0,34452,0,0,132037,8877,22,33311,8658,10,33310,8654,7,32408,9047,20,32350,0,0,33290,9205,12,33301,4833,147,132105,0,0;
7605307500;7643295,44904,1,7506,15808,49,34532,9276,0,34452,0,0,132037,8875,22,33311,8660,10,33310,8656,6,32408,9046,20,32350,0,0,33290,9206,12,33301,4834,149,132105,0,0;
7701504800;7643391,44904,1,7507,15809,49,34532,9271,0,34452,0,0,132037,8874,22,33311,8659,10,33310,8656,6,32408,9046,20,32350,0,0,33290,9206,12,33301,4834,150,132105,0,0;
7804788200;7643495,44904,1,7504,15807,48,34532,9271,0,34452,0,0,132037,8875,22,33311,8656,10,33310,8656,6,32408,9044,20,32350,0,0,33290,9203,12,33301,4834,150,132105,0,0;
7903094100;7643594,44904,1,7507,15809,48,34532,0,0,34452,0,0,132037,8875,22,33311,8660,10,33310,8656,6,32408,9047,20,32350,0,0,33290,9206,12,33301,4835,151,132105,0,0;
8005964100;7643696,44904,1,7504,15808,48,34532,9271,0,34452,0,0,132037,8874,23,33311,8658,10,33310,8656,6,32408,9044,20,32350,0,0,33290,9204,12,33301,4835,151,132105,0,0;
8101842400;7643792,44904,1,7506,15807,48,34532,9279,0,34452,0,0,132037,8876,23,33311,8660,10,33310,8655,6,32408,9046,20,32350,0,0,33290,9207,11,33301,4834,148,132105,0,0;
8202880300;7643893,44904,1,7507,15809,49,34532,9277,0,34452,0,0,132037,8874,23,33311,8659,10,33310,0,0,32408,9046,20,32350,0,0,33290,9207,11,33301,4834,148,132105,0,0;
8304706600;7643995,44904,1,7505,15808,48,34532,9276,0,34452,0,0,132037,8875,23,33311,8658,10,33310,8651,6,32408,9045,20,32350,0,0,33290,9208,11,33301,4835,150,132105,0,0;
8406016100;7644096,44904,1,7506,15808,49,34532,9278,0,34452,0,0,132037,8875,23,33311,8659,10,33310,8655,6,32408,9046,21,32350,0,0,33290,9206,11,33301,4834,150,132105,0,0;
8500646900;7644190,44904,1,7507,15809,48,34532,9280,0,34452,0,0,132037,8875,23,33311,8661,10,33310,8654,6,32408,9047,21,32350,0,0,33290,9202,12,33301,4835,149,132105,0,0;
8604232300;7644294,44904,1,7508,15811,50,34532,9277,0,34452,0,0,132037,8873,23,33311,8659,10,33310,8656,6,32408,9046,21,32350,0,0,33290,9205,12,33301,4834,149,132105,0,0;
8705780200;7644396,44904,1,7508,15809,49,34532,9276,0,34452,0,0,132037,8875,23,33311,8661,10,33310,8658,6,32408,9047,22,32350,0,0,33290,9208,11,33301,4834,148,132105,0,0;
8804411500;7644495,44904,1,7506,15809,49,34532,9282,0,34452,0,0,132037,8874,23,33311,8658,10,33310,8655,6,32408,9045,22,32350,0,0,33290,9206,12,33301,4834,148,132105,0,0;
8900622200;7644591,44904,1,7506,15808,49,34532,9276,0,34452,0,0,132037,8875,23,33311,8661,10,33310,8655,6,32408,9046,22,32350,0,0,33290,9206,12,33301,4834,147,132105,0,0;
9004108400;7644694,44904,1,7504,15807,48,34532,9281,0,34452,0,0,132037,8875,23,33311,8660,10,33310,8656,6,32408,9044,22,32350,0,0,33290,9207,11,33301,4834,147,132105,0,0;
9105467000;7644796,44904,1,7507,15809,49,34532,9281,0,34452,0,0,132037,8874,23,33311,8661,10,33310,8658,6,32408,9046,22,32350,0,0,33290,9209,12,33301,4834,147,132105,0,0;
9205883400;7644896,44904,1,7504,15806,48,34532,9272,0,34452,0,0,132037,8876,23,33311,8659,10,33310,8656,6,32408,9045,22,32350,0,0,33290,9208,12,33301,4834,146,132105,0,0;
9301584200;7644991,44904,1,7502,15806,46,34532,9277,0,34452,0,0,132037,8876,23,33311,8661,10,33310,8654,6,32408,9044,21,32350,0,0,33290,9204,12,33301,4836,146,132105,0,0;
9403965900;7645094,44904,1,7506,15807,48,34532,9276,0,34452,0,0,132037,8876,23,33311,8659,10,33310,8655,6,32408,9046,22,32350,0,0,33290,9210,12,33301,4834,145,132105,0,0;
9503154100;7645194,44904,1,7503,15806,48,34532,9281,0,34452,0,0,132037,8876,23,33311,8662,10,33310,8656,6,32408,9044,22,32350,0,0,33290,9207,12,33301,4834,145,132105,0,0;
9605418800;7645296,44904,1,7507,15809,48,34532,9277,0,34452,0,0,132037,8875,23,33311,8658,10,33310,8654,6,32408,9047,21,32350,0,0,33290,9205,12,33301,4835,146,132105,0,0;
9706227600;7645396,44904,1,7503,15805,46,34532,9273,0,34452,0,0,132037,8877,22,33311,8661,10,33310,8656,6,32408,9045,22,32350,0,0,33290,9205,12,33301,4835,145,132105,0,0;
9801082600;7645491,44904,1,7502,15804,47,34532,9278,0,34452,0,0,132037,8877,22,33311,8660,10,33310,8656,6,32408,9044,21,32350,0,0,33290,9207,12,33301,4834,144,132105,0,0;
9902765700;7645593,44904,1,7506,15807,48,34532,9279,0,34452,0,0,132037,8876,22,33311,8659,10,33310,8655,6,32408,9046,21,32350,0,0,33290,9206,11,33301,4834,143,132105,0,0;
10003312100;7645694,44904,1,7509,15810,50,34532,9276,0,34452,0,0,132037,8874,22,33311,8660,10,33310,8653,6,32408,9047,22,32350,0,0,33290,9208,12,33301,4834,144,132105,0,0;
10104865200;7645795,44904,1,7508,15809,49,34532,9277,0,34452,0,0,132037,8875,22,33311,8660,10,33310,8657,6,32408,9047,21,32350,0,0,33290,9207,11,33301,4834,144,132105,0,0;
10205464000;7645896,44904,1,7508,15809,47,34532,9278,0,34452,0,0,132037,8876,22,33311,8658,10,33310,8654,6,32408,9048,21,32350,0,0,33290,9207,12,33301,4835,143,132105,0,0;
10307323300;7645997,44904,1,7504,15806,48,34532,9276,0,34452,0,0,132037,8876,22,33311,8659,10,33310,8657,6,32408,9045,21,32350,0,0,33290,9210,12,33301,4834,144,132105,0,0;
10401257500;7646092,44904,1,7505,15806,47,34532,9280,0,34452,0,0,132037,8877,22,33311,8662,10,33310,8656,6,32408,9046,21,32350,0,0,33290,9204,11,33301,4834,143,132105,0,0;
10504126200;7646194,44904,1,7506,15807,46,34532,9276,0,34452,0,0,132037,8877,21,33311,8661,10,33310,8657,6,32408,9047,21,32350,0,0,33290,9209,11,33301,4835,144,132105,0,0;
10604735000;7646295,44904,1,7508,15809,47,34532,9285,0,34452,0,0,132037,8876,21,33311,8662,10,33310,8658,6,32408,9048,21,32350,0,0,33290,9207,12,33301,4835,145,132105,0,0;
10699792700;7646391,44904,1,7507,15808,48,34532,9276,0,34452,0,0,132037,8876,21,33311,8661,10,33310,8655,6,32408,9047,21,32350,0,0,33290,9208,12,33301,4834,144,132105,0,0;
10805233400;7646496,44904,1,7506,15806,47,34532,9280,0,34452,0,0,132037,8877,21,33311,8660,10,33310,8657,6,32408,9047,21,32350,0,0,33290,9207,11,33301,4834,142,132105,0,0;
10903217300;7646594,44904,1,7506,15808,46,34532,9279,0,34452,0,0,132037,8876,21,33311,8658,10,33310,8655,6,32408,9047,21,32350,0,0,33290,9207,11,33301,4836,143,132105,0,0;
11004441700;7646695,44904,1,7505,15807,47,34532,9276,0,34452,0,0,132037,8876,22,33311,8660,10,33310,8656,6,32408,9046,21,32350,0,0,33290,9206,11,33301,4835,144,132105,0,0;
11102262000;7646793,44904,1,7507,15809,49,34532,9282,0,34452,0,0,132037,8874,21,33311,8662,10,33310,8655,6,32408,9046,21,32350,0,0,33290,9209,11,33301,4834,144,132105,0,0;
11202298100;7646893,44904,1,7510,15809,48,34532,9281,0,34452,0,0,132037,8876,21,33311,8662,10,33310,8657,6,32408,9049,21,32350,0,0,33290,9205,11,33301,4834,143,132105,0,0;
11303857600;7646995,44904,1,7508,15810,49,34532,9275,0,34452,0,0,132037,8874,22,33311,8656,10,33310,8657,6,32408,9047,21,32350,0,0,33290,9208,11,33301,4835,144,132105,0,0;
11405954500;7647096,44904,1,7506,15807,49,34532,9293,0,34452,0,0,132037,8876,22,33311,8661,10,33310,8658,6,32408,9046,21,32350,0,0,33290,9205,11,33301,4833,144,132105,0,0;
11500424400;7647191,44904,1,7504,15805,45,34532,9290,0,34452,0,0,132037,8878,21,33311,8657,10,33310,8658,6,32408,9046,20,32350,0,0,33290,9204,11,33301,4835,145,132105,0,0;
11603384000;7647294,44904,1,7505,15807,47,34532,9283,0,34452,0,0,132037,8876,21,33311,8655,10,33310,8655,6,32408,9046,20,32350,0,0,33290,9207,11,33301,4835,147,132105,0,0;
11703900800;7647395,44904,1,7506,15808,48,34532,9285,0,34452,0,0,132037,8875,21,33311,8662,11,33310,8655,6,32408,9046,21,32350,0,0,33290,9206,11,33301,4835,147,132105,0,0;
11805674800;7647496,44904,1,7507,15805,48,34532,9276,0,34452,0,0,132037,8878,21,33311,8659,11,33310,8654,6,32408,9048,21,32350,0,0,33290,9209,11,33301,4833,146,132105,0,0;
11900213600;7647591,44904,1,7505,15805,46,34532,9272,0,34452,0,0,132037,8878,21,33311,8659,11,33310,8656,6,32408,9047,21,32350,0,0,33290,9204,11,33301,4835,147,132105,0,0;
12003312700;7647694,44904,1,7505,15809,48,34532,9288,0,34452,0,0,132037,8874,21,33311,8659,11,33310,8656,6,32408,9045,20,32350,0,0,33290,9204,11,33301,4835,145,132105,0,0;
12104037100;7647795,44904,1,7504,15805,44,34532,9284,0,34452,0,0,132037,8878,21,33311,8665,11,33310,8654,6,32408,9046,21,32350,0,0,33290,9207,11,33301,4836,147,132105,0,0;
12204193200;7647894,44904,1,7510,15811,49,34532,9283,0,34452,0,0,132037,8874,21,33311,8661,10,33310,8654,6,32408,9048,20,32350,0,0,33290,9209,11,33301,4835,144,132105,0,0;
12304591800;7647995,44904,1,7502,15804,47,34532,9271,0,34452,0,0,132037,8877,21,33311,8662,10,33310,0,0,32408,9044,20,32350,0,0,33290,9207,12,33301,4834,144,132105,0,0;
12400557300;7648091,44904,1,7506,15807,48,34532,9275,0,34452,0,0,132037,8876,21,33311,8656,10,33310,8655,6,32408,9046,20,32350,0,0,33290,9207,12,33301,4834,144,132105,0,0;
12502469600;7648193,44904,1,7505,15806,47,34532,9278,0,34452,0,0,132037,8877,21,33311,8659,10,33310,8656,6,32408,9046,21,32350,0,0,33290,9206,11,33301,4834,142,132105,0,0;
12602812200;7648294,44904,1,7507,15809,48,34532,9283,0,34452,0,0,132037,8875,21,33311,8661,10,33310,8654,6,32408,9047,21,32350,0,0,33290,9205,11,33301,4835,143,132105,0,0;
12703845700;7648395,44904,1,7507,15807,46,34532,9283,0,34452,0,0,132037,8877,21,33311,8662,10,33310,8656,6,32408,9048,20,32350,0,0,33290,9208,11,33301,4835,143,132105,0,0;
12803504300;7648494,44904,1,7505,15806,46,34532,9276,0,34452,0,0,132037,8877,21,33311,8658,10,33310,8656,6,32408,9046,20,32350,0,0,33290,9206,11,33301,4835,142,132105,0,0;
12903323800;7648594,44904,1,7507,15809,47,34532,9280,0,34452,0,0,132037,8875,21,33311,8657,10,33310,8655,6,32408,9047,20,32350,0,0,33290,9208,11,33301,4836,142,132105,0,0;
13004943400;7648696,44904,1,7509,15809,49,34532,9286,0,34452,0,0,132037,8875,21,33311,8658,10,33310,8657,6,32408,9048,20,32350,0,0,33290,9208,11,33301,4834,141,132105,0,0;
13100780000;7648792,44904,1,7507,15808,48,34532,9278,0,34452,0,0,132037,8876,21,33311,8660,10,33310,8654,6,32408,9047,21,32350,0,0,33290,9208,11,33301,4834,142,132105,0,0;
13203684300;7648894,44904,1,7508,15807,47,34532,9273,0,34452,0,0,132037,8877,22,33311,8658,10,33310,8656,6,32408,9048,21,32350,0,0,33290,9205,12,33301,4834,143,132105,0,0;
13303727100;7648994,44904,1,7508,15809,49,34532,9271,0,34452,0,0,132037,8875,22,33311,8661,10,33310,8655,6,32408,9047,21,32350,0,0,33290,9210,12,33301,4834,144,132105,0,0;
13404513600;7649095,44904,1,7503,15804,48,34532,9272,0,34452,0,0,132037,8877,22,33311,8659,10,33310,8655,6,32408,9044,21,32350,0,0,33290,9205,12,33301,4833,143,132105,0,0;
13503803900;7649195,44904,1,7507,15809,48,34532,9273,0,34452,0,0,132037,8875,22,33311,8660,10,33310,8657,6,32408,9047,21,32350,0,0,33290,9208,12,33301,4835,143,132105,0,0;
13600177300;7649291,44904,1,7507,15809,49,34532,9272,0,34452,0,0,132037,8874,22,33311,8658,10,33310,8653,6,32408,9046,21,32350,0,0,33290,9208,11,33301,4834,143,132105,0,0;
13703623500;7649394,44904,1,7503,15807,47,34532,9283,0,34452,0,0,132037,8875,22,33311,8663,10,33310,8653,6,32408,9044,21,32350,0,0,33290,9207,11,33301,4835,144,132105,0,0;
13802965700;7649494,44904,1,7505,15806,46,34532,9289,0,34452,0,0,132037,8877,22,33311,8660,9,33310,8656,6,32408,9046,21,32350,0,0,33290,9204,11,33301,4835,143,132105,0,0;
13903525700;7649594,44904,1,7505,15809,48,34532,9280,0,34452,0,0,132037,8874,22,33311,8660,10,33310,8656,6,32408,9045,21,32350,0,0,33290,9208,11,33301,4835,144,132105,0,0;
13999874400;7649691,44904,1,7507,15808,48,34532,9287,0,34452,0,0,132037,8876,22,33311,8660,9,33310,8659,6,32408,9047,21,32350,0,0,33290,9208,11,33301,4834,144,132105,0,0;
14103604200;7649794,44904,1,7507,15809,49,34532,9284,0,34452,0,0,132037,8874,22,33311,8657,9,33310,8653,6,32408,9046,21,32350,0,0,33290,9208,11,33301,4834,145,132105,0,0;
14204468200;7649895,44904,1,7504,15805,47,34532,9290,0,34452,0,0,132037,8877,22,33311,8659,9,33310,8657,6,32408,9045,21,32350,0,0,33290,9210,11,33301,4834,144,132105,0,0;
14305105900;7649996,44904,1,7503,15808,48,34532,9285,0,34452,0,0,132037,8874,22,33311,8662,9,33310,8656,6,32408,9043,22,32350,0,0,33290,9208,11,33301,4835,144,132105,0,0;
14399393400;7650091,44904,1,7505,15807,49,34532,9278,0,34452,0,0,132037,8875,22,33311,8660,9,33310,8654,6,32408,9045,22,32350,0,0,33290,9210,11,33301,4834,142,132105,0,0;
14502908000;7650194,44904,1,7506,15808,49,34532,9281,0,34452,0,0,132037,8875,22,33311,8663,9,33310,8651,6,32408,9046,22,32350,0,0,33290,9207,11,33301,4834,143,132105,0,0;
14603850700;7650295,44904,1,7504,15806,48,34532,9285,0,34452,0,0,132037,8876,22,33311,8656,9,33310,8655,6,32408,9045,21,32350,0,0,33290,9207,11,33301,4834,142,132105,0,0;
14704346300;7650396,44904,1,7500,15804,47,34532,9283,0,34452,0,0,132037,8876,22,33311,8660,9,33310,8655,6,32408,9042,22,32350,0,0,33290,9204,11,33301,4834,143,132105,0,0;
14800364100;7650492,44904,1,7505,15806,49,34532,9281,0,34452,0,0,132037,8876,22,33311,8659,9,33310,8655,6,32408,9045,21,32350,0,0,33290,9203,11,33301,4833,142,132105,0,0;
14901571000;7650593,44904,1,7506,15806,47,34532,9274,0,34452,0,0,132037,8877,22,33311,8662,10,33310,8655,6,32408,9047,21,32350,0,0,33290,9204,11,33301,4834,144,132105,0,0;
15003065200;7650694,44904,1,7503,15806,47,34532,9276,0,34452,0,0,132037,8876,22,33311,8655,10,33310,8655,6,32408,9044,21,32350,0,0,33290,9204,11,33301,4835,145,132105,0,0;
15103633800;7650795,44904,1,7506,15809,49,34532,9273,0,34452,0,0,132037,8874,22,33311,8659,9,33310,8655,6,32408,9045,21,32350,0,0,33290,9206,11,33301,4834,146,132105,0,0;
15203330200;7650895,44904,1,7508,15809,49,34532,9274,0,34452,0,0,132037,8875,22,33311,8659,10,33310,8655,6,32408,9047,21,32350,0,0,33290,9206,12,33301,4834,147,132105,0,0;
15299454600;7650991,44904,1,7504,15806,48,34532,9270,0,34452,0,0,132037,8876,22,33311,8662,9,33310,0,0,32408,9045,21,32350,0,0,33290,9207,12,33301,4834,147,132105,0,0;
15402513800;7651093,44904,1,7508,15811,50,34532,9273,0,34452,0,0,132037,8873,22,33311,8659,9,33310,8655,6,32408,9046,21,32350,0,0,33290,9205,12,33301,4834,148,132105,0,0;
15503653000;7651194,44904,1,7510,15809,50,34532,9273,0,34452,0,0,132037,8875,22,33311,8659,9,33310,8656,6,32408,9048,21,32350,0,0,33290,9203,12,33301,4833,147,132105,0,0;
15601164300;7651292,44904,1,7506,15808,49,34532,9277,0,34452,0,0,132037,8875,22,33311,8662,9,33310,8656,6,32408,9046,20,32350,0,0,33290,9205,12,33301,4834,149,132105,0,0;
15701872000;7651394,44904,1,7508,15807,47,34532,9273,0,34452,0,0,132037,8877,22,33311,8660,9,33310,8654,6,32408,9048,20,32350,0,0,33290,9206,11,33301,4834,149,132105,0,0;
15803078100;7651494,44904,1,7503,15804,46,34532,9286,0,34452,0,0,132037,8878,22,33311,8657,9,33310,8655,6,32408,9045,20,32350,0,0,33290,9205,11,33301,4834,147,132105,0,0;
15899977900;7651591,44904,1,7507,15810,48,34532,9284,0,34452,0,0,132037,8874,22,33311,8663,10,33310,8654,6,32408,9046,20,32350,0,0,33290,9208,11,33301,4835,147,132105,0,0;
16001127300;7651693,44904,1,7506,15807,46,34532,9292,0,34452,0,0,132037,8877,23,33311,8658,10,33310,8655,6,32408,9047,20,32350,0,0,33290,9206,11,33301,4835,148,132105,0,0;
16103350800;7651794,44904,1,7507,15809,48,34532,9284,0,34452,0,0,132037,8875,23,33311,8659,10,33310,8657,6,32408,9047,20,32350,0,0,33290,9206,11,33301,4835,147,132105,0,0;
16203413500;7651894,44904,1,7506,15808,48,34532,9287,0,34452,0,0,132037,8875,22,33311,8661,9,33310,8656,6,32408,9046,20,32350,0,0,33290,9206,11,33301,4835,146,132105,0,0;
16298536400;7651990,44904,1,7509,15808,48,34532,9292,0,34452,0,0,132037,8876,22,33311,8663,9,33310,8654,6,32408,9048,20,32350,0,0,33290,9207,11,33301,4834,144,132105,0,0;
16403475200;7652095,44904,1,7507,15806,48,34532,9297,0,34452,0,0,132037,8877,22,33311,8661,9,33310,8656,6,32408,9047,20,32350,0,0,33290,9205,11,33301,4833,143,132105,0,0;
16503635400;7652195,44904,1,7507,15809,49,34532,9284,0,34452,0,0,132037,8874,23,33311,8661,10,33310,8657,6,32408,9046,20,32350,0,0,33290,9207,11,33301,4834,144,132105,0,0;
16604560900;7652295,44904,1,7508,15810,49,34532,9286,0,34452,0,0,132037,8874,23,33311,8658,10,33310,8657,6,32408,9047,21,32350,0,0,33290,9207,11,33301,4835,145,132105,0,0;
16698499200;7652390,44904,1,7510,15810,51,34532,9287,0,34452,0,0,132037,8874,23,33311,8660,10,33310,8656,6,32408,9048,21,32350,0,0,33290,9206,11,33301,4833,144,132105,0,0;
16801510800;7652493,44904,1,7505,15807,49,34532,9299,0,34452,0,0,132037,8875,23,33311,8659,10,33310,8656,6,32408,9045,21,32350,0,0,33290,9206,11,33301,4834,143,132105,0,0;
16902359900;7652594,44904,1,7507,15808,48,34532,9293,0,34452,0,0,132037,8876,23,33311,8664,10,33310,8656,6,32408,9047,21,32350,0,0,33290,9208,11,33301,4834,143,132105,0,0;
17004611700;7652695,44904,1,7507,15807,46,34532,9290,0,34452,0,0,132037,8877,23,33311,8661,10,33310,8657,6,32408,9048,21,32350,0,0,33290,9205,11,33301,4835,142,132105,0,0;
17098746900;7652790,44904,1,7505,15807,49,34532,9291,0,34452,0,0,132037,8875,23,33311,8660,10,33310,8656,6,32408,9045,21,32350,0,0,33290,9204,11,33301,4834,141,132105,0,0;
17201869200;7652893,44904,1,7506,15808,49,34532,9293,0,34452,0,0,132037,8875,23,33311,8657,10,33310,8658,6,32408,9046,20,32350,0,0,33290,9205,11,33301,4834,140,132105,0,0;
17302973500;7652994,44904,1,7504,15808,48,34532,9299,0,34452,0,0,132037,8874,23,33311,8663,10,33310,8655,7,32408,9044,21,32350,0,0,33290,9206,11,33301,4835,140,132105,0,0;
17403384300;7653094,44904,1,7505,15807,47,34532,9294,0,34452,0,0,132037,8876,23,33311,8660,10,33310,8655,6,32408,9046,21,32350,0,0,33290,9203,10,33301,4835,140,132105,0,0;
17497972100;7653190,44904,1,7501,15804,47,34532,9304,0,34452,0,0,132037,8877,23,33311,8662,10,33310,8656,6,32408,9043,21,32350,0,0,33290,9206,10,33301,4834,141,132105,0,0;
17601374000;7653292,44904,1,7503,15807,47,34532,9297,0,34452,0,0,132037,8875,22,33311,8662,10,33310,8657,6,32408,9044,21,32350,0,0,33290,9207,10,33301,4835,142,132105,0,0;
17702550200;7653393,44904,1,7508,15811,48,34532,9289,0,34452,0,0,132037,8874,22,33311,8662,10,33310,8654,6,32408,9047,21,32350,0,0,33290,9207,10,33301,4836,143,132105,0,0;
17803824200;7653495,44904,1,7508,15807,47,34532,9296,0,34452,0,0,132037,8877,22,33311,8659,10,33310,8656,6,32408,9048,21,32350,0,0,33290,9206,11,33301,4834,142,132105,0,0;
17904392300;7653595,44904,1,7506,15808,49,34532,9293,0,34452,0,0,132037,8875,22,33311,8661,10,33310,8655,6,32408,9046,21,32350,0,0,33290,9207,11,33301,4834,143,132105,0,0;
18005734600;7653697,44904,1,7503,15805,49,34532,9307,0,34452,0,0,132037,8876,21,33311,8658,10,33310,8657,6,32408,9044,21,32350,0,0,33290,9205,10,33301,4833,140,132105,0,0;
18100022300;7653791,44904,1,7505,15806,47,34532,9291,0,34452,0,0,132037,8877,22,33311,8659,10,33310,8658,6,32408,9046,22,32350,0,0,33290,9206,11,33301,4834,140,132105,0,0;
18202695500;7653894,44904,1,7506,15808,46,34532,9288,0,34452,0,0,132037,8876,21,33311,8663,10,33310,8657,6,32408,9047,21,32350,0,0,33290,9207,11,33301,4836,140,132105,0,0;
18303196100;7653995,44904,1,7510,15811,50,34532,9299,0,34452,0,0,132037,8874,22,33311,8662,10,33310,8656,6,32408,9048,21,32350,0,0,33290,9205,11,33301,4834,144,132105,0,0;
18403643100;7654095,44904,1,7506,15805,47,34532,9286,0,34452,0,0,132037,8878,22,33311,8661,10,33310,8655,6,32408,9047,21,32350,0,0,33290,9204,11,33301,4834,144,132105,0,0;
18504299900;7654196,44904,1,7504,15806,48,34532,9286,0,34452,0,0,132037,8876,22,33311,8661,10,33310,8656,6,32408,9045,21,32350,0,0,33290,9209,11,33301,4834,142,132105,0,0;
18600241300;7654292,44904,1,7509,15806,47,34532,9294,0,34452,0,0,132037,8878,22,33311,8660,10,33310,8654,6,32408,9049,20,32350,0,0,33290,9205,11,33301,4834,141,132105,0,0;
18702561100;7654394,44904,1,7511,15810,49,34532,9295,0,34452,0,0,132037,8875,22,33311,8665,9,33310,8655,6,32408,9049,20,32350,0,0,33290,9208,11,33301,4834,142,132105,0,0;
18803282100;7654494,44904,1,7507,15808,50,34532,9276,0,34452,0,0,132037,8875,22,33311,8659,10,33310,8657,6,32408,9046,21,32350,0,0,33290,9207,11,33301,4833,144,132105,0,0;
18903193700;7654595,44904,1,7504,15804,46,34532,9287,0,34452,0,0,132037,8878,22,33311,8656,10,33310,8656,6,32408,9046,20,32350,0,0,33290,9205,11,33301,4834,142,132105,0,0;
18999343000;7654691,44904,1,7508,15807,47,34532,9288,0,34452,0,0,132037,8877,22,33311,8659,10,33310,8655,6,32408,9048,20,32350,0,0,33290,9202,11,33301,4834,143,132105,0,0;
19100810000;7654792,44904,1,7509,15806,47,34532,9288,0,34452,0,0,132037,8878,22,33311,8657,10,33310,8656,6,32408,9049,20,32350,0,0,33290,9206,11,33301,4834,141,132105,0,0;
19202501000;7654893,44904,1,7506,15806,47,34532,9288,0,34452,0,0,132037,8877,22,33311,8661,10,33310,8657,6,32408,9047,20,32350,0,0,33290,9204,11,33301,4834,142,132105,0,0;
19303316700;7654995,44904,1,7509,15808,48,34532,9288,0,34452,0,0,132037,8877,22,33311,8664,10,33310,8655,6,32408,9049,20,32350,0,0,33290,9205,11,33301,4834,143,132105,0,0;
19399460000;7655091,44904,1,7508,15809,49,34532,9281,0,34452,0,0,132037,8875,22,33311,8661,10,33310,8655,6,32408,9047,20,32350,0,0,33290,9207,11,33301,4834,143,132105,0,0;
19501258700;7655193,44904,1,7508,15807,47,34532,9290,0,34452,0,0,132037,8877,22,33311,8659,10,33310,8655,6,32408,9048,20,32350,0,0,33290,9205,11,33301,4834,143,132105,0,0;
19602873200;7655294,44904,1,7506,15806,47,34532,9282,0,34452,0,0,132037,8877,22,33311,8660,10,33310,8655,6,32408,9047,20,32350,0,0,33290,9205,11,33301,4834,143,132105,0,0;
19703000200;7655395,44904,1,7509,15808,47,34532,9291,0,34452,0,0,132037,8877,21,33311,8659,10,33310,8656,6,32408,9049,20,32350,0,0,33290,9207,11,33301,4835,145,132105,0,0;
19797756500;7655490,44904,1,7506,15806,47,34532,9288,0,34452,0,0,132037,8877,21,33311,8661,10,33310,8655,6,32408,9047,20,32350,0,0,33290,9209,11,33301,4834,144,132105,0,0;
19901031800;7655593,44904,1,7508,15807,47,34532,9290,0,34452,0,0,132037,8877,21,33311,8663,10,33310,8655,6,32408,9048,20,32350,0,0,33290,9207,11,33301,4834,146,132105,0,0;
20004116500;7655696,44904,1,7505,15806,47,34532,9294,0,34452,0,0,132037,8877,21,33311,8662,9,33310,8656,6,32408,9046,20,32350,0,0,33290,9207,11,33301,4834,148,132105,0,0;
20102339200;7655794,44904,1,7507,15806,46,34532,9292,0,34452,0,0,132037,8878,21,33311,8660,9,33310,8656,6,32408,9048,20,32350,0,0,33290,9205,11,33301,4835,148,132105,0,0;
20198069200;7655890,44904,1,7506,15805,47,34532,9291,0,34452,0,0,132037,8878,21,33311,8661,10,33310,8654,6,32408,9047,20,32350,0,0,33290,9206,11,33301,4834,149,132105,0,0;
20301318700;7655993,44904,1,7509,15808,48,34532,9300,0,34452,0,0,132037,8876,22,33311,8659,10,33310,8656,6,32408,9048,20,32350,0,0,33290,9209,11,33301,4834,149,132105,0,0;
20401111600;7656093,44904,1,7504,15807,47,34532,9283,0,34452,0,0,132037,8876,22,33311,8661,10,33310,8653,6,32408,9045,20,32350,0,0,33290,9207,11,33301,4835,149,132105,0,0;
20502341200;7656194,44904,1,7508,15809,49,34532,9291,0,34452,0,0,132037,8875,22,33311,8660,10,33310,8658,6,32408,9047,20,32350,0,0,33290,9207,11,33301,4834,149,132105,0,0;
20603118500;7656295,44904,1,7509,15808,49,34532,9293,0,34452,0,0,132037,8876,22,33311,8663,10,33310,8656,6,32408,9048,20,32350,0,0,33290,9205,11,33301,4833,149,132105,0,0;
20697731400;7656390,44904,1,7508,15808,50,34532,9296,0,34452,0,0,132037,8875,22,33311,8657,10,33310,8656,6,32408,9047,21,32350,0,0,33290,9206,11,33301,4833,150,132105,0,0;
20800623300;7656492,44904,1,7506,15807,48,34532,9303,0,34452,0,0,132037,8876,22,33311,8663,10,33310,8658,6,32408,9046,21,32350,0,0,33290,9207,11,33301,4834,149,132105,0,0;
20901161900;7656593,44904,1,7508,15808,50,34532,9296,0,34452,0,0,132037,8875,22,33311,8659,10,33310,8654,7,32408,9047,21,32350,0,0,33290,9206,11,33301,4833,147,132105,0,0;
21002038100;7656694,44904,1,7508,15807,47,34532,9293,0,34452,0,0,132037,8877,23,33311,8664,10,33310,8657,6,32408,9048,21,32350,0,0,33290,9203,11,33301,4834,148,132105,0,0;
21102600600;7656795,44904,1,7506,15806,47,34532,9292,0,34452,0,0,132037,8877,23,33311,8658,11,33310,8655,7,32408,9047,21,32350,0,0,33290,9207,11,33301,4834,146,132105,0,0;
21198043900;7656890,44904,1,7507,15807,49,34532,9295,0,34452,0,0,132037,8876,23,33311,8661,11,33310,8656,6,32408,9047,21,32350,0,0,33290,9208,11,33301,4833,146,132105,0,0;
21300026600;7656992,44904,1,7510,15811,50,34532,9290,0,34452,0,0,132037,8874,23,33311,8656,10,33310,8659,6,32408,9048,21,32350,0,0,33290,9210,11,33301,4834,146,132105,0,0;
21402256100;7657094,44904,1,7506,15806,47,34532,9296,0,34452,0,0,132037,8877,22,33311,8659,10,33310,8656,6,32408,9047,20,32350,0,0,33290,9207,11,33301,4834,144,132105,0,0;
21501116100;7657194,44904,1,7509,15808,48,34532,9287,0,34452,0,0,132037,8877,22,33311,8660,10,33310,8657,6,32408,9049,21,32350,0,0,33290,9204,11,33301,4834,145,132105,0,0;
21597337600;7657290,44904,1,7505,15804,46,34532,9293,0,34452,0,0,132037,8879,23,33311,8658,10,33310,8655,6,32408,9047,21,32350,0,0,33290,9205,11,33301,4834,146,132105,0,0;
21701266100;7657393,44904,1,7510,15809,48,34532,9289,0,34452,0,0,132037,8876,23,33311,8661,10,33310,8655,6,32408,9049,21,32350,0,0,33290,9211,11,33301,4834,145,132105,0,0;
21802601200;7657494,44904,1,7510,15807,49,34532,9289,0,34452,0,0,132037,8877,23,33311,8662,10,33310,8656,6,32408,9049,22,32350,0,0,33290,9208,11,33301,4833,146,132105,0,0;
21902712500;7657594,44904,1,7504,15805,48,34532,9291,0,34452,0,0,132037,8877,23,33311,8663,11,33310,8654,6,32408,9045,21,32350,0,0,33290,9206,11,33301,4833,145,132105,0,0;
21997597500;7657690,44904,1,7506,15808,49,34532,9284,0,34452,0,0,132037,8875,23,33311,8663,11,33310,8656,6,32408,9046,21,32350,0,0,33290,9208,11,33301,4834,144,132105,0,0;
22102027100;7657794,44904,1,7509,15808,50,34532,9280,0,34452,0,0,132037,8876,23,33311,8661,10,33310,8657,6,32408,9048,21,32350,0,0,33290,9203,11,33301,4832,145,132105,0,0;
22200772100;7657893,44904,1,7507,15807,49,34532,9276,0,34452,0,0,132037,8876,23,33311,8661,11,33310,8658,6,32408,9047,21,32350,0,0,33290,9208,11,33301,4833,145,132105,0,0;
22302465500;7657994,44904,1,7507,15808,50,34532,9277,0,34452,0,0,132037,8875,23,33311,8661,11,33310,8657,6,32408,9046,21,32350,0,0,33290,9206,11,33301,4833,144,132105,0,0;
22396787700;7658089,44904,1,7509,15808,51,34532,9283,0,34452,0,0,132037,8875,23,33311,8659,11,33310,8658,6,32408,9047,21,32350,0,0,33290,9205,11,33301,4832,145,132105,0,0;
22501723700;7658193,44904,1,7509,15810,50,34532,9287,0,34452,0,0,132037,8874,22,33311,8661,11,33310,8659,6,32408,9047,20,32350,0,0,33290,9207,11,33301,4834,143,132105,0,0;
22600913700;7658293,44904,1,7507,15806,48,34532,9279,0,34452,0,0,132037,8877,23,33311,8664,11,33310,8653,6,32408,9047,20,32350,0,0,33290,9203,11,33301,4833,144,132105,0,0;
22702185000;7658394,44904,1,7507,15808,50,34532,9277,0,34452,0,0,132037,8875,23,33311,8661,11,33310,8658,6,32408,9046,21,32350,0,0,33290,9206,11,33301,4833,144,132105,0,0;
22797512600;7658490,44904,1,7506,15806,47,34532,9278,0,34452,0,0,132037,8877,23,33311,8660,11,33310,8653,6,32408,9047,21,32350,0,0,33290,9205,11,33301,4834,144,132105,0,0;
22900761100;7658593,44904,1,7509,15808,51,34532,9298,0,34452,0,0,132037,8875,23,33311,8658,11,33310,8656,6,32408,9047,20,32350,0,0,33290,9209,11,33301,4832,142,132105,0,0;
23002201300;7658694,44904,1,7509,15809,49,34532,9289,0,34452,0,0,132037,8875,23,33311,8662,11,33310,8658,6,32408,9048,20,32350,0,0,33290,9206,11,33301,4834,143,132105,0,0;
23101396800;7658794,44904,1,7507,15808,48,34532,9293,0,34452,0,0,132037,8876,23,33311,8661,11,33310,8655,6,32408,9047,20,32350,0,0,33290,9205,11,33301,4834,143,132105,0,0;
23197229700;7658890,44904,1,7506,15808,49,34532,9290,0,34452,0,0,132037,8875,22,33311,8659,11,33310,8656,6,32408,9046,19,32350,0,0,33290,9209,11,33301,4834,144,132105,0,0;
23299518600;7658992,44904,1,7511,15810,49,34532,9285,0,34452,0,0,132037,8876,22,33311,8661,11,33310,8656,7,32408,9050,20,32350,0,0,33290,9207,11,33301,4834,145,132105,0,0;
23401740800;7659093,44904,1,7505,15805,46,34532,9292,0,34452,0,0,132037,8878,22,33311,8659,11,33310,8656,7,32408,9047,19,32350,0,0,33290,9206,11,33301,4835,146,132105,0,0;
23501965900;7659194,44904,1,7509,15809,49,34532,9291,0,34452,0,0,132037,8875,22,33311,8659,11,33310,8656,7,32408,9048,20,32350,0,0,33290,9205,11,33301,4834,147,132105,0,0;
23602568900;7659295,44904,1,7508,15807,47,34532,9303,0,34452,0,0,132037,8877,23,33311,8661,11,33310,8656,7,32408,9048,19,32350,0,0,33290,9211,11,33301,4834,146,132105,0,0;
23703666000;7659396,44904,1,7510,15809,48,34532,9302,0,34452,0,0,132037,8876,23,33311,8662,11,33310,8653,7,32408,9049,19,32350,0,0,33290,9205,11,33301,4834,146,132105,0,0;
23798890800;7659491,44904,1,7507,15808,47,34532,9292,0,34452,0,0,132037,8876,23,33311,8657,11,33310,8655,7,32408,9047,20,32350,0,0,33290,9208,11,33301,4835,147,132105,0,0;
23900800800;7659593,44904,1,7511,15810,49,34532,9297,0,34452,0,0,132037,8876,22,33311,8659,11,33310,8655,7,32408,9050,20,32350,0,0,33290,9208,11,33301,4834,147,132105,0,0;
24002460500;7659694,44904,1,7509,15808,48,34532,9292,0,34452,0,0,132037,8876,22,33311,8661,11,33310,8656,7,32408,9048,20,32350,0,0,33290,9207,11,33301,4834,146,132105,0,0;
24098658100;7659791,44904,1,7507,15808,48,34532,9295,0,34452,0,0,132037,8876,22,33311,8659,11,33310,8656,7,32408,9047,20,32350,0,0,33290,9206,11,33301,4834,146,132105,0,0;
24200473900;7659892,44904,1,7504,15804,46,34532,9290,0,34452,0,0,132037,8878,21,33311,8663,11,33310,8656,7,32408,9046,20,32350,0,0,33290,9205,11,33301,4834,145,132105,0,0;
24302327000;7659995,44904,1,7506,15807,48,34532,9285,0,34452,0,0,132037,8876,21,33311,8659,11,33310,8656,6,32408,9046,20,32350,0,0,33290,9206,11,33301,4834,145,132105,0,0;
24400594800;7660093,44904,1,7509,15808,48,34532,9286,0,34452,0,0,132037,8877,21,33311,8663,11,33310,8660,6,32408,9049,19,32350,0,0,33290,9206,11,33301,4834,145,132105,0,0;
24496952900;7660189,44904,1,7507,15808,48,34532,9287,0,34452,0,0,132037,8876,22,33311,8660,11,33310,8656,6,32408,9047,20,32350,0,0,33290,9206,11,33301,4834,146,132105,0,0;
24600415100;7660293,44904,1,7508,15807,47,34532,9292,0,34452,0,0,132037,8877,21,33311,8659,10,33310,8656,6,32408,9048,19,32350,0,0,33290,9208,11,33301,4834,144,132105,0,0;
24699811600;7660393,44904,1,7506,15806,47,34532,9286,0,34452,0,0,132037,8877,21,33311,8659,11,33310,8656,6,32408,9047,20,32350,0,0,33290,9205,11,33301,4834,145,132105,0,0;
24801608800;7660494,44904,1,7506,15806,47,34532,9283,0,34452,0,0,132037,8877,22,33311,8662,10,33310,8657,6,32408,9047,20,32350,0,0,33290,9206,11,33301,4834,146,132105,0,0;
24896833500;7660589,44904,1,7509,15808,48,34532,9282,0,34452,0,0,132037,8876,21,33311,8661,10,33310,8658,6,32408,9048,19,32350,0,0,33290,9205,11,33301,4834,145,132105,0,0;
25000316000;7660693,44904,1,7506,15807,46,34532,9276,0,34452,0,0,132037,8877,21,33311,8660,11,33310,8655,6,32408,9047,19,32350,0,0,33290,9206,12,33301,4835,146,132105,0,0;
25100414000;7660793,44904,1,7504,15805,48,34532,9276,0,34452,0,0,132037,8877,21,33311,8661,11,33310,8656,6,32408,9045,20,32350,0,0,33290,9206,12,33301,4833,145,132105,0,0;
25201928400;7660894,44904,1,7505,15806,47,34532,9281,0,34452,0,0,132037,8877,21,33311,8658,11,33310,8656,6,32408,9046,20,32350,0,0,33290,9205,11,33301,4834,145,132105,0,0;
25296953800;7660989,44904,1,7506,15805,48,34532,9282,0,34452,0,0,132037,8878,21,33311,8661,11,33310,8656,6,32408,9047,20,32350,0,0,33290,9206,12,33301,4833,145,132105,0,0;
25400192800;7661092,44904,1,7508,15807,47,34532,9288,0,34452,0,0,132037,8877,21,33311,8660,11,33310,8656,6,32408,9048,21,32350,0,0,33290,9206,11,33301,4834,145,132105,0,0;
25500091600;7661193,44904,1,7509,15808,48,34532,9278,0,34452,0,0,132037,8877,20,33311,8663,11,33310,8660,6,32408,9049,21,32350,0,0,33290,9205,12,33301,4834,146,132105,0,0;
25604124400;7661295,44904,1,7507,15807,46,34532,9273,0,34452,0,0,132037,8877,21,33311,8660,11,33310,8656,6,32408,9048,21,32350,0,0,33290,9207,12,33301,4835,147,132105,0,0;
25696999600;7661389,44904,1,7512,15811,51,34532,9274,0,34452,0,0,132037,8874,21,33311,8659,11,33310,8655,6,32408,9049,20,32350,0,0,33290,9206,12,33301,4833,145,132105,0,0;
25800292100;7661492,44904,1,7503,15804,46,34532,9270,0,34452,0,0,132037,8878,21,33311,8661,11,33310,8656,6,32408,9045,20,32350,0,0,33290,9205,12,33301,4834,145,132105,0,0;
25900428800;7661593,44904,1,7508,15807,48,34532,9275,0,34452,0,0,132037,8877,21,33311,8660,11,33310,8659,7,32408,9048,20,32350,0,0,33290,9207,12,33301,4833,144,132105,0,0;
26002076400;7661694,44904,1,7510,15809,48,34532,9271,0,34452,0,0,132037,8876,21,33311,8660,11,33310,8655,6,32408,9049,20,32350,0,0,33290,9207,12,33301,4834,144,132105,0,0;
26102323000;7661795,44904,1,7505,15805,46,34532,9281,0,34452,0,0,132037,8878,21,33311,8661,11,33310,8656,6,32408,9047,20,32350,0,0,33290,9207,11,33301,4835,144,132105,0,0;
26198063900;7661890,44904,1,7510,15811,50,34532,9279,0,34452,0,0,132037,8874,20,33311,8661,11,33310,8658,6,32408,9048,20,32350,0,0,33290,9205,11,33301,4834,145,132105,0,0;
26300828900;7661993,44904,1,7508,15809,49,34532,9284,0,34452,0,0,132037,8875,20,33311,8662,11,33310,8656,6,32408,9047,20,32350,0,0,33290,9206,11,33301,4834,144,132105,0,0;
26400798600;7662093,44904,1,7506,15806,47,34532,9277,0,34452,0,0,132037,8877,20,33311,8662,11,33310,8655,6,32408,9047,21,32350,0,0,33290,9205,12,33301,4834,144,132105,0,0;
26500805800;7662193,44904,1,7507,15809,48,34532,9279,0,34452,0,0,132037,8875,20,33311,8660,11,33310,8656,6,32408,9047,21,32350,0,0,33290,9205,11,33301,4835,144,132105,0,0;
26596264000;7662289,44904,1,7503,15803,45,34532,9278,0,34452,0,0,132037,8879,21,33311,8656,11,33310,8656,6,32408,9046,21,32350,0,0,33290,9207,11,33301,4835,145,132105,0,0;
26699483800;7662392,44904,1,7507,15807,46,34532,9287,0,34452,0,0,132037,8877,21,33311,8659,11,33310,8656,6,32408,9048,21,32350,0,0,33290,9205,11,33301,4835,147,132105,0,0;
26799751800;7662492,44904,1,7510,15809,48,34532,9295,0,34452,0,0,132037,8876,21,33311,8662,11,33310,8655,6,32408,9049,21,32350,0,0,33290,9207,11,33301,4834,148,132105,0,0;
26902112100;7662595,44904,1,7510,15809,47,34532,9302,0,34452,0,0,132037,8876,20,33311,8661,11,33310,8657,6,32408,9049,21,32350,0,0,33290,9208,11,33301,4835,146,132105,0,0;
27002139800;7662694,44904,1,7507,15807,46,34532,9284,0,34452,0,0,132037,8877,21,33311,8659,11,33310,8655,6,32408,9048,21,32350,0,0,33290,9205,11,33301,4835,145,132105,0,0;
27097712900;7662790,44904,1,7506,15806,47,34532,9283,0,34452,0,0,132037,8877,21,33311,8663,11,33310,8657,6,32408,9047,21,32350,0,0,33290,9207,11,33301,4834,143,132105,0,0;
27199824800;7662892,44904,1,7508,15809,47,34532,9274,0,34452,0,0,132037,8876,21,33311,8659,11,33310,8655,6,32408,9048,21,32350,0,0,33290,9206,11,33301,4835,143,132105,0,0;
27301762100;7662994,44904,1,7506,15807,45,34532,9277,0,34452,0,0,132037,8877,21,33311,8660,10,33310,8658,6,32408,9047,21,32350,0,0,33290,9204,12,33301,4836,144,132105,0,0;
27399762800;7663093,44904,1,7507,15806,46,34532,9273,0,34452,0,0,132037,8878,21,33311,8658,11,33310,8657,6,32408,9048,21,32350,0,0,33290,9205,12,33301,4835,144,132105,0,0;
27496364500;7663189,44904,1,7510,15811,49,34532,9275,0,34452,0,0,132037,8874,22,33311,8662,11,33310,8656,6,32408,9048,21,32350,0,0,33290,9207,12,33301,4835,144,132105,0,0;
27600557000;7663293,44904,1,7508,15809,47,34532,9272,0,34452,0,0,132037,8876,22,33311,8659,11,33310,0,0,32408,9048,21,32350,0,0,33290,9206,12,33301,4835,143,132105,0,0;
27698638000;7663392,44904,1,7507,15808,48,34532,9274,0,34452,0,0,132037,8876,22,33311,8657,11,33310,8657,6,32408,9047,21,32350,0,0,33290,9207,12,33301,4834,144,132105,0,0;
27800204800;7663494,44904,1,7509,15810,48,34532,9281,0,34452,0,0,132037,8875,22,33311,8662,10,33310,8657,6,32408,9048,21,32350,0,0,33290,9206,11,33301,4835,143,132105,0,0;
27896290700;7663589,44904,1,7509,15808,48,34532,9279,0,34452,0,0,132037,8877,22,33311,8661,10,33310,8655,6,32408,9049,21,32350,0,0,33290,9207,11,33301,4834,143,132105,0,0;
27999535500;7663692,44904,1,7506,15807,48,34532,9288,0,34452,0,0,132037,8876,22,33311,8659,10,33310,8656,6,32408,9046,21,32350,0,0,33290,9208,11,33301,4834,142,132105,0,0;
28100012400;7663793,44904,1,7509,15809,49,34532,9285,0,34452,0,0,132037,8875,22,33311,8656,10,33310,8654,6,32408,9048,21,32350,0,0,33290,9205,11,33301,4834,144,132105,0,0;
28201254900;7663894,44904,1,7510,15810,48,34532,9284,0,34452,0,0,132037,8875,22,33311,8664,10,33310,8655,6,32408,9049,21,32350,0,0,33290,9203,11,33301,4835,145,132105,0,0;
28296513300;7663989,44904,1,7510,15811,50,34532,9285,0,34452,0,0,132037,8874,22,33311,8660,10,33310,8658,6,32408,9048,21,32350,0,0,33290,9205,11,33301,4834,144,132105,0,0;
28399731100;7664092,44904,1,7510,15809,48,34532,9286,0,34452,0,0,132037,8876,22,33311,8656,10,33310,8658,6,32408,9049,21,32350,0,0,33290,9206,11,33301,4834,143,132105,0,0;
28500074900;7664193,44904,1,7504,15805,47,34532,9292,0,34452,0,0,132037,8877,22,33311,8661,11,33310,8656,6,32408,9045,20,32350,0,0,33290,9203,11,33301,4834,143,132105,0,0;
28601344300;7664294,44904,1,7510,15809,48,34532,9286,0,34452,0,0,132037,8876,22,33311,8658,11,33310,8657,6,32408,9049,21,32350,0,0,33290,9203,11,33301,4834,144,132105,0,0;
28696179300;7664389,44904,1,7508,15807,47,34532,9284,0,34452,0,0,132037,8877,22,33311,8660,11,33310,8655,6,32408,9048,19,32350,0,0,33290,9207,11,33301,4834,141,132105,0,0;
28797850400;7664490,44904,1,7510,15809,47,34532,9286,0,34452,0,0,132037,8876,22,33311,8663,11,33310,8658,6,32408,9049,19,32350,0,0,33290,9208,11,33301,4835,143,132105,0,0;
28899166200;7664592,44904,1,7507,15808,48,34532,9288,0,34452,0,0,132037,8876,22,33311,8661,11,33310,8656,6,32408,9047,19,32350,0,0,33290,9203,11,33301,4834,143,132105,0,0;
28999746200;7664693,44904,1,7508,15807,47,34532,9283,0,34452,0,0,132037,8877,22,33311,8660,11,33310,8655,6,32408,9048,19,32350,0,0,33290,9203,11,33301,4834,144,132105,0,0;
29099826800;7664793,44904,1,7506,15806,47,34532,9286,0,34452,0,0,132037,8877,22,33311,8661,10,33310,8657,6,32408,9047,20,32350,0,0,33290,9208,11,33301,4834,143,132105,0,0;
29196857600;7664890,44904,1,7508,15809,49,34532,9293,0,34452,0,0,132037,8875,22,33311,8654,10,33310,8654,6,32408,9047,20,32350,0,0,33290,9207,11,33301,4834,142,132105,0,0;
29299242800;7664992,44904,1,7503,15806,48,34532,9285,0,34452,0,0,132037,8876,22,33311,8659,10,33310,8656,6,32408,9044,20,32350,0,0,33290,9204,11,33301,4834,144,132105,0,0;
29399551500;7665092,44904,1,7505,15807,47,34532,9285,0,34452,0,0,132037,8876,22,33311,8665,10,33310,8655,6,32408,9046,20,32350,0,0,33290,9205,11,33301,4835,144,132105,0,0;
29499298300;7665192,44904,1,7510,15807,49,34532,9281,0,34452,0,0,132037,8877,22,33311,8656,10,33310,8653,6,32408,9049,20,32350,0,0,33290,9209,11,33301,4833,144,132105,0,0;
29595904900;7665289,44904,1,7509,15808,48,34532,9284,0,34452,0,0,132037,8876,22,33311,8662,10,33310,8658,6,32408,9048,20,32350,0,0,33290,9206,11,33301,4834,145,132105,0,0;
29697835800;7665391,44904,1,7510,15811,49,34532,9286,0,34452,0,0,132037,8874,22,33311,8662,10,33310,8658,6,32408,9048,21,32350,0,0,33290,9209,11,33301,4835,145,132105,0,0;
29799274000;7665493,44904,1,7504,15808,48,34532,9295,0,34452,0,0,132037,8874,22,33311,8662,10,33310,8655,6,32408,9044,21,32350,0,0,33290,9206,11,33301,4835,146,132105,0,0;
29899912900;7665593,44904,1,7507,15808,48,34532,9302,0,34452,0,0,132037,8876,22,33311,8660,10,33310,8658,6,32408,9047,21,32350,0,0,33290,9207,11,33301,4834,146,132105,0,0;
29995278900;7665689,44904,1,7504,15805,48,34532,9290,0,34452,0,0,132037,8877,22,33311,8659,11,33310,8656,6,32408,9045,21,32350,0,0,33290,9205,11,33301,4833,144,132105,0,0;
30098551400;7665791,44904,1,7504,15806,48,34532,9291,0,34452,0,0,132037,8876,22,33311,8659,10,33310,8654,6,32408,9045,21,32350,0,0,33290,9207,11,33301,4834,144,132105,0,0;
30198996600;7665892,44904,1,7503,15806,48,34532,9289,0,34452,0,0,132037,8876,22,33311,8663,10,33310,0,0,32408,9044,21,32350,0,0,33290,9206,11,33301,4834,145,132105,0,0;
30300542900;7665994,44904,1,7505,15806,47,34532,9283,0,34452,0,0,132037,8877,22,33311,8658,11,33310,8657,6,32408,9046,21,32350,0,0,33290,9206,11,33301,4834,146,132105,0,0;
30395376600;7666088,44904,1,7507,15808,48,34532,9279,0,34452,0,0,132037,8876,22,33311,8657,10,33310,8655,6,32408,9047,21,32350,0,0,33290,9208,11,33301,4834,144,132105,0,0;
30499417600;7666193,44904,1,7506,15807,48,34532,9282,0,34452,0,0,132037,8876,22,33311,8659,11,33310,8656,6,32408,9046,21,32350,0,0,33290,9207,11,33301,4834,145,132105,0,0;
30600398200;7666294,44904,1,7503,15805,46,34532,9286,0,34452,0,0,132037,8877,22,33311,8661,10,33310,8657,6,32408,9045,21,32350,0,0,33290,9208,12,33301,4835,146,132105,0,0;
30699511600;7666393,44904,1,7503,15804,45,34532,9282,0,34452,0,0,132037,8878,22,33311,8658,11,33310,8658,6,32408,9045,21,32350,0,0,33290,9207,11,33301,4835,146,132105,0,0;
30795435500;7666489,44904,1,7508,15807,47,34532,9289,0,34452,0,0,132037,8877,23,33311,8660,11,33310,8656,6,32408,9048,21,32350,0,0,33290,9205,11,33301,4834,145,132105,0,0;
